n_nodes,influence,obj,nodes
0.94,0.01,0.24518655635931663,"[8455, 8451, 22, 32, 4476, 1907, 1443]"
0.61,0.02,0.37236800390834857,"[4484, 1694, 627, 144, 1420, 233, 36, 590, 4488, 54, 1128, 433, 889, 62, 8457, 190, 1296, 553, 8, 1068, 64, 24, 15, 80, 38, 1461, 906, 8464, 8448, 8467, 172, 614, 202, 1299, 1404, 4471, 1907, 201, 569, 920]"
0.56,0.03,0.3873518110989671,"[1, 15, 529, 51, 1907, 171, 38, 97, 172, 162, 920, 734, 277, 1443, 144, 4496, 8458, 2054, 596, 904, 1231, 24, 569, 951, 86, 36, 4473, 428, 1013, 8446, 1332, 231, 8464, 433, 8, 1872, 49, 283, 4482, 1687, 12, 665, 582, 880, 150]"
0.89,0.01,0.2958124220160411,"[163, 4476, 433, 214, 1369, 62, 252, 8446, 35, 59, 132, 192]"
0.84,0.01,0.29891257871056776,"[4487, 1128, 1687, 881, 155, 132, 24, 1461, 58, 1305, 429, 582, 8460, 428, 665, 402, 138]"
0.78,0.02,0.3436084573609499,"[1092, 881, 582, 569, 8453, 4468, 1414, 67, 1199, 51, 294, 8, 1872, 8462, 1369, 1026, 171, 588, 618, 527, 192, 138, 2454]"
0.71,0.02,0.36259233230310295,"[851, 163, 600, 458, 38, 155, 359, 442, 1098, 2180, 190, 1068, 290, 141, 55, 8457, 8448, 4477, 73, 62, 35, 247, 596, 2, 590, 1697, 4481, 97, 1, 4470]"
0.95,0.0,0.2762689360888885,"[416, 233, 64, 200, 192, 172]"
0.29,0.03,0.4265103442824747,"[978, 4481, 36, 219, 1, 138, 201, 4473, 8450, 141, 806, 906, 824, 8456, 8453, 15, 527, 920, 1443, 946, 4474, 38, 614, 4476, 76, 80, 1326, 64, 1068, 54, 127, 370, 3490, 1324, 1305, 1414, 442, 8462, 1254, 1420, 26, 192, 1199, 8455, 1904, 22, 4472, 162, 1231, 124, 25, 3374, 713, 1299, 1907, 1128, 458, 276, 889, 173, 208, 4478, 318, 2126, 1694, 600, 4470, 277, 2, 4488, 3013, 2180]"
0.03,0.02,0.3370994589558818,"[6146, 4611, 8, 3594, 1549, 5138, 543, 6176, 4128, 5677, 6702, 3633, 8253, 72, 1100, 3150, 2129, 5719, 3164, 3676, 5725, 7777, 4195, 3172, 5732, 5744, 1682, 5268, 5787, 3230, 5794, 5795, 1708, 6317, 2232, 8382, 194, 4291, 2246, 6862, 5840, 3793, 4824, 8409, 3803, 3352, 1816, 7449, 5409, 8481, 4409, 7482, 7993, 316, 3903, 4418, 8003, 4432, 2392, 6501, 4968, 2920, 879, 882, 1396, 3445, 4471, 1917, 7038, 4485, 7557, 6536, 3467, 2452, 6036, 1944, 8610, 2466, 7589, 6567, 4530, 5554, 1461, 1465, 3008, 5062, 7111, 7633, 5074, 3541, 2522, 8154, 1510, 1004, 8183, 5116, 2558, 2047]"
0.38,0.01,0.39663894625324636,"[643, 4997, 8071, 6281, 267, 3599, 7186, 6546, 7701, 4247, 6424, 5272, 7834, 3735, 2199, 4383, 3617, 2465, 163, 676, 4773, 7591, 3624, 4521, 1450, 3123, 8629, 5045, 6711, 7992, 3895, 3125, 2624, 2113, 2370, 329, 4809, 1228, 5581, 2509, 5330, 7509, 6615, 603, 3036, 3039, 5473, 7908, 359, 232, 3560, 2541, 5102, 2161, 5491, 4340, 2165, 7541, 2295, 5238, 1657, 3067, 3324]"
0.81,0.0,0.24992186664283655,"[2307, 2965, 7334, 2857, 4009, 1580, 8108, 3889, 569, 443, 3005, 1853, 6592, 7235, 4426, 1485, 1123, 6759, 1897, 7164]"
0.98,0.0,0.14961930102211096,"[77, 5926, 8023]"
0.81,0.0,0.2809586104266234,"[1666, 1548, 661, 6046, 1183, 6305, 7717, 3496, 6831, 4400, 7614, 3902, 6083, 1737, 2253, 7254, 4950, 1369, 7262, 7009]"
0.73,0.01,0.28218367186987336,"[1027, 7300, 1556, 1560, 1307, 3232, 2208, 6822, 8231, 7343, 7476, 309, 2746, 3523, 3399, 4936, 842, 5071, 5712, 6101, 7394, 3941, 8551, 8175, 5743, 377, 1021, 3966]"
0.35,0.01,0.39164395176886335,"[4608, 7431, 1800, 264, 5515, 3724, 3473, 2323, 535, 6299, 5276, 8221, 7582, 6687, 3615, 6049, 6305, 545, 1569, 7589, 2342, 7327, 40, 296, 8105, 3624, 8361, 5421, 3501, 8499, 564, 5942, 5562, 7361, 3009, 1090, 196, 6594, 6603, 1996, 4941, 5582, 3023, 7888, 81, 6994, 8404, 853, 1624, 6618, 1629, 5982, 989, 5726, 6628, 5606, 8040, 6121, 364, 5235, 4084, 2803, 7925, 2428, 4605, 8575]"
0.73,0.01,0.3015084539358801,"[1153, 1424, 6417, 8220, 5791, 8480, 2082, 5926, 1843, 3252, 1339, 966, 8265, 4945, 1746, 7762, 5981, 4446, 5728, 2657, 4065, 5858, 4960, 101, 2537, 3562, 3947, 1270]"
0.17,0.02,0.4163749383298837,"[2049, 1540, 7181, 7700, 8217, 6686, 6687, 3104, 3630, 2613, 7222, 5688, 4176, 7251, 601, 7784, 2169, 8316, 6302, 2719, 2725, 1197, 178, 1716, 5814, 5303, 4794, 6340, 1738, 6359, 7394, 4329, 4847, 242, 3828, 6901, 1275, 5885, 3841, 7425, 5377, 1285, 7437, 7957, 796, 1829, 6956, 1842, 7477, 8502, 7993, 4417, 4937, 5965, 5972, 1367, 5466, 1372, 1390, 5501, 6540, 8588, 7053, 2451, 7583, 5028, 5033, 429, 941, 431, 8112, 7615, 449, 2517, 2527, 6625, 4065, 1508, 2541, 5104, 4084, 7669, 1012, 5108]"
0.66,0.01,0.3207961395903228,"[5761, 1163, 5519, 1552, 4501, 1174, 2327, 281, 5529, 3102, 6818, 1829, 4137, 7466, 2478, 2608, 4530, 949, 5447, 4167, 4043, 4683, 2507, 5200, 4177, 1490, 2901, 8157, 1245, 8418, 4197, 6630, 6002, 5619, 5239]"
0.23,0.02,0.3486320617161992,"[8197, 6669, 5143, 2586, 8222, 8228, 4136, 42, 5163, 5686, 7735, 62, 4160, 2632, 6222, 4176, 594, 6740, 5730, 7786, 7792, 2168, 7299, 8328, 5771, 7311, 5263, 2714, 6810, 6302, 1698, 3247, 3255, 1209, 7355, 1213, 3268, 3796, 4308, 6890, 3843, 8462, 4879, 1810, 279, 5930, 6960, 6453, 6978, 8518, 5959, 1867, 2898, 5464, 2910, 2911, 8037, 4971, 3950, 3953, 1414, 4497, 1939, 4502, 7065, 925, 2475, 1453, 1466, 8137, 8140, 7633, 1493, 4568, 2535, 5616, 6137, 5115]"
0.46,0.01,0.340073363786361,"[1536, 5765, 8583, 5131, 1167, 7827, 1948, 797, 7582, 159, 8480, 1308, 8353, 6814, 932, 1573, 7846, 1319, 5543, 3498, 6574, 6320, 2099, 7603, 6325, 4023, 8505, 5434, 1212, 7229, 4161, 6728, 6986, 1995, 4940, 3659, 4816, 3665, 6230, 5719, 4952, 5208, 4572, 6622, 352, 355, 6371, 3172, 359, 103, 8555, 5868, 8434, 4083, 1138]"
0.25,0.02,0.32740837102784015,"[1024, 8577, 7810, 1283, 7044, 4487, 4492, 7181, 5134, 1676, 3987, 5013, 7445, 7957, 7190, 3485, 4254, 8353, 676, 5798, 4647, 4141, 5167, 8498, 5887, 8117, 3894, 4918, 8632, 5176, 4153, 5689, 6460, 7229, 63, 4160, 6977, 5698, 3522, 452, 8005, 3142, 2250, 1355, 4687, 80, 214, 5848, 4952, 2523, 8185, 5853, 7005, 733, 5213, 482, 7133, 8420, 2789, 3558, 5352, 377, 1899, 3821, 7150, 3440, 4080, 8561, 6769, 2160, 5238, 6136, 3577, 1531, 3198, 895]"
0.35,0.02,0.34054345004420683,"[6272, 4481, 2178, 4737, 6789, 6152, 4233, 5002, 3088, 144, 2706, 3859, 660, 2195, 918, 3991, 152, 914, 4635, 4643, 3363, 40, 5673, 1836, 6573, 1069, 4144, 3890, 1335, 1849, 5305, 2363, 3514, 1469, 2366, 6591, 3259, 8129, 3011, 3399, 1481, 715, 77, 6222, 7629, 7123, 3029, 5079, 599, 5465, 1113, 7519, 2914, 6372, 5478, 5352, 7274, 5611, 3308, 4461, 3822, 4844, 6899, 115, 4473, 2172]"
0.66,0.01,0.31859674912533076,"[4353, 2955, 4365, 5139, 5015, 5783, 2718, 3874, 41, 2742, 6458, 4667, 2877, 3648, 1601, 8516, 583, 4048, 2514, 84, 4949, 4565, 1497, 1371, 2268, 5469, 1505, 7395, 7782, 5350, 7528, 8552, 111, 7793, 1656]"
0.34,0.01,0.3926163562126477,"[2048, 385, 1026, 8321, 1415, 2570, 1529, 7311, 1433, 6555, 2459, 5279, 3874, 4386, 2468, 8612, 5884, 1318, 8488, 8360, 808, 5163, 1581, 2738, 7350, 6200, 6202, 573, 2623, 8384, 192, 581, 3397, 6343, 6854, 587, 1611, 8141, 2766, 6095, 5329, 8149, 1877, 5335, 6104, 2138, 2650, 5724, 4314, 1502, 2782, 7780, 3173, 743, 1639, 1127, 6634, 6254, 3439, 4974, 6382, 6900, 3577, 8186, 3835, 2556, 6782]"
0.32,0.01,0.3424662760000199,"[1792, 2049, 1539, 4099, 262, 263, 3208, 2825, 4488, 1164, 8207, 8335, 6289, 3090, 7826, 7444, 1684, 4372, 4888, 4889, 4126, 1439, 4768, 2207, 7583, 1442, 7076, 8485, 2212, 2216, 3883, 172, 7471, 5423, 5810, 7604, 3254, 438, 8120, 5691, 1339, 59, 318, 7614, 1216, 7111, 3657, 6782, 208, 6992, 1744, 3798, 3159, 2520, 3545, 3034, 8313, 2797, 4590, 5744, 7409, 498, 500, 7158, 3319, 8184, 7673, 4219, 3966]"
0.35,0.01,0.3466412003726844,"[4995, 6276, 4485, 7302, 516, 5517, 5779, 916, 6677, 1435, 6558, 4126, 159, 3745, 7458, 8483, 7456, 8489, 5034, 4906, 8237, 6703, 6959, 3505, 2998, 2745, 2747, 7611, 1728, 7873, 4289, 2499, 3779, 6978, 5826, 1863, 1989, 1739, 3276, 2508, 5072, 210, 469, 984, 5081, 3930, 4317, 8030, 350, 2657, 2786, 7142, 1511, 2920, 7017, 5869, 3822, 495, 8432, 1392, 8435, 6262, 7287, 7418, 5499, 2943]"
0.2,0.02,0.40443416597920845,"[8205, 2579, 7191, 8217, 5657, 6696, 8241, 1098, 1101, 7761, 5714, 596, 1628, 6241, 3171, 102, 8297, 4720, 1154, 5250, 6286, 657, 4241, 1682, 7832, 4255, 4274, 700, 6334, 2244, 709, 6854, 1223, 713, 3787, 7885, 1745, 2771, 6903, 5892, 2840, 6426, 5919, 3360, 6436, 812, 2862, 6976, 2888, 7499, 6476, 1879, 6501, 2925, 6005, 887, 7045, 6541, 6542, 3469, 918, 1942, 6554, 4516, 2981, 423, 7094, 1974, 3512, 1978, 8124, 3008, 6085, 2002, 7131, 4571, 2526, 1502, 1505, 5094, 1019]"
0.65,0.01,0.29663927428487324,"[4108, 8341, 4249, 7195, 1949, 1182, 4901, 2728, 1833, 1961, 7848, 2092, 2732, 6062, 1580, 3763, 1976, 7737, 1339, 6332, 8253, 3517, 958, 2752, 5708, 333, 7121, 8274, 5587, 4185, 2910, 4844, 752, 2161, 5744, 5368]"
0.19,0.02,0.3426779759977501,"[6145, 1043, 3098, 30, 2603, 3632, 4663, 568, 4167, 586, 7758, 4689, 1111, 5728, 4201, 7286, 130, 5276, 5789, 2206, 1700, 7851, 3765, 4281, 6333, 8390, 2760, 2769, 7377, 7897, 3291, 7905, 1249, 1253, 8429, 3827, 3320, 7929, 2810, 3835, 1285, 4877, 3867, 4901, 3881, 1330, 6962, 2873, 8001, 4418, 3925, 8022, 3932, 4956, 8031, 7534, 3954, 5492, 8057, 6522, 4989, 4990, 897, 7558, 4488, 4495, 5524, 4506, 3492, 5028, 3493, 6057, 5545, 4526, 1462, 8124, 6090, 4061, 7646, 5599, 1507, 6638]"
0.44,0.01,0.3794603469717148,"[3072, 4738, 6148, 3333, 774, 8072, 3726, 6416, 3988, 1176, 1405, 1952, 1185, 6690, 1700, 4389, 1701, 816, 2736, 693, 53, 312, 4285, 3261, 2879, 6464, 4544, 1346, 6598, 1991, 584, 3144, 2504, 2897, 7762, 2642, 2265, 3546, 6493, 1759, 8415, 2786, 3938, 3687, 3051, 875, 4462, 110, 7537, 4594, 2290, 2934, 1270, 4214, 6521, 8572, 6397]"
0.16,0.02,0.4250864295486606,"[4618, 4106, 5647, 7184, 2069, 6173, 2083, 554, 45, 5680, 7729, 3127, 571, 5182, 1606, 7759, 4176, 2139, 2654, 4192, 6251, 5240, 3194, 4236, 1684, 3232, 8360, 5812, 1212, 192, 4801, 3778, 5827, 2762, 2255, 1248, 5860, 8434, 1785, 5370, 3323, 6910, 4354, 1285, 4359, 5388, 271, 2327, 6428, 4901, 1836, 7469, 1841, 1842, 1847, 2359, 4411, 4926, 833, 6988, 7502, 5971, 4436, 7006, 4977, 893, 1418, 7051, 8075, 7566, 5010, 932, 6574, 7087, 3504, 6065, 7089, 4020, 1462, 441, 4032, 1989, 1480, 8165, 8179]"
0.4,0.01,0.38354726649202153,"[6281, 650, 7051, 3725, 8078, 145, 2449, 1557, 4248, 4632, 4891, 3613, 6048, 4642, 7332, 3493, 7718, 4015, 2479, 4668, 1471, 7489, 1986, 5313, 5316, 3781, 965, 4676, 4042, 3917, 2765, 7761, 2130, 3923, 4435, 724, 4568, 5593, 8153, 8152, 4060, 4312, 5084, 1888, 3041, 4066, 3044, 741, 4198, 6118, 123, 2414, 495, 1904, 2672, 6005, 8440, 3449, 6139, 5245, 2687]"
0.59,0.01,0.2840472600379701,"[4992, 2050, 1028, 6789, 5896, 3084, 4236, 272, 6801, 6037, 6552, 1304, 412, 6557, 1948, 6558, 3110, 42, 2092, 305, 7347, 2099, 2741, 311, 4037, 2637, 2385, 8403, 2391, 6362, 4707, 7524, 3301, 1638, 5351, 8301, 2415, 4982, 7415, 3708, 4478, 4095]"
0.54,0.01,0.2678015600546776,"[7680, 4354, 2307, 4485, 647, 521, 3210, 2188, 1164, 7184, 2576, 401, 2323, 1185, 43, 7982, 6703, 4915, 6197, 7350, 6841, 8635, 6849, 5061, 8006, 2505, 4301, 1488, 7380, 8536, 7513, 7514, 7131, 8412, 8029, 2012, 3557, 8294, 878, 4975, 5359, 6516, 6517, 1653, 2936, 634, 4476]"
0.1,0.02,0.42928440067429907,"[3072, 2052, 3078, 6152, 4617, 2064, 8210, 2583, 7211, 3125, 6197, 8251, 2625, 4675, 7751, 583, 6731, 1105, 7253, 4695, 5211, 2141, 4194, 7779, 100, 3183, 3191, 4220, 128, 3219, 3747, 2724, 164, 4780, 175, 4784, 689, 690, 185, 7354, 701, 3261, 193, 5838, 1745, 4319, 5363, 1272, 2303, 6401, 3845, 1286, 2823, 776, 5385, 6409, 4872, 7440, 1811, 4382, 2347, 3896, 3902, 4414, 3406, 2895, 3920, 6997, 1366, 8027, 5470, 355, 4964, 884, 7030, 3973, 5010, 1965, 430, 5554, 8118, 3001, 6587, 5057, 7618, 7119, 3548, 992, 4071, 487, 2538]"
0.26,0.01,0.40638410716769346,"[6400, 2689, 2944, 516, 3461, 7942, 4615, 3077, 5765, 2058, 4876, 4366, 4913, 2581, 4503, 2583, 2839, 408, 5403, 8348, 2845, 1566, 6942, 7200, 1950, 6681, 5795, 795, 2347, 7854, 558, 3632, 7601, 2737, 7982, 1203, 3253, 8630, 6703, 7352, 2744, 7738, 828, 7997, 5189, 1734, 3146, 8523, 4171, 2507, 4814, 2256, 5585, 1362, 4179, 7249, 4052, 5206, 7640, 5599, 2656, 5473, 7010, 744, 3309, 2670, 7789, 5104, 3442, 8439, 8186, 3195, 892, 2174, 3071]"
0.21,0.02,0.35953994815002244,"[6662, 4618, 3598, 6163, 2087, 5672, 5671, 7720, 1068, 564, 2556, 579, 6222, 5212, 8286, 2153, 6771, 5750, 7799, 6266, 7293, 2198, 8343, 4258, 3236, 711, 6343, 3785, 8393, 2781, 2794, 2796, 7413, 773, 6926, 7951, 3344, 793, 6431, 4386, 7460, 4902, 1842, 7479, 1851, 5437, 7488, 6465, 6991, 855, 4957, 3936, 5482, 1387, 364, 374, 4984, 7546, 4475, 2944, 4993, 7047, 8583, 5002, 7056, 4522, 4523, 3504, 1970, 5044, 1981, 5058, 964, 1481, 1483, 2000, 4064, 8183, 1529, 2044]"
0.87,0.0,0.19849515110759552,"[2050, 7971, 5987, 4422, 4043, 6126, 4527, 8175, 2067, 7059, 3668, 3859, 5082, 91]"
0.95,0.0,0.1818126263351012,"[3748, 5988, 428, 6381, 5588, 313]"
0.36,0.01,0.3847053736688675,"[6273, 6020, 2052, 3721, 6541, 2573, 2062, 6679, 1177, 30, 671, 34, 163, 2724, 5924, 554, 7852, 1713, 2227, 309, 3767, 8504, 7354, 3387, 6718, 5183, 3262, 2369, 2623, 6846, 71, 5961, 457, 843, 3152, 337, 4816, 3923, 4435, 2896, 6742, 6359, 8024, 338, 5207, 3034, 2396, 4444, 3420, 2268, 8439, 7014, 4455, 2664, 1388, 8045, 2798, 3825, 8178, 243, 628, 7669, 7154, 2039, 5883]"
0.82,0.0,0.24014138634247773,"[5893, 2444, 1037, 654, 5648, 157, 7711, 1958, 301, 3390, 1982, 3394, 2004, 6873, 4832, 3554, 6378, 4975, 3576]"
0.97,0.0,0.18133011248081832,"[2898, 1459, 1869, 463]"
0.9,0.0,0.13321761017567468,"[7073, 2695, 5735, 2505, 5262, 4848, 7890, 5781, 8537, 7482, 6907]"
0.22,0.02,0.3497696213909759,"[3586, 4101, 4116, 6685, 1581, 45, 7756, 5709, 7245, 4087, 3670, 8288, 113, 5241, 5249, 3729, 6813, 1184, 4774, 2217, 6317, 3759, 2745, 3263, 7365, 7884, 5853, 6376, 5353, 1774, 6384, 5896, 1802, 7435, 7441, 5396, 6423, 2335, 2349, 302, 316, 6974, 7487, 328, 6477, 6484, 8023, 3931, 7004, 8029, 5473, 7524, 3430, 2407, 7026, 3955, 6004, 6519, 6527, 2949, 4487, 8088, 6555, 8608, 7588, 3519, 7108, 1482, 8140, 3022, 4047, 5073, 5085, 5097, 493, 498, 7671, 6140, 510]"
0.01,0.02,0.37665323727679023,"[1025, 3078, 2571, 5649, 6674, 8211, 6172, 5668, 7214, 4144, 1075, 4149, 3128, 4665, 3135, 2120, 5707, 594, 2660, 5732, 108, 8300, 5232, 3184, 5239, 638, 6281, 3725, 5774, 4249, 6812, 5277, 5792, 5797, 3758, 6833, 1213, 193, 6346, 7372, 6871, 2775, 7897, 3294, 224, 7905, 3810, 5865, 5363, 4346, 5882, 768, 3344, 4882, 5907, 2841, 1315, 7459, 3880, 2345, 7982, 815, 316, 5448, 2381, 7502, 5969, 8018, 1874, 6996, 6998, 7511, 7517, 4958, 4449, 356, 2917, 8567, 888, 8058, 4474, 8595, 2451, 2965, 3991, 928, 5538, 1450, 7083, 7082, 6574, 949, 452, 6598, 2506, 3030, 3544, 4571, 3062, 2039]"
1.0,0.0,0.07979091056883703,[197]
0.38,0.01,0.3348910563466997,"[8320, 6400, 5381, 5383, 1545, 6541, 3985, 1684, 533, 7703, 2456, 4249, 5145, 8475, 8350, 5920, 7200, 8614, 4647, 8104, 4008, 7723, 7855, 4015, 2869, 1079, 3257, 7995, 6332, 1212, 8510, 7997, 1474, 4806, 3527, 4171, 6476, 5324, 4559, 8055, 3537, 8410, 5084, 3804, 6622, 733, 4959, 3297, 5730, 8547, 4580, 1890, 103, 6504, 7018, 3178, 8172, 7021, 7790, 6762, 5866, 4215, 1916]"
0.25,0.01,0.4090020598108808,"[6144, 128, 7552, 772, 6405, 2566, 6154, 2443, 5004, 3724, 8590, 7439, 8079, 1295, 530, 5650, 3735, 2716, 926, 5278, 7454, 8096, 8482, 292, 1061, 7462, 1703, 8488, 6063, 8497, 4402, 4019, 7094, 7479, 1592, 3385, 8633, 6710, 190, 4031, 704, 7106, 7878, 5190, 4294, 329, 7882, 3915, 2640, 3794, 6227, 339, 6358, 214, 2008, 4697, 1751, 3803, 4567, 5987, 5348, 4710, 2410, 4973, 2157, 6383, 2416, 8559, 4979, 2164, 5366, 504, 8185, 4859, 6142, 2559]"
0.19,0.01,0.38771957596305273,"[7169, 5124, 2055, 5639, 4628, 6172, 5670, 7215, 5684, 3649, 5189, 5703, 1099, 3663, 4176, 4189, 1638, 3687, 1644, 2160, 4216, 7291, 2184, 7307, 4237, 3214, 158, 7839, 1706, 1197, 6324, 6836, 5813, 3771, 701, 6334, 8397, 4815, 3795, 2269, 6367, 2277, 2792, 8438, 7930, 1788, 1282, 6407, 3849, 265, 5394, 1309, 5917, 8481, 4389, 4902, 7985, 819, 2365, 1866, 2385, 3935, 5989, 2923, 4479, 5014, 7577, 927, 6571, 5555, 5566, 447, 3016, 2010, 486, 4587, 2540, 4593, 7158, 4090, 5117, 6654]"
0.61,0.01,0.32461859918781566,"[4224, 3330, 5638, 1031, 1799, 3598, 4759, 2972, 5789, 6045, 2847, 289, 5667, 2467, 5802, 2218, 5035, 45, 5935, 182, 3255, 8248, 7619, 4036, 1225, 8017, 5971, 5203, 5717, 985, 1755, 2911, 609, 7657, 3820, 3310, 7539, 250, 6396, 8191]"
0.14,0.02,0.41644349476578246,"[5632, 7170, 6147, 7686, 1543, 5642, 11, 8203, 4622, 6674, 1559, 3095, 7195, 4637, 541, 6703, 3120, 8240, 4662, 3126, 4664, 3129, 5695, 3144, 3658, 4706, 3194, 7293, 4733, 5259, 142, 2704, 2717, 1188, 1709, 4785, 2225, 4276, 8378, 7873, 6338, 4293, 5838, 7887, 4816, 3289, 1245, 3305, 7916, 7405, 2801, 3317, 4855, 3839, 5391, 7449, 1834, 4912, 7474, 5434, 315, 2877, 4947, 887, 1409, 7558, 6025, 1933, 1937, 5529, 1946, 1453, 6573, 7087, 6581, 8119, 1464, 4029, 6101, 6623, 996, 6629, 1510, 7656, 1006, 4093, 2559]"
0.53,0.01,0.3425430507221716,"[6784, 6530, 1410, 6532, 5637, 3846, 8328, 5385, 2060, 5645, 1424, 2200, 1946, 6686, 5540, 4776, 4394, 2862, 7988, 1719, 1847, 7610, 699, 1471, 6342, 3142, 2762, 7371, 5839, 8019, 341, 1878, 4700, 5470, 2782, 3935, 4452, 8422, 8297, 2029, 7919, 2673, 7282, 1651, 763, 7036, 8573, 4095]"
0.23,0.01,0.39432968140969527,"[4613, 3088, 3100, 1056, 3109, 7207, 2093, 5167, 1085, 7761, 82, 3668, 1109, 4697, 5728, 7777, 1122, 7788, 3180, 2702, 659, 147, 2196, 3228, 1695, 4775, 5799, 5816, 1213, 2788, 1770, 3307, 2797, 2798, 6902, 5882, 2315, 2834, 7443, 790, 3354, 796, 5916, 5920, 3872, 801, 8484, 6950, 3376, 308, 2869, 6967, 5436, 7491, 6990, 7506, 4958, 7009, 2915, 1387, 8568, 5499, 5523, 924, 937, 7596, 5042, 4535, 4024, 6584, 456, 8142, 978, 3049, 2544, 6640, 1016, 7679]"
0.04,0.02,0.4113956398316573,"[4098, 2065, 5143, 4636, 4642, 1060, 2605, 6190, 2610, 2104, 4163, 70, 1609, 3668, 2650, 4193, 5734, 3703, 5755, 5763, 6795, 5783, 4257, 5797, 678, 6326, 7353, 7361, 7873, 198, 7672, 210, 6360, 7388, 6366, 5342, 3314, 3826, 2805, 758, 7419, 3324, 1795, 3846, 4872, 1296, 7449, 5402, 1822, 289, 293, 5414, 5926, 7982, 6450, 4922, 3902, 323, 4931, 6979, 6473, 7503, 4945, 850, 5984, 3430, 3439, 7026, 2934, 2442, 8588, 2960, 6547, 6035, 406, 8604, 2466, 2985, 1963, 2477, 1455, 436, 5565, 2510, 5073, 7134, 2017, 2531, 996, 484, 5610, 6123, 7147, 5614, 6643, 2040, 8188]"
0.11,0.02,0.40800554683716783,"[6, 2056, 5643, 6155, 3597, 523, 6159, 8209, 5137, 7189, 2582, 3622, 5165, 7223, 3136, 7748, 5716, 1623, 6743, 2142, 5730, 7781, 5225, 6255, 1136, 5240, 4729, 5247, 6273, 5766, 6283, 2699, 6797, 2703, 154, 6811, 159, 6306, 7350, 1213, 5822, 1224, 2256, 4823, 6871, 4847, 2803, 6903, 7933, 766, 6411, 6412, 5916, 1312, 6945, 2337, 806, 4904, 4906, 1837, 5422, 8495, 3893, 3909, 345, 7006, 6497, 8034, 3432, 6507, 6510, 1415, 6026, 2451, 3477, 7066, 6556, 7584, 7078, 1962, 939, 4015, 6064, 2487, 7096, 5574, 6604, 983, 3555, 2536]"
0.52,0.01,0.3543004922457136,"[5249, 8, 7692, 1550, 1170, 5011, 3476, 2836, 406, 5783, 7318, 8089, 7709, 6816, 4769, 6948, 7973, 2854, 2727, 43, 2680, 1707, 1586, 1463, 5438, 2752, 4676, 709, 4294, 7755, 1100, 1612, 3148, 4693, 3802, 4192, 6883, 1380, 4325, 3171, 2787, 8173, 5742, 2160, 1780, 6517, 246, 7928, 3964]"
0.08,0.02,0.42710872897478747,"[4099, 1541, 6153, 7696, 6163, 5655, 5151, 2598, 1074, 3128, 7743, 5699, 5195, 4684, 1614, 2129, 5212, 3172, 4714, 110, 7282, 6776, 6779, 3750, 7336, 2735, 1716, 5327, 4821, 8407, 730, 8420, 6373, 2791, 1255, 744, 6895, 5363, 2306, 3341, 3861, 3862, 1814, 5400, 3353, 3878, 1335, 7991, 1849, 8506, 6463, 6978, 5955, 6980, 325, 327, 845, 1360, 3934, 6497, 360, 3948, 2926, 7535, 1392, 6516, 7545, 3964, 1407, 7553, 1924, 6534, 6023, 5000, 5512, 2446, 3984, 6034, 8597, 6040, 5024, 6566, 4007, 2487, 8636, 4041, 971, 7125, 5610, 3564, 5613, 4081, 5115]"
0.71,0.01,0.24523146047362632,"[3201, 4610, 3204, 4612, 6534, 1415, 7818, 8462, 8475, 1823, 6304, 7844, 2984, 5160, 303, 6453, 2498, 322, 7747, 4556, 2643, 5353, 8554, 4843, 5744, 8176, 2548, 2549, 5498, 5375]"
0.7,0.01,0.3149827082166132,"[8067, 7429, 7431, 3851, 8081, 918, 24, 2716, 4895, 2472, 5033, 1451, 5935, 7088, 7481, 5693, 958, 6077, 1857, 8130, 836, 3526, 4444, 3038, 3178, 7659, 110, 1266, 632, 5626, 5884]"
1.0,0.0,0.010973234717736813,[2993]
0.47,0.01,0.336376596200768,"[2944, 769, 5505, 8200, 7946, 1932, 6413, 6926, 8463, 2574, 4748, 1684, 279, 5528, 1687, 2079, 3616, 4261, 2214, 2220, 2477, 176, 4148, 4020, 5558, 6580, 3001, 7355, 1595, 5314, 2243, 2115, 1221, 325, 3653, 1353, 2124, 8012, 7246, 4433, 2394, 7771, 5725, 1502, 7139, 6115, 2149, 7538, 1522, 628, 7286, 5371, 4988, 126]"
0.66,0.01,0.3200307592110907,"[3712, 3335, 4871, 135, 6026, 3979, 1548, 7436, 2325, 7190, 7450, 3866, 3486, 6312, 6825, 5294, 1839, 1842, 7479, 3392, 2113, 5571, 5705, 4684, 1103, 3926, 3161, 8154, 220, 6757, 3557, 1774, 4980, 5879, 6010]"
0.03,0.02,0.3835146497897509,"[5120, 4106, 7179, 5143, 3101, 7720, 5692, 3647, 3135, 1602, 8264, 3694, 2679, 5751, 1145, 641, 2690, 2703, 2705, 8343, 6300, 668, 3243, 5804, 7852, 5813, 698, 1722, 2241, 3782, 6343, 4809, 208, 220, 6881, 6882, 3300, 4325, 5356, 2290, 2813, 1796, 5897, 3354, 6938, 4890, 5920, 1314, 3877, 5929, 7980, 1325, 1327, 5443, 837, 6985, 2379, 844, 1881, 346, 4447, 6498, 5986, 8549, 1894, 359, 2922, 5490, 904, 1928, 5512, 1419, 6027, 6028, 8590, 4497, 8093, 7584, 8097, 6052, 2472, 4015, 2994, 1970, 7091, 2489, 1480, 8136, 3021, 8144, 7124, 7638, 4065, 1521, 1009, 8177, 7671, 3582]"
0.65,0.01,0.33972270242817315,"[3842, 7686, 5388, 526, 2576, 3601, 531, 6420, 661, 35, 6053, 6568, 2730, 5165, 1454, 1841, 3377, 1331, 1727, 7885, 3031, 2903, 8282, 1633, 7138, 4068, 5989, 5862, 359, 8043, 236, 3310, 4463, 2034, 4988, 5502]"
0.25,0.01,0.33672252137619696,"[5888, 0, 5124, 4485, 7303, 4745, 5644, 2829, 16, 2064, 4369, 1172, 5143, 3736, 6552, 2714, 6170, 5917, 7326, 4637, 3874, 2595, 5412, 4130, 4516, 40, 7465, 6312, 6829, 1790, 2738, 1843, 5942, 1208, 6714, 2362, 3388, 5052, 6718, 6463, 7486, 5824, 8518, 5062, 4166, 2765, 5454, 2640, 6354, 3667, 7896, 217, 8155, 4443, 732, 2910, 3295, 6496, 352, 1634, 225, 7136, 1252, 870, 1378, 7785, 8443, 4208, 7026, 8051, 2164, 6645, 3062, 7290, 6523, 2046]"
0.66,0.01,0.2983605358017323,"[1926, 775, 6150, 6410, 5387, 529, 6420, 7196, 7453, 5279, 7456, 6180, 2984, 938, 8620, 7725, 815, 7988, 1844, 8119, 5176, 700, 5315, 5701, 7114, 7502, 465, 5713, 4051, 2516, 2137, 4699, 5473, 5883, 2302]"
0.28,0.02,0.364558771362012,"[2176, 2945, 4478, 6531, 7428, 6661, 3463, 3592, 1161, 139, 908, 3469, 5391, 5392, 6927, 5522, 3733, 8342, 3734, 1054, 8606, 6561, 6433, 7206, 167, 7975, 810, 2603, 4013, 4784, 1970, 5172, 2102, 4534, 6072, 8377, 2106, 5686, 3382, 7999, 2115, 5572, 3523, 6854, 5321, 4811, 6734, 975, 850, 3667, 4563, 4693, 8018, 1621, 7129, 1370, 2142, 5986, 868, 6630, 8550, 4458, 2798, 3695, 1393, 7026, 3443, 1522, 3190, 3703, 3325, 1918, 6143]"
0.88,0.0,0.17802429714767942,"[4448, 260, 6692, 6118, 7589, 1993, 7311, 2640, 6802, 3923, 5938, 1847, 3416]"
0.18,0.02,0.3904244564578536,"[2563, 4, 7685, 6151, 5646, 7192, 7205, 6184, 4650, 1069, 5697, 5699, 5188, 4168, 586, 80, 7771, 7271, 4202, 1648, 6770, 4731, 2172, 4230, 5270, 3230, 3755, 700, 6848, 2243, 197, 1223, 8394, 1742, 212, 2776, 4845, 757, 776, 6929, 5912, 1308, 2333, 4898, 812, 300, 7981, 1335, 2362, 7998, 6465, 2884, 8013, 5967, 3924, 3414, 4440, 6489, 4454, 877, 368, 5490, 5515, 1934, 5009, 3476, 1429, 2456, 5029, 432, 7091, 2493, 7616, 7108, 5066, 5082, 1500, 477, 7651, 6120, 5105, 1011, 7159]"
0.94,0.0,0.20305813629413771,"[3076, 839, 1959, 1193, 2825, 169, 3162]"
0.96,0.0,0.13999203281659178,"[6274, 4198, 8073, 8436, 4475]"
0.21,0.02,0.35266226223098596,"[6662, 4618, 3598, 6163, 2087, 5672, 5671, 7720, 1068, 564, 579, 6222, 5212, 8286, 2153, 6771, 5750, 7799, 6266, 7293, 2198, 8343, 4258, 3236, 6140, 711, 6343, 3785, 8393, 2781, 2794, 2796, 7413, 773, 6926, 7951, 3344, 793, 6431, 4386, 7460, 4902, 1842, 7479, 1851, 5437, 7488, 6465, 6991, 855, 4957, 3936, 5482, 1387, 364, 3955, 6004, 6519, 6527, 2949, 4487, 8088, 6555, 8608, 7588, 3519, 7108, 1482, 8140, 3022, 4047, 5073, 5085, 5097, 493, 498, 7671, 2556, 510, 2692]"
0.29,0.03,0.4225878677133681,"[2050, 7971, 36, 219, 1, 138, 201, 4473, 8450, 141, 806, 906, 824, 8456, 8453, 15, 527, 920, 1443, 946, 4474, 38, 614, 4476, 76, 80, 1326, 64, 1068, 54, 127, 370, 1499, 1324, 1305, 1414, 442, 8462, 1254, 1420, 26, 192, 1199, 8455, 1904, 22, 4472, 162, 1231, 124, 25, 3374, 713, 1299, 1907, 1128, 458, 276, 889, 173, 208, 4478, 318, 2126, 1694, 600, 4470, 277, 2, 4488, 3013, 2180]"
0.99,0.0,0.06200407941445685,"[1024, 8023]"
0.6,0.02,0.32579053553400084,"[5120, 641, 2690, 5751, 8456, 8457, 4106, 7179, 8459, 1420, 2703, 2705, 277, 2454, 5143, 8343, 1305, 6300, 668, 1184, 38, 7720, 3243, 5804, 7852, 561, 54, 5692, 3135, 3647, 1602, 8264, 1254, 233, 3694, 4468, 2679, 1145, 1404, 382, 1663]"
0.87,0.0,0.21035719626545013,"[978, 4481, 5987, 4422, 4043, 6126, 4527, 8175, 2067, 7059, 3668, 3859, 2000, 91]"
0.04,0.03,0.4002964401118163,"[1414, 458, 824, 8465, 4470, 442, 4495, 1068, 429, 1404, 3368, 4491, 1461, 1443, 413, 15, 590, 40, 8451, 294, 1231, 5783, 4257, 5797, 678, 6326, 7353, 7361, 7873, 198, 7672, 210, 6360, 7388, 6366, 5342, 3314, 3826, 2805, 758, 7419, 3324, 1795, 3846, 4872, 1296, 7449, 5402, 1822, 289, 293, 5414, 5926, 7982, 6450, 4922, 3902, 323, 4931, 6979, 6473, 7503, 4945, 850, 5984, 3430, 3439, 7026, 2934, 2442, 8588, 2961, 6547, 6035, 406, 8604, 2466, 2985, 1963, 2477, 1455, 436, 5565, 2510, 5073, 7134, 2017, 2531, 996, 484, 5610, 6123, 7147, 5614, 6643, 2040, 8188]"
0.3,0.03,0.4259664861620991,"[8450, 2, 2180, 8453, 1414, 8455, 8456, 6281, 650, 7051, 138, 3725, 8078, 141, 906, 15, 527, 8462, 1420, 1299, 22, 276, 920, 1305, 26, 25, 277, 1694, 3490, 1443, 162, 806, 38, 1068, 1324, 1326, 1199, 3374, 173, 946, 4488, 54, 824, 442, 318, 64, 192, 3013, 201, 713, 458, 76, 2126, 1231, 80, 208, 600, 889, 614, 1254, 1128, 1904, 370, 1907, 4470, 4472, 4473, 4474, 4476, 4478, 127]"
0.99,0.0,0.10949627192696088,"[197, 4203]"
0.5,0.01,0.35791159755753454,"[6145, 130, 1285, 4877, 1043, 3098, 3867, 5276, 5789, 30, 2206, 1700, 3881, 2603, 7851, 3632, 1330, 6962, 3765, 4663, 568, 4281, 2873, 6333, 8001, 4418, 8390, 4167, 2760, 586, 7758, 4689, 2769, 7377, 3925, 8022, 1111, 7897, 3291, 5728, 7905, 1249, 1253, 4201, 8429, 3827, 7286, 3320, 7929, 2810, 3835]"
0.96,0.0,0.21576691272052972,"[163, 4476, 1572, 214, 4475]"
0.66,0.02,0.3350119870156696,"[252, 172, 1904, 318, 590, 553, 4477, 8, 1128, 54, 67, 1305, 428, 26, 8620, 7725, 815, 7988, 1844, 8119, 5176, 691, 5315, 5701, 7114, 7502, 465, 5713, 4051, 2516, 2137, 4699, 5473, 5883, 2302]"
0.62,0.02,0.3549965791104338,"[8449, 386, 2180, 8452, 4486, 8455, 8, 904, 138, 4491, 15, 1296, 4496, 1553, 4499, 20, 8466, 16, 407, 1305, 290, 35, 165, 40, 3368, 173, 564, 54, 824, 446, 70, 201, 458, 2134, 734, 231, 2926, 4472, 1404]"
0.56,0.02,0.36809740808381586,"[3586, 4101, 4116, 6685, 1581, 45, 7756, 5709, 7245, 4087, 3670, 8288, 277, 1443, 144, 4496, 8458, 385, 596, 904, 1231, 24, 569, 951, 86, 36, 4473, 428, 1013, 8446, 1332, 231, 8464, 433, 8, 1872, 49, 283, 4482, 1687, 12, 665, 582, 880, 150]"
0.95,0.0,0.16743960054464635,"[4098, 4198, 8073, 8436, 4475, 6305]"
0.63,0.01,0.23659078411316425,"[1024, 8577, 7810, 1283, 7044, 4487, 4492, 7181, 5134, 1676, 3987, 5013, 7445, 7957, 7190, 3485, 4254, 8353, 676, 5798, 4647, 4141, 5167, 8498, 8117, 3894, 4918, 8632, 5176, 4153, 5689, 6460, 63, 4160, 6977, 5698, 3522, 5887]"
0.62,0.02,0.35562558692448154,"[386, 2180, 6, 8455, 2056, 8, 1546, 5643, 6155, 3597, 523, 6159, 12, 8209, 5137, 8466, 20, 7189, 2582, 16, 407, 1305, 31, 3622, 3368, 54, 446, 70, 202, 75, 76, 15, 2134, 4496, 734, 2016, 2926, 4472, 1663]"
0.54,0.01,0.27465022993104016,"[4108, 8341, 2307, 4485, 647, 521, 3210, 2188, 1164, 7184, 2576, 401, 2323, 1185, 43, 7982, 6703, 4915, 6197, 7350, 6841, 8635, 6849, 5061, 8006, 2505, 4301, 1488, 7380, 8536, 7513, 7514, 7131, 8412, 8029, 2012, 3557, 8294, 878, 4975, 5359, 2828, 6517, 1653, 2936, 634, 4476]"
0.77,0.01,0.3160665604739289,"[3072, 4738, 6148, 3333, 774, 8072, 3726, 6416, 3988, 1176, 1412, 1952, 1185, 6690, 1700, 4389, 1701, 816, 2736, 693, 53, 312, 4285, 3261]"
0.59,0.01,0.2951552392945608,"[4992, 2050, 1028, 6789, 6227, 3084, 5893, 272, 6801, 1265, 6552, 1287, 412, 6557, 1948, 6558, 8576, 42, 2092, 305, 7347, 2099, 2741, 311, 1804, 2637, 2385, 8403, 2391, 6362, 4707, 7524, 3301, 1638, 5351, 8301, 2415, 4982, 7415, 3708, 4478, 4095]"
0.44,0.03,0.3890567957522917,"[1, 15, 529, 51, 1907, 171, 38, 97, 172, 162, 920, 734, 277, 1443, 144, 4496, 8458, 2054, 596, 904, 1231, 24, 569, 951, 86, 36, 4473, 428, 1013, 8446, 1332, 231, 8464, 433, 8, 1872, 49, 349, 4482, 1687, 12, 665, 582, 880, 150, 8119, 1464, 4029, 6101, 6623, 996, 6629, 1510, 7656, 1006, 4093, 2559]"
0.52,0.01,0.31097268312440673,"[7299, 3843, 8197, 8328, 5771, 6669, 8462, 7311, 5263, 4879, 1810, 5143, 279, 2586, 2714, 6810, 8222, 6302, 1698, 8228, 4136, 42, 5163, 5930, 3247, 6960, 6453, 5686, 7735, 3255, 1209, 7355, 1213, 62, 4160, 6978, 3268, 8518, 2632, 6222, 4176, 594, 3796, 4308, 5730, 7786, 6890, 7792, 2168]"
0.69,0.01,0.26085835090384435,"[3072, 128, 2052, 3078, 6152, 4617, 4495, 2064, 8210, 3219, 2583, 7211, 3125, 6197, 8251, 2625, 4675, 7751, 583, 6731, 2126, 1105, 7253, 4695, 5211, 4194, 7779, 100, 3183, 4470, 3191, 4220]"
0.41,0.01,0.346875552853502,"[4481, 1, 145, 2449, 1557, 4632, 4248, 4891, 3613, 6048, 4642, 36, 7332, 3493, 7718, 6139, 4015, 2479, 4668, 1471, 7489, 5313, 5316, 3781, 965, 4676, 4042, 3917, 2765, 7761, 978, 2130, 3923, 4435, 724, 4568, 5593, 8153, 219, 8152, 4060, 4312, 5084, 1888, 3041, 4066, 3044, 741, 4198, 6118, 2414, 495, 1904, 2672, 6005, 8440, 3449, 123, 5245, 2687]"
0.75,0.01,0.2884119648657135,"[2563, 4, 7685, 6151, 5646, 7192, 7205, 6184, 4650, 1069, 5697, 5699, 5188, 4168, 586, 80, 7771, 7271, 4202, 1648, 6770, 4731, 2172, 4230, 5270, 959]"
0.22,0.02,0.4225517914258142,"[1, 15, 529, 51, 1907, 171, 38, 97, 172, 162, 920, 734, 113, 5241, 5249, 3729, 6813, 1184, 4774, 2217, 6317, 3759, 2745, 3263, 7365, 7884, 5853, 6376, 5353, 1774, 6384, 5896, 1802, 7435, 7441, 5396, 6423, 2335, 2349, 302, 316, 6974, 7487, 328, 6477, 6484, 8023, 3931, 7004, 1775, 5473, 7524, 3430, 2407, 7026, 3955, 6004, 6519, 6527, 2949, 4487, 8088, 6555, 8608, 7588, 3519, 7108, 1482, 8140, 3022, 4047, 5073, 5085, 5097, 493, 498, 7671, 6140, 510]"
0.26,0.02,0.3675437085123132,"[906, 806, 4925, 15, 4476, 318, 4489, 4493, 590, 1068, 4499, 1873, 624, 2581, 4503, 2583, 2839, 408, 5403, 8348, 2845, 1566, 6942, 7200, 1950, 6681, 5795, 795, 2347, 7854, 558, 3632, 7601, 2737, 7982, 1203, 3253, 8630, 6703, 7352, 2744, 7738, 828, 7997, 5189, 1734, 3146, 8523, 4171, 2507, 4814, 2256, 5585, 1362, 4179, 7249, 4052, 5206, 7640, 5599, 2656, 5473, 7010, 744, 3309, 2670, 7789, 5104, 3442, 8439, 8186, 3195, 892, 2174, 3071]"
0.14,0.02,0.4195948706948909,"[5249, 8, 7692, 1550, 1170, 5011, 3476, 2836, 406, 5783, 7318, 8089, 7709, 6816, 4769, 6948, 7973, 2854, 4662, 3126, 4664, 3129, 5695, 3144, 3658, 4706, 3194, 7293, 4733, 5259, 142, 2704, 2717, 1188, 1709, 4785, 2225, 4276, 8378, 7873, 6338, 4293, 5838, 7887, 4816, 3289, 1245, 3305, 7916, 7405, 2801, 3317, 4855, 3839, 5391, 7449, 1834, 4912, 7474, 5434, 315, 1706, 4947, 887, 1409, 7558, 6025, 1933, 1937, 5529, 1946, 1453, 6573, 7087, 6581, 8119, 1464, 4029, 6101, 6623, 996, 6629, 1510, 7656, 1006, 4093, 2559]"
0.1,0.03,0.39847131345353115,"[231, 1277, 1254, 1094, 67, 569, 433, 1907, 8467, 8452, 920, 588, 173, 14, 12, 627, 252, 15, 4492, 906, 1092, 150, 8, 277, 55, 889, 8468, 1663, 80, 4491, 3747, 2724, 164, 4780, 175, 4784, 689, 690, 185, 7354, 701, 3261, 193, 5838, 1745, 4319, 5363, 1272, 2303, 6401, 3845, 1286, 2823, 776, 5385, 6409, 4872, 7440, 1811, 4382, 2347, 3896, 3902, 4414, 3406, 2895, 3920, 6997, 1366, 8027, 5470, 355, 4964, 884, 7030, 3973, 5010, 1965, 430, 5554, 8118, 3001, 6587, 5057, 7618, 7119, 3548, 992, 4071, 487, 2538]"
0.31,0.02,0.34020574740259746,"[8453, 4488, 1164, 8207, 8335, 6289, 3090, 7826, 1556, 7444, 1684, 4372, 4888, 4889, 283, 4126, 1439, 4768, 2207, 7583, 1442, 7076, 8485, 2212, 2216, 3883, 172, 1326, 7471, 5423, 5810, 7604, 3254, 438, 824, 8120, 442, 5691, 1339, 4925, 318, 59, 7614, 1216, 7111, 3657, 7673, 208, 6992, 1744, 3798, 3159, 2520, 3545, 3034, 2797, 4590, 5744, 7409, 498, 3966, 500, 7158, 3319, 8184, 8313, 4474, 4219, 6782, 6157]"
0.89,0.01,0.279900013461865,"[6274, 4198, 7328, 8436, 1369, 62, 252, 8446, 35, 59, 132, 192]"
0.21,0.03,0.42253527691460535,"[202, 4494, 1068, 527, 529, 1904, 600, 1443, 42, 1694, 190, 4496, 127, 276, 920, 428, 904, 8446, 86, 3368, 1663, 3507, 588, 596, 277, 713, 163, 75, 806, 73, 734, 1199, 224, 62, 1326, 4486, 138, 1369, 1555, 4386, 7461, 4902, 1842, 7479, 1851, 5437, 7488, 6465, 6991, 855, 4957, 3936, 5482, 1387, 364, 374, 4984, 7546, 4475, 2944, 4993, 7047, 8583, 5002, 7056, 4522, 4523, 3504, 1970, 5044, 1981, 5058, 964, 1481, 1483, 2000, 4064, 8183, 1529, 2044]"
0.27,0.01,0.39476759150057505,"[5632, 1409, 7170, 6147, 4733, 7686, 1543, 7558, 6025, 5642, 11, 8203, 5259, 4622, 142, 2704, 5391, 6674, 1933, 1937, 3095, 1559, 7449, 5529, 7195, 1946, 541, 4637, 2717, 1188, 1834, 1709, 1453, 6703, 3120, 8240, 4785, 2225, 4276, 4912, 4662, 3126, 4664, 3129, 8378, 7474, 5434, 315, 2877, 5695, 7873, 6338, 4293, 3144, 7087, 3658, 7887, 4816, 4947, 6581, 3289, 1245, 4706, 3305, 7916, 7405, 887, 2801, 6573, 3317, 4855, 3194, 7293, 3839]"
0.24,0.01,0.3992415368336836,"[8067, 7429, 7431, 3851, 8081, 918, 24, 2716, 4895, 2472, 5033, 1451, 5935, 7093, 7481, 5693, 958, 6077, 1857, 8130, 836, 3526, 4444, 3038, 3178, 7659, 110, 1266, 632, 5626, 5884, 7991, 1849, 8506, 6463, 6978, 5955, 6980, 325, 327, 845, 1360, 3934, 6497, 360, 3948, 2926, 7535, 1392, 6516, 7545, 3964, 1407, 7553, 1924, 6534, 6023, 5000, 5512, 2446, 3984, 6034, 8597, 6040, 5024, 6566, 4007, 2487, 8636, 4041, 971, 7125, 5610, 3564, 5613, 4081, 5115]"
0.73,0.0,0.28262625393916807,"[4448, 260, 6692, 6118, 7589, 8480, 2082, 5926, 1843, 3252, 1339, 966, 8265, 4945, 1746, 8441, 5981, 4446, 5728, 2657, 4065, 5858, 4960, 101, 2537, 3562, 3947, 1270]"
0.12,0.02,0.38020359696631856,"[13, 38, 5165, 564, 7223, 3136, 7748, 5716, 1623, 6743, 2142, 5730, 7781, 5225, 6255, 1136, 5240, 4729, 5247, 6273, 132, 5766, 6283, 2699, 6797, 2703, 144, 154, 6811, 159, 6306, 171, 7350, 1213, 5822, 2256, 4823, 6871, 4847, 2803, 6903, 7933, 766, 6411, 6412, 5916, 1312, 6945, 2337, 806, 4904, 4906, 1837, 5422, 8495, 3893, 3909, 1873, 345, 7006, 6497, 8034, 3432, 6507, 6510, 4482, 4487, 904, 4489, 1415, 6026, 402, 2451, 3477, 7066, 6556, 7584, 7078, 1962, 939, 4015, 6064, 2487, 7096, 5574, 6604, 983, 3555, 2536]"
0.02,0.03,0.4079980486485689,"[2054, 13, 1555, 1068, 590, 600, 2180, 163, 5813, 698, 1722, 2241, 3782, 6343, 4809, 208, 220, 224, 6881, 6882, 3300, 4325, 5356, 2290, 2813, 1796, 8453, 8454, 5897, 8460, 1299, 3354, 6938, 4890, 5920, 1314, 3877, 806, 5929, 7980, 1325, 1327, 5443, 837, 6985, 2379, 844, 1872, 1881, 346, 4447, 6498, 5986, 8549, 1894, 359, 2922, 5490, 4473, 889, 4478, 4481, 386, 904, 1928, 5512, 1419, 6027, 4493, 6028, 8590, 4497, 920, 8093, 7584, 8097, 1443, 6052, 2472, 4015, 2994, 1970, 7091, 951, 2489, 446, 1480, 8136, 3021, 8144, 7124, 7638, 4065, 1521, 1009, 8177, 7671, 3582, 7069]"
0.99,0.0,0.10533988844220132,"[2703, 4203]"
0.81,0.0,0.24675445376942706,"[4618, 4106, 5647, 7184, 2069, 6173, 2083, 554, 45, 5680, 7729, 1853, 6592, 7235, 4426, 1485, 1123, 6759, 1897, 6043]"
0.98,0.0,0.154999359626379,"[2054, 8023, 3135]"
0.41,0.03,0.4056279102213499,"[1026, 2, 13, 15, 16, 17, 25, 553, 42, 1068, 49, 51, 54, 58, 59, 582, 70, 1098, 76, 590, 596, 97, 614, 618, 1663, 138, 132, 141, 144, 1687, 665, 155, 1184, 1697, 946, 165, 171, 172, 1199, 190, 734, 736, 231, 252, 8446, 8458, 8463, 8465, 8467, 276, 1324, 3374, 1326, 1332, 824, 1872, 1873, 1443, 4497, 4499]"
0.29,0.03,0.4267518404102746,"[4448, 260, 6692, 6118, 7589, 1993, 7311, 2640, 6802, 3923, 806, 906, 824, 8456, 8453, 15, 527, 920, 1443, 946, 4474, 38, 614, 4476, 76, 80, 1326, 64, 1068, 54, 127, 370, 3490, 1324, 1305, 1414, 442, 8462, 1254, 1420, 26, 192, 1199, 8455, 1904, 22, 4472, 162, 1231, 124, 25, 3374, 713, 1299, 1907, 1128, 458, 276, 889, 173, 208, 4478, 318, 2126, 7020, 600, 4470, 277, 2, 4488, 3013, 2180]"
0.35,0.03,0.43306433825014823,"[202, 4494, 1068, 527, 529, 1904, 600, 1443, 42, 1694, 190, 4496, 127, 276, 920, 428, 904, 8446, 86, 3368, 1663, 3507, 588, 596, 277, 713, 163, 75, 806, 73, 734, 1199, 224, 62, 1326, 4486, 138, 1369, 1555, 4491, 1697, 222, 80, 4481, 219, 2, 4489, 77, 247, 6227, 339, 6358, 214, 2008, 4701, 1751, 3803, 4567, 5987, 5348, 4710, 2410, 4973, 2157, 6383, 2416]"
0.1,0.03,0.40877718673775276,"[4484, 2126, 55, 8463, 1907, 1461, 219, 627, 24, 1299, 8456, 40, 4473, 318, 4478, 224, 4492, 1013, 4488, 904, 67, 32, 8446, 1026, 3013, 155, 31, 277, 87, 582, 527, 1420, 4476, 283, 4925, 1369, 294, 86, 8455, 1414, 1556, 416, 553, 2454, 14, 6401, 150, 920, 3845, 1286, 27, 776, 5385, 6409, 4872, 7440, 1811, 4382, 2347, 3896, 3902, 4414, 1254, 3406, 2895, 231, 3920, 6997, 1366, 8027, 5470, 355, 4964, 884, 7030, 3973, 5010, 1965, 430, 5554, 8118, 3001, 6587, 5057, 7618, 7119, 3548, 992, 4071, 487, 2538]"
0.57,0.02,0.36391312044553037,"[385, 4482, 4101, 904, 8, 8458, 12, 144, 4496, 8464, 4116, 277, 150, 1687, 24, 665, 283, 6685, 1443, 36, 428, 1581, 45, 433, 49, 1332, 951, 569, 197, 582, 7756, 5709, 7245, 1231, 1872, 596, 3670, 86, 8288, 231, 880, 4087, 4473, 8446]"
0.6,0.01,0.3122657803363047,"[2176, 2945, 4478, 6531, 7428, 6661, 3463, 3592, 1161, 139, 908, 3469, 5391, 8301, 6927, 5522, 3733, 8342, 3734, 1054, 8606, 6561, 6433, 7206, 167, 7975, 810, 2603, 4013, 4784, 1970, 5172, 2102, 4534, 6072, 8377, 2106, 1145, 1404, 382, 1663]"
0.15,0.02,0.4114504724503797,"[6692, 554, 45, 5680, 7729, 3127, 571, 5182, 1606, 7759, 4176, 2139, 2654, 4192, 6251, 5240, 3194, 4236, 7311, 1684, 3232, 8360, 5812, 1212, 192, 4801, 3778, 5827, 2762, 2255, 1248, 5860, 8434, 1785, 5370, 3323, 6910, 4354, 260, 1285, 4359, 5388, 271, 2327, 6428, 4901, 1836, 7469, 1841, 1842, 1847, 2359, 4411, 4926, 833, 6988, 7502, 5971, 4436, 7006, 4448, 4977, 893, 1418, 7051, 8075, 7566, 5010, 932, 7589, 6574, 7087, 3504, 6065, 7089, 4020, 1462, 441, 4032, 1989, 1480, 1993, 8165, 6118, 8179, 8425]"
0.03,0.03,0.40266055845725257,"[1024, 13, 1555, 1068, 590, 600, 2180, 163, 5813, 1722, 698, 2241, 3782, 6343, 4809, 208, 220, 224, 6881, 6882, 3300, 4325, 5356, 2290, 2813, 1796, 8453, 8454, 5897, 8460, 1299, 3354, 6938, 4890, 5920, 1314, 3877, 806, 5929, 7980, 1325, 1327, 5443, 837, 6985, 2379, 844, 1872, 346, 4447, 6498, 5986, 8549, 1894, 359, 2922, 5490, 889, 4473, 4478, 4481, 386, 904, 1928, 5512, 1419, 6027, 4493, 6028, 8590, 4497, 920, 8093, 7069, 7584, 8097, 1443, 6052, 2472, 4015, 2994, 1970, 7091, 951, 2489, 446, 1480, 8136, 3021, 8144, 7124, 7638, 4065, 1521, 1009, 8177, 7671, 3582]"
0.68,0.01,0.3091347555086794,"[5120, 641, 2690, 8456, 8457, 4106, 7179, 8459, 1420, 2703, 2705, 277, 2454, 5143, 8343, 1305, 668, 6300, 1184, 38, 7720, 3243, 5804, 7852, 561, 54, 3135, 3647, 1602, 8264, 1254, 233, 5751]"
0.09,0.02,0.3734471208610537,"[24, 40, 55, 67, 2126, 4714, 110, 7282, 627, 6776, 6779, 3750, 7336, 2735, 1716, 5327, 4821, 8407, 730, 219, 224, 8420, 6373, 2791, 1255, 744, 6895, 5363, 8456, 3341, 8463, 1299, 3861, 3862, 1814, 5400, 3353, 3878, 1335, 7991, 1849, 8506, 318, 6463, 6978, 5955, 6980, 325, 327, 845, 1360, 3934, 6497, 360, 3948, 2926, 7535, 1392, 1907, 6516, 7545, 4473, 3964, 4478, 1407, 7553, 4484, 1924, 6534, 6023, 5000, 5512, 4492, 2446, 3984, 6034, 8597, 6040, 5024, 6566, 4007, 1461, 2487, 8636, 4041, 971, 7125, 5610, 3564, 5613, 4081, 5115]"
0.61,0.02,0.33513218074607576,"[5120, 641, 2690, 5751, 8456, 8457, 4106, 7179, 8459, 1420, 2703, 2705, 277, 2454, 5143, 8343, 1305, 6300, 668, 1184, 7720, 3243, 38, 5804, 7852, 561, 54, 5692, 3135, 172, 614, 202, 1299, 4471, 1907, 233, 1382, 569, 1404, 920]"
0.13,0.02,0.3775318011588762,"[7692, 1550, 7709, 4662, 3126, 4664, 3129, 5695, 3144, 3658, 4706, 3194, 4733, 7293, 5259, 142, 2704, 1170, 7318, 5783, 2717, 6816, 4769, 1188, 1706, 1709, 4785, 2225, 4276, 8378, 7873, 6338, 4293, 5838, 7887, 4816, 3289, 1245, 3305, 7916, 7405, 2801, 3317, 4855, 3839, 5391, 2836, 7449, 6948, 7973, 2854, 1834, 4912, 7474, 5434, 315, 4947, 887, 4481, 1409, 7558, 6025, 1933, 1937, 5011, 3476, 406, 8089, 5529, 1946, 1453, 6573, 7087, 6581, 8119, 1464, 4029, 978, 6101, 6623, 996, 6629, 1510, 7656, 1006, 4093, 2559, 4366]"
0.86,0.0,0.2467144444429349,"[5249, 5987, 4422, 8, 4043, 6126, 4527, 8175, 2000, 2067, 7059, 3668, 3859, 91, 6786]"
0.56,0.02,0.36686122671595367,"[6281, 650, 7051, 3725, 8078, 127, 2449, 5709, 7245, 4087, 3670, 8288, 277, 1443, 144, 4496, 8458, 385, 596, 904, 1231, 24, 569, 951, 86, 36, 4473, 428, 1013, 8446, 1332, 231, 8464, 433, 8, 1872, 49, 283, 4482, 1687, 12, 665, 582, 880, 150]"
0.46,0.01,0.35063110560266564,"[2757, 4618, 3598, 6163, 2087, 5672, 5671, 7720, 1068, 564, 579, 6222, 5212, 8286, 2153, 6771, 5750, 7799, 6266, 7293, 2198, 8343, 4258, 3236, 6140, 711, 6343, 3785, 8393, 2781, 2794, 2796, 7413, 773, 6926, 7951, 3344, 793, 6431, 4386, 7460, 4902, 1842, 7479, 1851, 5437, 7488, 6465, 6991, 855, 4957, 3936, 5482, 1387, 364]"
0.16,0.02,0.4179230835455513,"[2307, 2965, 7334, 2857, 4009, 1580, 8108, 3889, 569, 443, 3005, 3127, 571, 5182, 1606, 7759, 4176, 2139, 2654, 4192, 6251, 5240, 3194, 4236, 1684, 3232, 8360, 5812, 1212, 192, 4801, 3778, 5827, 2762, 2255, 1248, 5860, 8434, 1785, 5370, 3323, 6910, 4354, 1285, 4359, 5388, 271, 2327, 6428, 4901, 1836, 7469, 1841, 1842, 1847, 2359, 4411, 4926, 833, 6988, 7502, 5971, 4436, 7006, 3102, 893, 1418, 7051, 8075, 7566, 5010, 932, 6574, 7087, 3504, 6065, 7089, 4020, 1462, 441, 4032, 1989, 1480, 8165, 8179]"
0.25,0.01,0.3979935472724623,"[24, 5693, 4198, 3178, 110, 632, 6274, 2716, 1266, 5884, 7431, 3851, 4895, 5935, 7991, 7481, 1849, 8506, 6463, 1857, 6978, 5955, 836, 6980, 325, 327, 845, 1360, 4444, 3934, 6497, 360, 3948, 2926, 7535, 1392, 6516, 7545, 3964, 1407, 7553, 1924, 6534, 6023, 5000, 5512, 2446, 3984, 8081, 6034, 8597, 918, 6040, 5024, 6566, 4007, 2472, 5033, 1451, 7093, 2487, 8636, 6077, 958, 3526, 4041, 971, 7125, 3038, 5610, 7659, 3564, 5613, 4081, 5626, 5115]"
0.42,0.03,0.3880273760275085,"[1026, 4099, 1541, 1414, 8455, 4488, 6153, 904, 1420, 14, 527, 7696, 4495, 6163, 1556, 277, 2454, 5655, 150, 920, 1404, 155, 283, 30, 5151, 32, 31, 416, 1697, 2598, 294, 553, 1074, 3128, 4925, 7743, 192, 5699, 3013, 582, 5195, 4684, 76, 1614, 2129, 1873, 86, 87, 1369, 5212, 3172, 1254, 231, 881, 1013, 4475, 4476, 8446, 6366]"
0.59,0.02,0.367447522979088,"[8448, 1145, 4484, 4488, 8457, 8, 906, 1420, 15, 144, 1296, 8464, 8467, 24, 1694, 36, 38, 553, 1068, 433, 1461, 54, 62, 190, 64, 3647, 1602, 8264, 590, 80, 1254, 1128, 233, 3694, 627, 4468, 2679, 889, 1404, 382, 1663, 216]"
0.98,0.0,0.07115813059021348,"[8320, 8093, 6353]"
0.37,0.01,0.34386417070231445,"[2176, 2945, 4478, 6531, 7428, 6661, 3463, 3592, 1161, 139, 908, 3469, 5391, 5392, 6927, 5522, 3733, 8342, 3734, 1054, 8606, 6561, 6433, 7206, 167, 7975, 810, 2603, 4013, 4784, 1970, 5172, 2102, 4534, 6072, 8377, 2106, 5686, 3382, 7999, 2115, 5572, 3523, 6854, 5321, 4811, 6734, 975, 850, 3667, 4563, 4693, 8018, 1621, 7129, 1370, 2142, 4465, 868, 6630, 8550, 4458, 2798, 3695]"
0.74,0.01,0.327752547406555,"[6145, 130, 1285, 4877, 1043, 3098, 3867, 5276, 5789, 30, 2206, 1700, 3881, 397, 7851, 3632, 1330, 6962, 3765, 4663, 568, 4281, 2873, 6333, 8001, 4418, 8390]"
0.76,0.01,0.3626724095900483,"[1, 15, 529, 51, 1907, 171, 596, 97, 172, 162, 920, 7453, 5279, 1443, 7456, 6180, 2984, 938, 70, 851, 1231, 224, 4471, 8447, 1872]"
0.64,0.01,0.3003278461394092,"[4099, 1541, 4485, 8455, 8456, 6153, 4490, 906, 12, 4495, 7696, 6163, 277, 5655, 5151, 2598, 294, 40, 1074, 3128, 569, 318, 7743, 5699, 67, 5195, 4684, 75, 1614, 2126, 2129, 5212, 3172, 4714, 618, 370, 448]"
0.73,0.01,0.31943166936464606,"[4484, 1694, 627, 144, 1420, 233, 36, 590, 4488, 54, 1128, 433, 889, 3523, 3399, 4936, 842, 5071, 5712, 6101, 7394, 3941, 8551, 8175, 5743, 8569, 1021, 3966]"
0.84,0.01,0.3338367688111272,"[231, 1277, 1254, 1094, 67, 569, 433, 710, 8467, 8452, 920, 588, 173, 14, 12, 627, 252]"
0.81,0.01,0.2685050771139025,"[5120, 641, 682, 5751, 8456, 8457, 4106, 7179, 8459, 1420, 2703, 2705, 277, 2454, 5143, 8343, 1305, 6300, 668, 7009]"
0.03,0.03,0.4619660387854916,"[1, 2, 4098, 1026, 2054, 8, 14, 527, 2065, 5143, 24, 4636, 30, 32, 4642, 35, 1060, 553, 2605, 6190, 2610, 54, 2104, 58, 4163, 1092, 67, 70, 1609, 1098, 75, 76, 588, 77, 80, 3668, 87, 2650, 4193, 97, 5734, 1128, 624, 627, 3703, 5755, 124, 5763, 132, 138, 6795, 5414, 5926, 7982, 6450, 4922, 3902, 6979, 323, 4931, 6473, 7503, 4945, 850, 5984, 3430, 3439, 7026, 2934, 2442, 8588, 2961, 6547, 6035, 406, 8604, 2466, 2985, 1963, 2477, 1455, 436, 5565, 2510, 5073, 7134, 2017, 2531, 996, 484, 5610, 6123, 7147, 5614, 6643, 2040, 8188, 3496]"
0.99,0.0,0.17978574425019533,"[2054, 4495]"
0.29,0.03,0.4181394211512347,"[6145, 130, 1285, 4877, 1043, 3098, 3867, 5276, 5789, 30, 2206, 1700, 3881, 2603, 7851, 3632, 1330, 6962, 3765, 4663, 568, 4281, 2873, 6333, 8001, 4418, 1326, 64, 1068, 54, 127, 370, 1499, 1324, 1305, 1414, 442, 8462, 1254, 1420, 26, 192, 1199, 8455, 1904, 22, 1934, 162, 1231, 124, 25, 3374, 713, 1299, 1907, 1128, 458, 276, 889, 173, 208, 4478, 318, 2126, 1694, 600, 4470, 277, 2, 4488, 3013, 2180]"
0.56,0.01,0.3057276843770679,"[8320, 6400, 5381, 5383, 1545, 6541, 3985, 1684, 533, 7703, 2456, 4249, 5145, 8475, 8350, 5920, 7200, 8614, 4647, 8104, 4008, 7723, 7855, 4015, 2869, 1079, 3257, 7995, 6332, 1212, 8510, 7997, 1474, 4806, 3527, 4171, 6476, 5324, 4559, 8055, 3537, 8410, 8168, 3804, 6622]"
0.26,0.02,0.3551997176507835,"[1792, 2049, 8448, 1539, 4099, 4484, 262, 8455, 264, 3208, 2825, 4488, 1420, 4490, 8462, 8456, 12, 4495, 3984, 8081, 277, 6034, 8597, 918, 6040, 413, 5024, 294, 4485, 40, 6566, 4007, 2472, 5033, 1451, 7659, 7093, 2102, 2487, 8636, 6077, 958, 5610, 67, 5000, 3526, 201, 4041, 75, 971, 1231, 1924, 5512, 7125, 3038, 6023, 2026, 618, 2028, 3948, 2926, 7535, 1392, 6534, 370, 7553, 6516, 3564, 5613, 4081, 7545, 5626, 5115, 3964, 1407]"
0.94,0.0,0.23216291161601643,"[2703, 4315, 1231, 224, 4471, 8447, 1872]"
0.4,0.01,0.38297342979298055,"[6661, 3463, 3592, 1161, 139, 908, 3469, 5391, 5392, 6927, 5522, 3733, 8342, 3734, 8606, 1054, 6561, 6433, 7206, 167, 7975, 810, 2603, 4013, 4784, 1970, 5172, 2102, 4534, 6072, 8377, 2106, 5686, 3382, 7999, 2115, 5572, 197, 3523, 6854, 5321, 4811, 6734, 975, 850, 3667, 4563, 4693, 8018, 1621, 7129, 1370, 2142, 868, 6630, 8550, 4458, 2798, 3695, 4465, 5980]"
0.48,0.02,0.3944259772745595,"[4448, 260, 6692, 6118, 7589, 1993, 7311, 2640, 6802, 3923, 5938, 1847, 3416, 3490, 1324, 1305, 1414, 442, 8462, 1254, 1420, 26, 192, 1199, 8455, 1904, 22, 4472, 162, 1231, 124, 25, 3374, 713, 1299, 1907, 1128, 458, 276, 889, 173, 2600, 4478, 318, 2126, 1694, 600, 4470, 277, 2, 4488, 3013, 2180]"
0.38,0.03,0.41920775412010725,"[8450, 2, 2180, 8453, 1414, 8455, 8456, 6281, 650, 7051, 138, 3725, 8078, 141, 906, 15, 527, 8462, 1420, 1299, 22, 276, 920, 1305, 26, 25, 277, 1694, 3490, 1443, 162, 806, 1068, 1324, 1326, 1199, 3374, 173, 946, 4488, 54, 824, 442, 318, 64, 192, 3013, 201, 713, 458, 76, 2126, 1231, 80, 208, 600, 614, 1254, 1128, 1904, 370, 1907, 889]"
0.14,0.02,0.3590286129634501,"[1037, 3126, 4664, 3129, 5695, 3144, 3658, 4706, 3194, 4733, 7293, 5259, 654, 142, 2704, 1170, 7318, 5783, 2717, 6816, 4769, 1188, 1706, 1709, 4785, 2225, 4276, 8378, 7873, 6338, 4293, 5838, 7887, 4816, 3289, 1245, 3305, 7916, 7405, 2801, 3317, 4855, 3839, 5893, 4366, 5391, 2836, 7449, 6948, 7973, 2854, 1834, 4912, 7474, 5434, 315, 4947, 887, 4481, 1409, 7558, 6025, 2444, 1937, 5011, 3476, 406, 8089, 5529, 1946, 1453, 6573, 7087, 6581, 8119, 1464, 4029, 978, 6101, 6623, 996, 6629, 1510, 7656, 1006, 4093, 2559]"
0.99,0.0,0.018383184433101607,"[2993, 4077]"
0.98,0.0,0.18089723097977772,"[1459, 4484, 463]"
0.33,0.01,0.39024084214648613,"[4354, 260, 1285, 4359, 5370, 1418, 4236, 5388, 7051, 7311, 271, 8075, 7566, 1684, 2327, 6428, 3232, 6692, 4901, 8360, 554, 1836, 45, 7469, 5680, 7729, 1841, 1842, 5812, 3127, 1847, 2359, 571, 1212, 4411, 5182, 4926, 192, 4801, 3778, 5827, 833, 1606, 2762, 6988, 7502, 7759, 4176, 2255, 5971, 4436, 2139, 2654, 7006, 4192, 1248, 4448, 5860, 6251, 4977, 8434, 5240, 1785, 3194, 3323, 893, 6910, 255]"
0.69,0.02,0.3449671618733663,"[392, 4488, 1546, 8, 8460, 141, 4491, 16, 529, 4495, 1556, 8468, 277, 150, 1694, 428, 173, 54, 1094, 75, 590, 2126, 80, 220, 1254, 231, 1907, 4468, 4470, 247, 889, 1663]"
0.83,0.01,0.29818684160321307,"[3490, 67, 2054, 359, 8456, 582, 2250, 138, 8460, 429, 428, 8463, 665, 402, 1305, 58, 1694, 6663]"
0.45,0.01,0.37083050389613625,"[5131, 1167, 7827, 1948, 1308, 6814, 797, 8480, 8353, 7582, 159, 932, 1573, 7846, 1319, 5543, 3498, 172, 6574, 6320, 2099, 7603, 6325, 4023, 8505, 5434, 1212, 7229, 4161, 6728, 6986, 1995, 4940, 3659, 4816, 3665, 6230, 5719, 4952, 5208, 4572, 6622, 352, 355, 6371, 3172, 359, 103, 8555, 5868, 1904, 8434, 4083, 1138, 252, 4780]"
0.82,0.0,0.24846300624592432,"[7692, 1550, 7709, 4662, 5648, 157, 7711, 1958, 301, 3390, 1982, 3394, 2018, 6873, 4832, 3554, 6378, 4975, 3576]"
0.34,0.03,0.4054763627169309,"[1026, 2, 132, 138, 8458, 13, 141, 15, 16, 17, 144, 8463, 8465, 8467, 276, 1687, 1404, 25, 665, 155, 1184, 1697, 163, 165, 553, 42, 171, 1068, 172, 1324, 1199, 3374, 49, 1326, 51, 1332, 54, 824, 58, 59, 190, 582, 70, 1098, 76, 590, 1872, 1873, 596, 856, 734, 736, 97, 614, 231, 618, 1904, 881, 1907, 4470, 4473, 4474, 4475, 252, 8446, 1663, 906]"
0.88,0.01,0.2715584135873972,"[3490, 1904, 4488, 1546, 8456, 8460, 590, 1694, 2873, 6333, 8001, 4418, 8390]"
0.91,0.01,0.3032906976341698,"[67, 8, 553, 1128, 172, 590, 1904, 54, 4477, 318]"
0.88,0.0,0.19683621032454612,"[8320, 8093, 6692, 6118, 7589, 1993, 7311, 2640, 1563, 3923, 5938, 1847, 3416]"
0.35,0.03,0.42425647842102476,"[2054, 75, 4495, 4497, 4474, 30, 1694, 881, 914, 192, 2926, 4469, 2250, 32, 222, 1461, 1904, 13, 1, 86, 3368, 1663, 1369, 3507, 42, 588, 596, 1326, 188, 713, 163, 806, 73, 734, 1199, 224, 62, 4486, 138, 1555, 4491, 1697, 80, 4481, 219, 2, 4489, 77, 247, 6227, 339, 6358, 214, 2008, 4701, 1751, 3803, 4567, 5987, 5348, 4710, 2410, 4973, 2157, 6383, 2416]"
0.78,0.01,0.26270993748858484,"[5893, 2444, 1037, 632, 5648, 157, 7711, 1958, 301, 3390, 1982, 3394, 2004, 6873, 4832, 3554, 6378, 4975, 3576, 4481, 97, 1, 4470]"
0.44,0.01,0.27331777100100707,"[1024, 8577, 7810, 1283, 7044, 4487, 4492, 7179, 5134, 1676, 3987, 5013, 7445, 7957, 7190, 3485, 4254, 8353, 676, 5798, 4647, 4141, 5167, 8498, 8117, 3894, 4918, 8632, 5176, 4153, 5689, 6460, 63, 4160, 6977, 5698, 3522, 5887, 5010, 932, 7589, 6574, 7087, 3504, 6065, 7089, 4020, 1462, 441, 4032, 1989, 1480, 1993, 8165, 6118, 8179, 8425]"
0.17,0.03,0.425359118107956,"[1026, 2054, 1546, 12, 17, 31, 32, 36, 38, 58, 64, 1098, 627, 141, 144, 1697, 4801, 3778, 5827, 2762, 2255, 1248, 5860, 8434, 1785, 5370, 3323, 6910, 4354, 8451, 8452, 1285, 4359, 5388, 271, 276, 2327, 6428, 4901, 1324, 1836, 7469, 1841, 1842, 1847, 2359, 4411, 4926, 833, 6988, 7502, 1872, 5971, 4436, 7006, 880, 881, 4473, 893, 904, 1418, 7051, 1420, 8075, 7566, 914, 5010, 3490, 932, 6574, 7087, 3504, 6065, 7089, 4020, 1462, 951, 441, 442, 4032, 1989, 1480, 8165, 8179]"
0.8,0.0,0.3059710437669616,"[6145, 130, 1285, 4877, 397, 1043, 3098, 3867, 5276, 5789, 2206, 1700, 3881, 7851, 3632, 1330, 6962, 3765, 4663, 568, 4281]"
0.95,0.0,0.17491556420896226,"[2176, 2945, 6531, 7428, 4478, 666]"
0.02,0.02,0.3870396810490284,"[6692, 554, 45, 5680, 7729, 3127, 571, 5182, 1606, 7759, 4176, 2139, 2654, 4192, 6251, 5240, 3194, 4236, 7311, 1684, 3232, 8360, 5812, 1212, 192, 4801, 3778, 5827, 2762, 2255, 1248, 5860, 8434, 1785, 5370, 3323, 6910, 4354, 260, 1285, 4359, 5388, 271, 2327, 6428, 4901, 1836, 7469, 1841, 1842, 1847, 2359, 4411, 4926, 833, 6988, 7502, 5971, 4436, 7006, 3400, 4977, 893, 1418, 1928, 5512, 1419, 6027, 4493, 6028, 8590, 4497, 920, 8093, 7584, 8097, 1443, 6052, 2472, 4015, 1480, 2994, 1970, 7091, 951, 2489, 446, 8136, 3021, 8144, 7124, 7638, 4065, 1521, 1009, 8177, 7671, 3582, 7069]"
0.95,0.0,0.08929467144564018,"[4098, 4198, 8435, 8073, 6562, 6305]"
0.44,0.01,0.33605733571059704,"[1037, 3126, 4664, 3129, 5695, 3144, 3658, 7179, 5134, 1676, 3987, 5013, 7445, 7957, 7190, 3485, 4254, 8353, 676, 5798, 4647, 4141, 5167, 8498, 8117, 3894, 4918, 8632, 5176, 4153, 5689, 6460, 63, 4160, 6977, 5698, 3522, 5887, 5010, 932, 7589, 6574, 3504, 6065, 7089, 4020, 1462, 441, 4033, 1989, 1480, 1993, 8165, 6118, 8179, 8425, 7087]"
0.64,0.01,0.3248203141730024,"[4992, 2050, 1028, 6789, 6227, 3084, 5893, 272, 6801, 1265, 6552, 1287, 402, 6557, 1948, 6558, 8576, 42, 2092, 305, 7347, 2099, 2741, 311, 1804, 2637, 2385, 8403, 2391, 6362, 4707, 7524, 3301, 1638, 5351, 8301, 2415]"
0.42,0.02,0.4350064954067473,"[1, 15, 529, 51, 1907, 171, 38, 97, 172, 162, 920, 734, 113, 5241, 5249, 3729, 6813, 1184, 4774, 2217, 6317, 3759, 2745, 3263, 7365, 7884, 5853, 6376, 5353, 1774, 6384, 5896, 1802, 7435, 7441, 5396, 6423, 2335, 2349, 302, 316, 6974, 7487, 328, 6477, 6484, 8023, 3931, 7004, 1775, 5473, 7529, 3430, 2407, 7026, 3955, 6004, 6519, 6527]"
0.73,0.02,0.34231948614762675,"[2054, 75, 4495, 4497, 4474, 30, 1694, 881, 914, 192, 2926, 4469, 2250, 32, 222, 1461, 1904, 13, 1, 86, 3368, 1663, 6366, 3507, 42, 588, 596, 1326]"
0.32,0.01,0.3923980770958887,"[4354, 260, 1285, 4359, 1418, 7051, 4236, 5388, 7566, 7311, 271, 8075, 1684, 2327, 5784, 6428, 3232, 6692, 4901, 8360, 554, 1836, 45, 7469, 5680, 7729, 1841, 1842, 5812, 3127, 1847, 2359, 571, 1212, 4411, 5182, 4926, 192, 4801, 3778, 5827, 833, 1606, 3194, 2762, 6988, 7502, 7759, 4176, 2255, 5971, 4436, 2139, 2654, 7006, 4192, 1248, 4448, 5860, 6251, 4977, 8434, 5240, 1785, 5370, 3323, 893, 255, 5679]"
0.33,0.03,0.42653559201035895,"[1026, 2, 132, 138, 8458, 13, 141, 15, 16, 17, 144, 8463, 8465, 8467, 276, 1687, 1404, 25, 665, 155, 1184, 1697, 163, 165, 553, 42, 171, 1068, 172, 1324, 1199, 3374, 49, 1326, 51, 1332, 54, 824, 58, 59, 190, 582, 70, 148, 76, 590, 1872, 1873, 596, 856, 734, 736, 97, 614, 4192, 1248, 4448, 5860, 6251, 4977, 8434, 5240, 1785, 3194, 3323, 893, 6910, 255]"
0.98,0.0,0.11864072488046784,"[4618, 7900, 6353]"
0.09,0.02,0.356306722167005,"[5893, 2444, 1037, 632, 5648, 157, 7711, 1958, 301, 3390, 1982, 3394, 2004, 6873, 4832, 5327, 4821, 8407, 730, 219, 224, 8420, 6373, 2791, 1255, 744, 6895, 5363, 8456, 3341, 8463, 1299, 3861, 3862, 1814, 5400, 3353, 3878, 1335, 7991, 1849, 8506, 318, 6463, 6978, 5955, 6980, 325, 327, 845, 1360, 3934, 6497, 360, 3948, 2926, 7535, 1392, 1907, 6516, 7545, 4473, 3964, 4478, 1407, 7553, 4484, 1924, 6534, 6023, 5000, 5512, 4492, 2446, 3984, 6034, 5660, 6040, 5024, 6566, 4007, 1461, 2487, 8636, 4041, 971, 7125, 5610, 3564, 5613, 4081, 5115]"
0.4,0.01,0.3847688376625754,"[2307, 2965, 4621, 1161, 139, 908, 3469, 5391, 5392, 6927, 5522, 3733, 8342, 3734, 8606, 1054, 6561, 6433, 7206, 167, 7975, 810, 2603, 4013, 4784, 1970, 5172, 2102, 4534, 6072, 8377, 2106, 5686, 3382, 7999, 2115, 5572, 197, 3523, 6854, 5321, 4811, 6734, 975, 850, 3667, 4563, 4693, 8018, 1621, 7129, 1370, 2142, 868, 6630, 8550, 4458, 2798, 3695, 4465, 5980]"
0.02,0.03,0.4543984187512733,"[1, 2, 4098, 1026, 2054, 8, 14, 527, 2065, 5143, 24, 4636, 30, 32, 4642, 35, 1060, 553, 2605, 6190, 2610, 54, 2104, 58, 4163, 1092, 67, 70, 1609, 1098, 75, 76, 588, 77, 80, 3668, 87, 2650, 4193, 97, 5734, 1128, 624, 627, 3703, 5755, 5763, 132, 138, 6795, 5856, 5414, 5926, 7982, 6450, 4922, 3902, 6979, 323, 4931, 6473, 7503, 4945, 850, 5984, 3430, 3439, 7026, 2934, 2442, 8588, 2961, 6547, 6035, 406, 8604, 2466, 3496, 2985, 1963, 2477, 1455, 436, 5565, 2510, 5073, 7134, 2017, 2531, 996, 484, 5610, 6123, 7147, 5614, 6643, 6650, 8188, 6651]"
0.43,0.02,0.3846045756331834,"[1026, 2054, 1546, 12, 17, 31, 32, 36, 38, 58, 64, 1098, 627, 141, 144, 1697, 4801, 3778, 5827, 2762, 2255, 1248, 5860, 8434, 1785, 5370, 3323, 6910, 4354, 8451, 8452, 1285, 4359, 5388, 271, 276, 2327, 6428, 4266, 1324, 1836, 7469, 1841, 1842, 1847, 2359, 4411, 4926, 833, 6988, 7502, 1872, 5971, 4436, 7006, 880, 881, 4473]"
0.13,0.02,0.40518389905932994,"[2054, 13, 1555, 1068, 590, 600, 2180, 654, 142, 2704, 1170, 7318, 5783, 2717, 6816, 4769, 163, 1188, 1706, 1709, 4785, 2225, 4276, 5813, 1722, 698, 8378, 2241, 7873, 6338, 4293, 5838, 7887, 4816, 3289, 1245, 3305, 7916, 7405, 2801, 3317, 4855, 3839, 5893, 4366, 5391, 2836, 7449, 6948, 7973, 2854, 1834, 4912, 7474, 5434, 315, 4947, 887, 1409, 4481, 7558, 6025, 2444, 1937, 5011, 3476, 406, 8089, 5529, 1946, 1453, 6573, 7087, 6581, 8119, 1464, 4029, 978, 6101, 6623, 996, 6629, 1510, 7656, 1006, 4093, 2559, 3683]"
0.21,0.01,0.3934321484883684,"[1025, 3078, 2571, 5649, 6674, 8211, 6172, 5668, 7214, 4144, 1075, 4149, 3128, 4665, 3135, 2120, 5707, 594, 2660, 5732, 108, 8300, 5232, 3184, 5239, 638, 6281, 3725, 5774, 4249, 6812, 5277, 5792, 5797, 3758, 6833, 1213, 193, 6346, 7372, 6871, 2775, 7897, 3294, 224, 1863, 3810, 5865, 5363, 4346, 5882, 768, 3344, 4882, 5907, 2841, 1315, 7459, 3880, 2345, 7982, 815, 6555, 8608, 7588, 3519, 7108, 1482, 8140, 3022, 4047, 5073, 5085, 5097, 493, 498, 7671, 2556, 510, 2692]"
0.77,0.01,0.30775258191134147,"[4481, 1, 24, 3750, 40, 7336, 2735, 1716, 55, 67, 3576, 2126, 97, 3554, 4714, 6378, 110, 4975, 7282, 627, 4470, 6776, 6779, 7978]"
0.33,0.01,0.37815891847571803,"[4354, 260, 1285, 4359, 5370, 5229, 1418, 4236, 5388, 8167, 7311, 271, 7366, 1684, 2327, 6428, 3232, 6692, 4901, 8360, 554, 4506, 45, 7469, 5680, 7729, 1841, 1842, 5812, 3127, 1847, 2359, 571, 7566, 4411, 5182, 4926, 192, 4801, 3778, 5827, 833, 1606, 2762, 7051, 7502, 7759, 4176, 2255, 5971, 4436, 2139, 2654, 7006, 4192, 1248, 4448, 5860, 6251, 4977, 8434, 5240, 8075, 3194, 3323, 893, 6910, 255]"
0.96,0.0,0.20551162841340387,"[6145, 130, 1285, 4877, 3788]"
0.87,0.0,0.19695025651139375,"[1025, 4481, 5987, 4422, 4043, 6126, 4527, 8175, 2067, 7059, 3668, 3859, 2000, 3204]"
0.02,0.02,0.3872323558560814,"[2307, 2965, 4621, 5680, 7729, 3127, 571, 4317, 1606, 7759, 4176, 2139, 2654, 4192, 6251, 5240, 3194, 4236, 7311, 1684, 3232, 8360, 5812, 1212, 192, 1970, 4801, 3778, 5827, 2762, 2255, 1248, 5860, 8434, 1785, 5370, 3323, 6910, 4354, 260, 1285, 4359, 5388, 271, 2327, 6428, 4901, 1836, 7469, 1841, 1842, 1847, 2359, 4411, 4926, 833, 6988, 7502, 5971, 4436, 7006, 3400, 4977, 893, 1418, 1928, 5512, 1419, 6027, 4493, 6028, 8590, 4497, 920, 8093, 7584, 8097, 1443, 6052, 2472, 4015, 1480, 2994, 7091, 951, 2489, 446, 8136, 3021, 8144, 7124, 7638, 4065, 1521, 1009, 8177, 7671, 3582, 7069]"
0.78,0.0,0.24682426163703497,"[4448, 260, 6692, 6118, 7589, 8480, 2082, 5926, 1843, 3252, 1339, 966, 8265, 4945, 1746, 8441, 5981, 4446, 5728, 2657, 4065, 2285, 4960]"
0.99,0.0,0.14430721810452274,"[5729, 4493]"
0.76,0.01,0.36425705153477683,"[4199, 15, 529, 51, 1907, 171, 596, 97, 172, 162, 920, 7453, 5279, 1443, 7456, 5944, 2984, 938, 70, 851, 1231, 224, 4471, 8447, 1872]"
0.53,0.03,0.4199852003847111,"[6145, 130, 1285, 1878, 3788, 22, 276, 920, 1305, 26, 25, 277, 1694, 3490, 1443, 162, 806, 1068, 1324, 1326, 1199, 3374, 173, 946, 4488, 54, 824, 442, 318, 64, 192, 3013, 201, 713, 458, 76, 2126, 1231, 80, 208, 600, 614, 1254, 1128, 1904, 370, 1907, 889]"
0.5,0.03,0.3973646018682907,"[2, 2180, 1414, 8455, 8, 4488, 1420, 8462, 6802, 1299, 276, 22, 1305, 26, 25, 1694, 3490, 162, 2600, 553, 172, 1324, 3374, 1199, 173, 5938, 54, 1847, 442, 318, 192, 67, 3013, 713, 458, 590, 1231, 2126, 3923, 3416, 600, 1254, 1128, 1904, 1907, 4470, 4472, 889, 124, 4477, 4478]"
0.81,0.01,0.338164206562766,"[8, 4495, 4496, 402, 920, 3490, 1443, 553, 172, 428, 433, 1461, 54, 951, 318, 67, 458, 590, 1128, 4477]"
0.83,0.01,0.3177059047934201,"[6145, 130, 1285, 4877, 1043, 3098, 3867, 1709, 5789, 30, 2206, 1700, 3881, 2603, 7851, 58, 1694, 6663]"
0.98,0.0,0.06317707258067617,"[6662, 8026, 3135]"
0.25,0.03,0.37283607940521424,"[7553, 1924, 4485, 262, 8455, 8, 264, 3208, 2825, 4488, 1420, 4490, 8462, 8456, 4495, 12, 3984, 8081, 277, 6034, 8597, 918, 6040, 413, 5024, 294, 6566, 40, 553, 4007, 2472, 172, 5033, 1451, 7093, 2102, 2487, 8636, 6077, 958, 3564, 67, 5000, 3526, 201, 4041, 75, 971, 590, 1231, 5613, 5512, 7125, 3038, 6023, 1128, 5610, 7659, 2026, 618, 2028, 3948, 1904, 2926, 7535, 1392, 6534, 370, 6516, 4081, 7545, 5626, 5115, 3964, 1407, 4700]"
0.96,0.0,0.2792291599121478,"[1, 6562, 15, 529, 51]"
0.84,0.01,0.32957895467981346,"[1026, 1094, 1546, 582, 428, 402, 132, 4487, 1128, 58, 138, 8460, 429, 881, 1461, 24, 665]"
0.07,0.03,0.45542696932289206,"[1, 2, 4098, 1026, 2054, 8, 14, 527, 2065, 5143, 24, 4636, 30, 32, 4642, 35, 1060, 553, 2605, 6190, 2610, 54, 2104, 58, 4163, 1092, 67, 1609, 70, 1098, 75, 76, 588, 77, 80, 3668, 87, 2650, 4193, 5734, 1128, 624, 627, 97, 3703, 5755, 124, 5763, 6795, 138, 5414, 5926, 132, 7982, 6450, 4922, 3902, 6979, 323, 4931, 6473, 7503, 4945, 850, 5984, 3430, 3439, 7027, 2934, 2442, 8588, 2961, 6547, 6035, 406, 8604, 2466, 2985, 1963, 2477, 1455, 436, 5565, 2510, 5073, 7134, 2017, 2531, 996, 484, 5610, 6123, 7147, 5614]"
0.96,0.0,0.16626286417531344,"[4992, 2050, 1028, 3873, 6227]"
0.89,0.0,0.2546780204876504,"[4448, 260, 6692, 6118, 7589, 1128, 1993, 7311, 2640, 1904, 318, 3662]"
0.87,0.01,0.343471571836107,"[32, 64, 1026, 6786, 36, 2054, 38, 1546, 1098, 12, 627, 58, 91, 31]"
0.91,0.01,0.2232371223486187,"[1792, 2049, 8448, 1539, 4099, 4484, 34, 4477, 318, 67]"
0.49,0.01,0.3227480870020506,"[5893, 8456, 2444, 1037, 3341, 8463, 5648, 1299, 3861, 3862, 1814, 5400, 3353, 157, 7711, 1958, 3878, 301, 1335, 7991, 1849, 8506, 1982, 3390, 318, 6463, 3394, 6978, 5955, 6980, 325, 327, 845, 5327, 1360, 2004, 4821, 8407, 6873, 730, 219, 4832, 224, 8420, 6373, 2791, 1255, 744, 6895, 5363, 632, 6337]"
0.29,0.03,0.42634909732760773,"[6692, 554, 45, 5680, 7729, 138, 201, 4473, 8450, 141, 806, 906, 824, 8456, 8453, 15, 527, 920, 1443, 946, 4474, 38, 614, 4476, 192, 76, 80, 1326, 64, 1068, 54, 127, 370, 1499, 1324, 1305, 1414, 442, 8462, 1254, 1420, 26, 1199, 8455, 1904, 22, 4472, 2134, 1231, 124, 25, 3374, 713, 1299, 1907, 1128, 458, 276, 889, 173, 208, 4478, 318, 2126, 1694, 600, 4470, 277, 2, 4488, 3013, 2180]"
0.28,0.02,0.39991337993772713,"[1026, 4354, 8451, 8452, 2054, 1285, 4359, 1546, 12, 141, 5388, 271, 144, 17, 5010, 276, 2327, 6428, 31, 32, 1697, 36, 4901, 38, 932, 1324, 1836, 7469, 6574, 7087, 1841, 1842, 3504, 6065, 7089, 4020, 1847, 2359, 1462, 58, 4411, 441, 4926, 64, 4801, 3778, 5827, 833, 1989, 1480, 1098, 2762, 6988, 7502, 2255, 1872, 5971, 4436, 7006, 1248, 5860, 8165, 4473, 880, 881, 8434, 627, 8179, 1785, 5370, 3323, 6910, 3402]"
0.99,0.0,0.1956858600117889,"[1, 4485]"
0.95,0.0,0.20248235285645733,"[197, 5370, 354, 893, 255, 5679]"
0.63,0.01,0.28245881966781183,"[8576, 5893, 2054, 1287, 3084, 1804, 4495, 272, 6801, 6552, 1948, 412, 6557, 6558, 42, 2092, 305, 7347, 2099, 2741, 311, 2637, 2385, 8403, 2391, 6362, 4707, 7524, 3301, 1638, 5351, 8301, 2415, 1265, 4982, 7415, 3708, 4095]"
0.88,0.0,0.21044249549113714,"[4481, 2, 5987, 3204, 4422, 4043, 6126, 4527, 8175, 2000, 2067, 7059, 3668]"
0.45,0.01,0.29391644760164004,"[2176, 2945, 6531, 7428, 6661, 3463, 3592, 1161, 139, 908, 3469, 5391, 6927, 5010, 3485, 4254, 8353, 676, 932, 5798, 4647, 7589, 4141, 6574, 5167, 3504, 6065, 8498, 7089, 4020, 8117, 3894, 4918, 8632, 5176, 5689, 6460, 1462, 441, 63, 4160, 6977, 5698, 3522, 4033, 1989, 1480, 1993, 7087, 8165, 6118, 8425, 8301, 8179, 4478, 5887]"
0.97,0.0,0.12544971049584985,"[2993, 3859, 91, 6625]"
0.56,0.02,0.3758708236934346,"[4482, 8451, 2054, 8, 8458, 4491, 4492, 13, 14, 4495, 15, 8465, 144, 4499, 277, 24, 665, 1819, 413, 30, 1443, 35, 294, 3368, 40, 1068, 429, 1199, 433, 1332, 1461, 824, 442, 200, 76, 588, 590, 1231, 851, 231, 4470, 1404, 4477, 8446, 5831]"
0.89,0.0,0.23816963810272385,"[5249, 5987, 4422, 8, 4043, 3612, 4527, 8175, 2000, 2067, 7059, 3668]"
0.94,0.0,0.11524989334839508,"[6562, 4098, 4198, 8073, 5679, 8435, 7139]"
0.34,0.01,0.4091744794780474,"[1, 2, 1026, 8, 1418, 7051, 4236, 5388, 8075, 7311, 271, 7566, 1684, 2327, 4506, 6428, 3232, 6692, 4901, 8360, 554, 45, 7469, 5680, 7729, 1841, 1842, 5812, 3127, 1847, 2359, 571, 4411, 5182, 4926, 192, 4801, 3778, 5827, 833, 7366, 1606, 3194, 2762, 7502, 7759, 4176, 2255, 5971, 2139, 2654, 7006, 4192, 1248, 4448, 5860, 8167, 6251, 5229, 4977, 8434, 5240, 5370, 3323, 893, 6910, 255]"
0.12,0.02,0.3853719961870521,"[1037, 2139, 2654, 4192, 6251, 5240, 3194, 4236, 7311, 1684, 3232, 8360, 5812, 1212, 192, 4801, 3778, 5827, 2762, 2255, 1248, 5860, 8434, 1785, 5370, 3323, 6910, 4354, 260, 1285, 4359, 5388, 271, 2327, 6428, 4901, 1836, 7469, 1841, 1842, 1847, 2359, 4411, 4926, 833, 6988, 7502, 5971, 4436, 7006, 3400, 5013, 893, 1418, 1928, 5512, 1419, 6027, 4493, 6028, 8590, 4497, 920, 8093, 7584, 8097, 1443, 6052, 2472, 4015, 1480, 2994, 1970, 7091, 951, 2489, 446, 8136, 3021, 8144, 7124, 7638, 4065, 1521, 1009, 8177, 7671, 3582, 7069]"
0.33,0.03,0.4179255572060435,"[2250, 3490, 359, 8463, 8456, 67, 2054, 1694, 15, 16, 17, 144, 8465, 8467, 276, 1687, 1404, 25, 665, 155, 1184, 1697, 163, 165, 553, 42, 171, 1068, 172, 1324, 1199, 3374, 49, 1326, 51, 1332, 54, 824, 58, 59, 190, 582, 70, 148, 76, 590, 1872, 1873, 596, 856, 734, 736, 79, 614, 4192, 1248, 4448, 5860, 6251, 4977, 8434, 5240, 1785, 3194, 3323, 893, 6910, 255]"
0.07,0.03,0.4524448647794329,"[2993, 2, 4098, 1026, 2054, 8, 14, 527, 2065, 5143, 24, 4636, 30, 32, 4642, 35, 1060, 553, 2605, 6190, 2610, 54, 2104, 58, 4163, 1092, 67, 1609, 70, 1098, 3855, 76, 588, 77, 80, 3668, 87, 2650, 4193, 5734, 1128, 624, 627, 97, 3703, 5755, 124, 5763, 6795, 138, 5414, 5926, 132, 7982, 6450, 4922, 3902, 6979, 323, 4931, 6473, 7503, 4945, 850, 5984, 3430, 3439, 7027, 2934, 2442, 8588, 2961, 6547, 6035, 406, 8604, 2466, 2985, 1963, 2477, 1455, 436, 5565, 2510, 5073, 7134, 2017, 2531, 996, 484, 5610, 6123, 7147, 5614]"
0.26,0.03,0.4172368865161191,"[6145, 130, 1285, 4877, 397, 1043, 3098, 3867, 5276, 5789, 2206, 1700, 3881, 7851, 8456, 15, 527, 920, 1443, 946, 4474, 30, 614, 4476, 76, 80, 1326, 64, 1068, 54, 127, 370, 1499, 1324, 1305, 1414, 442, 1254, 8462, 26, 192, 1420, 1199, 1904, 22, 4472, 162, 124, 8455, 1231, 25, 3374, 713, 1299, 1907, 1128, 458, 276, 889, 173, 165, 1392, 6534, 7553, 6516, 3564, 5613, 277, 4081, 7545, 5626, 5115, 3964, 1407, 4488]"
0.74,0.01,0.2758165706208179,"[8576, 5893, 2054, 1287, 3084, 1804, 4495, 272, 6801, 6552, 1948, 412, 6557, 6558, 42, 2092, 305, 7347, 2099, 2741, 311, 2637, 2385, 8403, 2391, 6362, 893]"
0.22,0.03,0.4026039596759705,"[1, 2050, 15, 527, 30, 36, 1068, 54, 64, 76, 80, 614, 127, 2692, 138, 141, 201, 219, 1254, 8450, 8453, 8456, 1305, 6431, 4386, 7460, 806, 4902, 1324, 1326, 1842, 7479, 824, 1851, 5437, 7488, 6465, 6991, 855, 4957, 3936, 5482, 1387, 364, 370, 3955, 6004, 6519, 4473, 4474, 4476, 6527, 2949, 1414, 4487, 906, 920, 8088, 6555, 8608, 1443, 7588, 946, 442, 3519, 7108, 1482, 8140, 3022, 4047, 5073, 1499, 5085, 5097, 493, 498, 7671, 2556, 510]"
0.02,0.03,0.40518702440245735,"[252, 172, 1904, 318, 590, 553, 4477, 8, 1128, 54, 67, 1305, 428, 26, 8620, 4287, 815, 7988, 1844, 8119, 5176, 691, 5315, 5701, 7114, 7502, 465, 5713, 4051, 2516, 2137, 1248, 5860, 8434, 1785, 5370, 3323, 6910, 4354, 260, 1285, 4359, 5388, 271, 2327, 6428, 4901, 1836, 7469, 1841, 1842, 1847, 2359, 4411, 4926, 833, 6988, 5971, 4436, 7006, 3400, 4977, 893, 1418, 1928, 5512, 1419, 6027, 4493, 6028, 8590, 4497, 920, 8093, 7584, 8097, 1443, 6052, 2472, 4015, 1480, 2994, 1970, 7091, 951, 2489, 446, 8136, 3021, 8144, 7124, 7638, 4065, 1521, 1009, 8177, 7671, 3582, 7069]"
0.71,0.02,0.3360156327262236,"[3490, 67, 2054, 359, 8456, 582, 2250, 138, 8460, 429, 428, 1068, 290, 141, 55, 8457, 8448, 4477, 73, 62, 35, 247, 596, 2, 590, 1697, 4481, 97, 1051, 4470]"
0.92,0.01,0.28505900512343363,"[1026, 2, 132, 138, 3379, 13, 141, 600, 8463]"
0.25,0.02,0.43505513822337494,"[4992, 2050, 1028, 6789, 6227, 3084, 5893, 272, 6801, 1265, 6552, 1287, 412, 6557, 1948, 6558, 8576, 42, 2092, 305, 7347, 2099, 2741, 311, 1804, 2637, 2385, 8403, 2391, 6362, 4707, 7524, 3301, 1638, 2073, 8301, 2487, 8636, 6077, 958, 3564, 67, 5000, 3526, 201, 4041, 75, 971, 590, 1231, 5613, 5512, 7125, 3038, 6023, 1128, 5610, 7659, 2026, 618, 2028, 3948, 1904, 2926, 7535, 1392, 6534, 370, 6516, 4081, 7545, 5626, 5115, 3964, 1407, 4700]"
0.19,0.03,0.37896055944683427,"[15, 529, 51, 596, 97, 4199, 1145, 1663, 5760, 641, 2690, 2703, 2705, 8343, 668, 6300, 5279, 1184, 162, 171, 172, 3243, 5804, 7852, 1254, 233, 8456, 8457, 8459, 277, 1305, 7453, 7456, 3934, 6497, 360, 3948, 2926, 7535, 1392, 1907, 4468, 6516, 7545, 4473, 1404, 3964, 382, 1407, 4478, 7553, 4484, 1924, 6534, 6023, 5000, 5512, 1420, 4492, 2446, 3984, 6034, 2454, 920, 6040, 5024, 1443, 6566, 4007, 2984, 938, 1461, 2487, 8636, 4041, 971, 7125, 5610, 3564, 5613, 4081, 5115]"
0.11,0.03,0.44976509011948296,"[2993, 3859, 91, 6625, 30, 32, 4642, 35, 1060, 553, 2605, 6190, 2610, 54, 2104, 58, 4163, 1092, 67, 70, 1609, 1098, 75, 76, 588, 77, 80, 3668, 87, 2650, 4193, 97, 5734, 1128, 624, 627, 3703, 5755, 124, 5763, 132, 138, 6795, 5414, 5926, 7982, 6450, 4922, 3902, 6979, 323, 4931, 6473, 7503, 4945, 850, 5984, 3430, 3439, 7026, 2934, 2442, 8588, 2961, 1207, 6035, 406, 8604, 2466, 2985, 1963, 2477, 1455, 436, 5565, 2510, 5073, 7134, 2017, 2531, 996, 484, 5610, 6123, 7147, 5614, 6643, 2040, 8188, 3496]"
0.67,0.01,0.27139771831002824,"[1025, 3078, 2571, 5649, 6674, 8211, 6172, 5668, 7214, 4144, 1075, 5155, 3128, 4665, 3135, 2120, 5707, 594, 2660, 5732, 108, 8300, 5232, 3184, 5239, 638, 6281, 3725, 5774, 4249, 6812, 5277, 5792, 5797]"
0.78,0.01,0.3571279864816549,"[32, 64, 1026, 6625, 36, 2054, 38, 1546, 1098, 12, 627, 58, 91, 31, 8636, 4041, 971, 7125, 5610, 3564, 5613, 4081, 5115]"
0.48,0.01,0.32793256655063574,"[5249, 8456, 2444, 3341, 1037, 8463, 5648, 1299, 3861, 3862, 1814, 5400, 3353, 157, 7711, 1958, 3878, 301, 1335, 7991, 1849, 8506, 1982, 3390, 318, 6463, 3394, 6978, 5955, 6980, 325, 327, 6337, 845, 5327, 1360, 2004, 4821, 8407, 6873, 730, 219, 4832, 224, 8420, 6373, 2791, 1255, 744, 6895, 5363, 632, 5065]"
0.82,0.01,0.3218661279394027,"[32, 1697, 8452, 58, 38, 6663, 3881, 1546, 2603, 7851, 144, 17, 914, 880, 30, 4473, 442, 1694, 8560]"
0.17,0.03,0.42536220717079476,"[2050, 7971, 36, 219, 1, 138, 201, 4473, 8450, 806, 141, 906, 824, 8456, 8453, 15, 527, 920, 1443, 946, 4474, 614, 4476, 38, 76, 80, 1326, 1068, 54, 127, 370, 64, 1285, 4359, 1324, 5388, 442, 271, 6834, 6428, 4901, 1836, 7469, 1420, 1841, 1842, 1847, 2359, 4411, 4926, 833, 6988, 7502, 1872, 5971, 4436, 7006, 880, 881, 276, 893, 904, 1418, 7051, 8075, 7566, 914, 5010, 3490, 932, 6574, 7087, 3504, 6065, 7089, 4020, 1462, 951, 441, 4032, 1989, 1480, 8165, 8179]"
0.54,0.02,0.3863078419060548,"[7073, 2696, 13, 15, 5648, 17, 16, 25, 26, 7711, 553, 42, 1068, 49, 51, 59, 62, 70, 1098, 590, 596, 97, 632, 1663, 132, 138, 141, 144, 665, 155, 157, 1184, 1697, 165, 171, 172, 1199, 190, 6873, 736, 231, 8446, 5893, 8458, 8459, 8465, 276]"
0.61,0.01,0.2880556801832733,"[8576, 5893, 2054, 1287, 3084, 1804, 4495, 272, 6801, 6552, 412, 1948, 6557, 6558, 42, 2092, 305, 7347, 2099, 2741, 311, 5831, 2637, 2385, 8403, 2391, 6362, 4707, 7524, 3301, 1638, 5351, 8301, 2415, 1265, 4982, 7415, 3708, 4095, 4573]"
0.9,0.01,0.3101791187301539,"[1, 2, 4098, 1026, 2054, 8, 14, 527, 2065, 5143, 4636]"
0.88,0.0,0.18437714429618213,"[4448, 260, 6692, 6118, 7589, 1993, 7311, 2640, 6802, 3923, 5938, 1847, 4990]"
0.99,0.0,0.11683951293996131,"[1037, 8448]"
0.85,0.0,0.23435146406376006,"[4832, 3394, 5893, 1958, 2444, 301, 5327, 5648, 1982, 2004, 4821, 632, 6873, 157, 3390, 7711]"
0.13,0.03,0.42168913637271044,"[1026, 2054, 1546, 12, 17, 1556, 31, 32, 36, 38, 58, 64, 1098, 627, 141, 144, 1697, 8451, 4359, 5388, 271, 276, 2327, 6428, 4901, 1324, 1836, 7469, 1841, 1842, 1847, 2359, 4411, 4926, 833, 3400, 6988, 7502, 1872, 5971, 4436, 7006, 880, 881, 4473, 893, 904, 1928, 1418, 5512, 1420, 4493, 8590, 6028, 1419, 4497, 914, 6027, 5013, 920, 8093, 7069, 7584, 8097, 3490, 1443, 6052, 2472, 4015, 2994, 1970, 7091, 951, 2489, 442, 446, 1480, 8136, 3021, 8144, 7124, 7638, 4065, 1521, 1009, 8177, 7671, 3582]"
0.18,0.04,0.4408893415431575,"[2, 13, 15, 527, 16, 22, 25, 26, 553, 42, 1068, 51, 54, 59, 64, 1098, 590, 596, 97, 2180, 132, 6281, 650, 138, 141, 3725, 665, 1694, 1697, 162, 171, 172, 173, 1199, 192, 201, 713, 736, 231, 8453, 8455, 8456, 8458, 8462, 8465, 1299, 276, 277, 1305, 806, 1324, 1326, 3374, 824, 318, 1873, 851, 1907, 4470, 4473, 4474, 1404, 4481, 4483, 1414, 4488, 906, 7051, 1420, 8078, 2454, 920, 3490, 1443, 433, 946, 3507, 1461, 442, 3013, 458, 2016, 4741]"
0.88,0.0,0.21699443397303386,"[4354, 260, 1285, 4359, 5370, 5229, 3923, 5938, 3416, 4448, 7309, 6692, 1847]"
0.33,0.01,0.37166982008870786,"[4448, 260, 6692, 6118, 7589, 1993, 7311, 2640, 6802, 1418, 4236, 1847, 5388, 8167, 271, 7366, 1684, 2327, 6428, 3232, 4901, 8360, 554, 4506, 45, 7469, 5680, 7729, 1841, 1842, 5812, 3127, 2359, 571, 7566, 4411, 5182, 4926, 192, 4801, 3113, 5827, 833, 1606, 2762, 7051, 7502, 7759, 4176, 2255, 5971, 4436, 2139, 2654, 7006, 4192, 1248, 5860, 6251, 4977, 8434, 5240, 8075, 3194, 3323, 893, 6910, 255]"
0.53,0.01,0.34434428684408147,"[2307, 2965, 4621, 1161, 139, 908, 2411, 5391, 5392, 6927, 5522, 3733, 8342, 3734, 8606, 1054, 6561, 6433, 7206, 167, 7975, 810, 2603, 4013, 4784, 1970, 5172, 2102, 4534, 6072, 8377, 2106, 5686, 3382, 7999, 2115, 5572, 197, 3523, 6854, 5321, 4811, 6734, 975, 850, 3667, 4563, 4693]"
0.92,0.01,0.2349366424294358,"[8448, 2049, 3490, 1539, 67, 4484, 34, 4477, 318]"
0.3,0.03,0.41222011563036265,"[1, 2, 1026, 132, 2180, 8455, 8, 4488, 1418, 7051, 4236, 5388, 8075, 7311, 271, 7566, 8462, 1420, 1684, 1934, 22, 2327, 1299, 25, 4506, 26, 6428, 276, 1694, 3232, 162, 6692, 4901, 8360, 554, 45, 7469, 1199, 5680, 7729, 1841, 1842, 5812, 3374, 173, 3127, 1847, 2359, 442, 571, 4411, 5182, 4926, 192, 4801, 3778, 5827, 833, 318, 3013, 713, 458, 1231, 600, 1254, 1128, 1904, 1907, 889, 124, 4478]"
0.62,0.02,0.34872317659845165,"[4483, 132, 2054, 4488, 8458, 13, 4495, 16, 8465, 8463, 4497, 2454, 553, 42, 171, 172, 433, 3507, 51, 1461, 54, 824, 59, 318, 64, 192, 3013, 201, 713, 1873, 736, 2016, 231, 618, 1907, 4473, 4474, 1404, 4478]"
0.7,0.02,0.35196877774697366,"[8448, 1, 2, 1026, 4481, 2054, 1546, 8460, 14, 527, 20, 24, 1051, 1697, 3490, 35, 40, 553, 1068, 428, 62, 67, 73, 2250, 590, 596, 97, 4470, 247, 4477, 6714]"
0.72,0.02,0.3367726094047585,"[1792, 2, 4481, 2054, 8456, 8457, 138, 8460, 141, 1051, 1697, 290, 35, 428, 429, 1068, 55, 62, 67, 582, 73, 2250, 590, 596, 97, 359, 4470, 247, 4477]"
0.01,0.02,0.39506028126416914,"[2054, 3084, 42, 2092, 2099, 2637, 6801, 7347, 2741, 192, 4801, 3778, 5827, 2762, 2255, 8403, 1248, 5860, 8434, 1785, 5370, 3323, 6910, 4354, 260, 5893, 1285, 1287, 4359, 1804, 5388, 271, 272, 2327, 6428, 4901, 1836, 7469, 305, 1841, 1842, 311, 1847, 2359, 4411, 4926, 833, 3400, 6988, 7502, 2385, 5971, 4436, 7006, 4977, 893, 8576, 1928, 5512, 1418, 1419, 6027, 4493, 8590, 4495, 6028, 4497, 6552, 920, 412, 1948, 6557, 6558, 8093, 7584, 8097, 1443, 6052, 7069, 2472, 4015, 1970, 2994, 7091, 951, 2489, 446, 1480, 8136, 3021, 8144, 7124, 7638, 4065, 1521, 1009, 8177, 7671, 3582, 118]"
0.68,0.02,0.3691187884563355,"[1026, 2, 132, 138, 13, 141, 15, 16, 17, 144, 8463, 8465, 8467, 276, 1687, 665, 25, 155, 1184, 1697, 163, 165, 553, 42, 171, 1068, 172, 1324, 1199, 3374, 49, 1326, 1404]"
0.77,0.01,0.31010437715557204,"[4495, 8465, 31, 416, 1068, 429, 824, 58, 442, 8636, 200, 4041, 458, 971, 7125, 91, 5610, 3564, 5613, 4081, 627, 4470, 5115, 2846]"
0.81,0.0,0.22720306455823036,"[4448, 260, 6692, 6118, 7589, 8480, 2082, 5926, 1843, 3252, 1339, 966, 8265, 4945, 1746, 8441, 5981, 850, 5728, 2657]"
0.9,0.01,0.2537481835436617,"[2050, 7971, 36, 219, 1, 138, 201, 4473, 8450, 4636, 1956]"
0.27,0.03,0.4210165583257095,"[6145, 130, 7553, 1285, 1414, 8455, 8456, 6534, 5370, 1420, 397, 4877, 15, 527, 8462, 1043, 1299, 276, 22, 1785, 920, 1305, 3098, 3867, 5276, 5789, 2206, 30, 26, 25, 162, 1443, 1700, 165, 3881, 7851, 1068, 1324, 1326, 1199, 3374, 173, 946, 54, 442, 64, 192, 713, 458, 3402, 76, 1231, 80, 1499, 614, 1254, 1128, 3564, 1904, 124, 370, 1907, 1392, 6516, 627, 8179, 4472, 889, 4474, 3323, 4476, 6910, 127, 4923]"
0.28,0.03,0.40022557209705467,"[1414, 458, 824, 8465, 4470, 442, 4495, 1068, 429, 1404, 3368, 4491, 1461, 1443, 413, 15, 590, 40, 8451, 294, 1231, 5783, 4257, 5797, 678, 4742, 7353, 1841, 1842, 3504, 6065, 7089, 4020, 1847, 2359, 1462, 58, 4411, 441, 4926, 64, 4801, 3778, 5827, 833, 1989, 1480, 1098, 2762, 6988, 7502, 141, 144, 2255, 1872, 5971, 4436, 7006, 1248, 5860, 8165, 880, 8434, 627, 8179, 1785, 5370, 3323, 276, 6910, 3402, 881, 4482]"
0.12,0.02,0.4215287175538749,"[5131, 1573, 2099, 7229, 4161, 6728, 1128, 624, 627, 3703, 5755, 124, 5763, 132, 138, 6795, 1167, 7827, 6814, 159, 8353, 7846, 172, 6320, 6325, 1207, 1212, 1308, 797, 8480, 5414, 1319, 5926, 7982, 6450, 8505, 5434, 4922, 3902, 6979, 323, 4931, 6473, 6986, 4940, 7503, 4945, 850, 5984, 3430, 3439, 7026, 2934, 2442, 8588, 2961, 406, 8604, 1948, 7582, 2466, 932, 5543, 3496, 2985, 3498, 1963, 2477, 6574, 1455, 7603, 436, 4023, 5565, 1995, 2510, 5073, 7134, 2017, 2531, 996, 484, 5610, 6123, 7147, 5614, 6643, 2040, 8188]"
0.99,0.0,0.11135007563017196,"[197, 4086]"
0.65,0.02,0.3407243278062957,"[3490, 67, 2054, 359, 8456, 582, 2250, 138, 8460, 429, 428, 1068, 290, 141, 55, 8457, 8448, 4477, 73, 1274, 35, 247, 596, 2, 590, 1697, 4481, 97, 1051, 4470, 1255, 744, 6895, 5363, 632, 5065]"
0.58,0.02,0.38576387734893913,"[1026, 2054, 1546, 2243, 17, 31, 247, 38, 32, 224, 4499, 665, 1819, 413, 1404, 8446, 1443, 35, 3368, 1068, 429, 1199, 433, 1461, 1332, 824, 442, 200, 588, 590, 40, 1231, 851, 1430, 4470, 4477, 231, 4492, 14, 4495, 277, 30, 24]"
0.1,0.02,0.34995404587425083,"[8200, 2574, 5660, 4748, 1684, 5327, 4821, 8407, 6873, 730, 219, 4832, 224, 8420, 6373, 2791, 1255, 744, 6895, 5363, 769, 8456, 7946, 6413, 6926, 8463, 3341, 1299, 3861, 3862, 279, 1814, 5400, 3353, 3878, 1335, 7991, 1849, 8506, 318, 6463, 6978, 5955, 6980, 325, 327, 845, 1360, 3934, 6497, 360, 3948, 2926, 7535, 1392, 1907, 6516, 4473, 7545, 3964, 4478, 1407, 5505, 7553, 4484, 1924, 6534, 6023, 5000, 5512, 1932, 4492, 2446, 3984, 6034, 5528, 6040, 5024, 6566, 4007, 1461, 2487, 8636, 4041, 971, 7125, 5610, 3564, 5613, 4081, 5115]"
0.48,0.03,0.3922665790976828,"[1026, 2054, 1546, 12, 17, 31, 247, 38, 32, 58, 1068, 429, 1098, 627, 1404, 141, 144, 3368, 4491, 1461, 1443, 413, 15, 590, 40, 294, 1231, 2026, 76, 4477, 231, 30, 1199, 433, 4499, 8451, 276, 588, 163, 8, 14, 851, 1904, 24, 806, 4493, 8460, 4486, 1332, 632, 1299, 5065, 8463]"
1.0,0.0,0.12108791091327487,[8448]
0.01,0.02,0.41174535067615214,"[2054, 13, 1555, 1068, 7729, 3127, 571, 1606, 7759, 4176, 2139, 2654, 4192, 6251, 5240, 3194, 4236, 7311, 1684, 3232, 8360, 5812, 1212, 192, 4801, 3778, 5827, 2762, 2255, 4317, 1248, 5860, 8434, 1785, 5370, 3323, 6910, 4354, 260, 1285, 4359, 5388, 271, 2327, 6428, 4901, 1836, 7469, 1841, 1842, 1847, 2359, 4411, 4926, 833, 3400, 6988, 7502, 5971, 4436, 7006, 4977, 893, 1928, 5512, 1418, 1419, 6027, 4493, 8590, 6028, 4497, 920, 8093, 7069, 7584, 8097, 1443, 6052, 2472, 4015, 1970, 2994, 7091, 951, 2489, 446, 1480, 8136, 3021, 8144, 7124, 7638, 4065, 1521, 1009, 8177, 7671, 3582, 6174]"
0.74,0.0,0.2774592183021758,"[260, 7311, 6802, 6692, 7589, 1339, 966, 1993, 8265, 2640, 4945, 1746, 3923, 5981, 4446, 4448, 5728, 4065, 5858, 4960, 6118, 101, 2537, 3562, 3947, 1270, 8441]"
0.94,0.0,0.08937288427814483,"[4832, 6305, 3394, 6562, 5893, 1958, 7668]"
0.84,0.0,0.28111851085286743,"[2016, 7073, 3013, 4741, 5735, 2695, 2505, 458, 5262, 4848, 442, 7890, 5781, 8537, 7482, 6907, 3412]"
0.27,0.03,0.42519691190887143,"[1026, 2054, 1546, 2243, 17, 31, 8456, 6534, 5370, 1420, 397, 4877, 15, 527, 8462, 1043, 1443, 1299, 276, 1068, 22, 1199, 1785, 920, 1305, 3098, 442, 3867, 5276, 5789, 2206, 26, 1231, 25, 162, 1700, 165, 3881, 7851, 1324, 1326, 30, 3374, 173, 946, 54, 64, 192, 713, 458, 3402, 76, 80, 1499, 614, 1254, 1128, 3564, 1904, 124, 370, 1907, 1392, 6516, 627, 8179, 4472, 275, 4474, 3323, 4476, 6910, 127, 4923]"
0.89,0.01,0.24254353527879824,"[8448, 2049, 3490, 1539, 67, 4484, 34, 4477, 187, 359, 4470, 247]"
0.22,0.01,0.3865329139882271,"[4832, 3394, 5893, 1958, 2444, 301, 5327, 5648, 1982, 2004, 4821, 632, 6873, 157, 3390, 7711, 2160, 4216, 7291, 2184, 7307, 4237, 3214, 158, 7839, 1706, 1197, 6324, 6836, 5813, 3771, 701, 6334, 8397, 4815, 3795, 2269, 6367, 2277, 2455, 8438, 7930, 1788, 1282, 6407, 3849, 265, 5394, 1309, 5917, 8481, 4389, 4902, 7985, 819, 2365, 1866, 2385, 3935, 5989, 2923, 4479, 5014, 7577, 927, 6571, 5555, 5566, 447, 3016, 2010, 486, 4587, 2540, 4593, 7158, 4090, 5117, 6654]"
0.71,0.02,0.3431936181956998,"[2993, 40, 294, 1231, 2026, 76, 4477, 360, 30, 1199, 433, 4499, 8451, 276, 588, 163, 8, 14, 851, 1904, 24, 806, 4493, 8460, 4486, 1332, 632, 1299, 5065, 8463]"
0.76,0.01,0.25584151462905913,"[1037, 2139, 2654, 4192, 6251, 5240, 3194, 4236, 7311, 1684, 3232, 8360, 5812, 1212, 1015, 4801, 3778, 5827, 2762, 2255, 1248, 5860, 8434, 1785, 4497]"
0.75,0.02,0.34017948561281497,"[1792, 2, 4481, 2054, 8456, 8457, 138, 8460, 141, 1051, 1697, 290, 35, 428, 429, 1068, 55, 62, 67, 1642, 73, 2250, 590, 596, 97, 4477]"
0.28,0.03,0.41799216770804926,"[260, 1285, 1414, 8455, 8456, 6534, 1420, 397, 4877, 15, 527, 8462, 1043, 1299, 276, 22, 920, 1305, 3098, 3867, 5276, 5789, 2206, 30, 26, 25, 162, 1443, 6692, 1700, 165, 3881, 7851, 1068, 1324, 1199, 3374, 173, 946, 54, 442, 4923, 64, 192, 713, 458, 3402, 76, 1231, 80, 1499, 4476, 889, 4448, 614, 1254, 1128, 3564, 4474, 1904, 1392, 370, 627, 1907, 6516, 8179, 4472, 1785, 5370, 3323, 124, 6910, 127]"
0.07,0.03,0.43534406046801843,"[6145, 130, 7553, 1285, 1414, 8455, 8456, 6534, 5370, 1420, 397, 4877, 15, 527, 8462, 1043, 1299, 276, 22, 1785, 920, 4492, 3098, 3867, 5276, 5789, 2206, 30, 26, 25, 162, 1443, 1700, 165, 3881, 7851, 1068, 1324, 1326, 1199, 3374, 173, 946, 442, 54, 64, 192, 713, 458, 3402, 1231, 1499, 614, 76, 80, 1254, 3564, 1904, 370, 1907, 124, 1392, 1128, 6516, 8179, 4472, 889, 627, 4474, 3323, 4476, 6910, 127, 4923, 406, 8604, 2466, 2985, 1963, 2477, 1455, 436, 5565, 2510, 5073, 7134, 2017, 2531, 996, 484, 5610, 6123, 7147, 5614]"
0.67,0.02,0.37818325142108156,"[8448, 1, 2, 1026, 4481, 2054, 1546, 8460, 14, 527, 20, 24, 1051, 155, 1184, 1697, 3490, 35, 163, 165, 40, 553, 42, 171, 1068, 428, 172, 1324, 1199, 3374, 49, 1326, 1404, 3975]"
0.85,0.0,0.22231746179077339,"[4992, 2050, 1028, 3873, 6227, 5860, 6251, 4977, 8434, 5240, 8075, 3194, 3323, 893, 6910, 257]"
0.09,0.02,0.3504416620451978,"[5893, 2444, 1037, 632, 5648, 157, 7711, 1958, 301, 555, 6412, 3394, 2004, 6873, 4832, 5327, 4821, 8407, 1981, 219, 224, 8420, 6373, 2791, 1255, 744, 6895, 5363, 8456, 3341, 8463, 1299, 3861, 3862, 1814, 5400, 3353, 3878, 1335, 7991, 1849, 8506, 318, 6463, 6978, 5955, 6980, 325, 327, 845, 1360, 3934, 6497, 360, 3948, 2926, 7535, 1392, 1907, 6516, 7545, 4473, 3964, 5198, 1407, 7553, 4484, 1924, 6534, 6023, 5000, 5512, 4492, 2446, 3984, 6034, 5660, 6040, 5024, 6566, 4007, 1461, 2487, 8636, 4041, 971, 7125, 581, 3564, 5613, 5314, 5115]"
0.21,0.02,0.40678684314707914,"[1, 2, 4098, 1026, 2054, 5648, 7711, 2160, 4216, 632, 7291, 2184, 7307, 4237, 3214, 157, 158, 7839, 1706, 1197, 6324, 6836, 5813, 3771, 701, 6334, 8397, 5327, 4815, 3795, 4821, 6873, 2269, 6367, 2277, 8438, 7930, 1788, 1282, 6407, 3849, 265, 5394, 1309, 5917, 8481, 4389, 4902, 301, 7985, 819, 2365, 3390, 1866, 2385, 3935, 5989, 2923, 4479, 5014, 2455, 7577, 927, 6571, 5555, 1982, 5566, 447, 3016, 2004, 2010, 486, 4587, 2540, 4593, 7158, 4090, 5117, 6654, 8208]"
0.24,0.02,0.4083945512064866,"[1026, 2054, 1546, 12, 17, 1556, 31, 32, 36, 38, 58, 64, 1098, 627, 141, 144, 4359, 1928, 5512, 5388, 271, 1418, 2327, 6428, 4901, 1419, 1836, 7469, 1841, 1842, 1847, 2359, 4411, 4926, 833, 3400, 6988, 7502, 6027, 5971, 4436, 7006, 4493, 881, 6028, 893, 8590, 4497, 914, 5013, 920, 8093, 7069, 7584, 8097, 1443, 6052, 2472, 4015, 2994, 1970, 6172, 951, 2489, 446, 1480, 8136, 3021, 8144, 7124, 7638, 4065, 1521, 1009, 8177, 7671, 3582]"
0.4,0.02,0.3891880953158532,"[8448, 1, 2, 1026, 4481, 2054, 3975, 1546, 8460, 14, 527, 20, 5014, 24, 7577, 155, 1051, 927, 1184, 1697, 3490, 35, 163, 165, 4389, 4902, 40, 553, 42, 171, 1068, 172, 1324, 1199, 3374, 49, 1326, 7985, 819, 5555, 2365, 5566, 447, 6571, 3016, 1866, 2385, 2010, 3935, 5989, 486, 2923, 4587, 2540, 4593, 7158, 4090, 1404, 5117, 6654, 4479]"
0.46,0.01,0.361585254176944,"[4448, 260, 6692, 6118, 7589, 1993, 7311, 2640, 6802, 3923, 5938, 1847, 4990, 3902, 6979, 323, 4931, 6473, 7503, 4945, 850, 5984, 3430, 3439, 7026, 2934, 2442, 8588, 2961, 6547, 6035, 416, 8604, 2466, 2985, 1963, 2477, 1455, 436, 5565, 701, 5073, 7134, 2017, 2531, 996, 484, 5610, 6123, 7147, 5614, 6643, 2040, 8188, 3496]"
0.52,0.01,0.315648729671296,"[1025, 3078, 6281, 2571, 3725, 5774, 5649, 6674, 8211, 2965, 4249, 6172, 6812, 5277, 5792, 5668, 7214, 4144, 1075, 4149, 3128, 4665, 3135, 7999, 2115, 5572, 197, 3523, 6854, 2120, 5321, 5707, 4811, 6734, 975, 594, 850, 3667, 4563, 4693, 2660, 5732, 108, 8300, 5232, 3184, 5239, 638, 6686]"
0.39,0.03,0.4424051653851282,"[1, 1026, 2, 132, 8, 8456, 138, 141, 14, 15, 527, 1299, 276, 24, 30, 31, 32, 162, 35, 1443, 806, 40, 553, 1068, 1326, 1199, 54, 55, 58, 442, 318, 64, 192, 67, 1092, 3013, 201, 1098, 75, 588, 76, 2126, 590, 2127, 80, 713, 458, 208, 1231, 87, 600, 97, 614, 1254, 1128, 624, 1904, 370, 627, 1907, 889, 124]"
0.95,0.0,0.06837731198469554,"[7073, 5735, 2695, 2505, 5262, 7890]"
0.99,0.0,0.11045409112245863,"[3859, 3135]"
0.56,0.02,0.36733599463120703,"[132, 392, 8, 1546, 4488, 8460, 141, 4491, 4495, 16, 138, 144, 15, 1556, 8468, 277, 150, 665, 1694, 1184, 162, 163, 165, 4139, 428, 173, 1199, 54, 1094, 1098, 75, 588, 76, 2126, 590, 80, 77, 87, 220, 97, 1128, 624, 627, 124, 5541]"
0.74,0.01,0.325928042213383,"[5131, 1573, 2099, 7229, 4161, 6728, 1128, 624, 627, 3703, 5755, 124, 5763, 6795, 1167, 7827, 6814, 138, 132, 1098, 311, 2637, 2385, 8403, 2391, 6362, 893]"
0.03,0.04,0.4314721645657351,"[6145, 2, 15, 527, 1043, 22, 25, 3098, 26, 30, 1068, 54, 64, 76, 80, 87, 614, 1128, 627, 124, 127, 130, 5276, 5789, 2206, 162, 1700, 165, 7851, 173, 1199, 192, 713, 1231, 1254, 1785, 5370, 3323, 6910, 1285, 8455, 8456, 8458, 4877, 8462, 1299, 276, 277, 3867, 808, 3881, 1326, 3374, 4923, 3402, 1904, 1392, 370, 1907, 6516, 4472, 889, 4474, 4476, 7553, 1414, 6534, 1420, 397, 4492, 4494, 406, 920, 8604, 2466, 1443, 2985, 1963, 2477, 1455, 946, 436, 442, 5565, 458, 2510, 5073, 1499, 7134, 2017, 2531, 996, 484, 5610, 6123, 3564, 7147, 8179]"
0.81,0.01,0.34254028059796415,"[2993, 4593, 91, 6625, 2250, 97, 2026, 1092, 86, 4469, 55, 1254, 564, 173, 1013, 618, 132, 831, 25, 1]"
0.25,0.03,0.4115193432154851,"[1, 2, 1026, 132, 2180, 8455, 8, 4488, 1418, 7051, 4236, 5388, 8075, 7311, 271, 7566, 8462, 1420, 1684, 1934, 22, 2327, 1299, 25, 4506, 26, 6428, 276, 1694, 3232, 162, 6692, 8360, 554, 45, 1199, 5680, 7729, 4901, 5812, 7469, 3374, 173, 1841, 1842, 3120, 442, 571, 2359, 5182, 4801, 3778, 5827, 4411, 1847, 318, 3013, 713, 458, 4926, 1231, 600, 1254, 8136, 3021, 8144, 7124, 7638, 192, 4065, 1521, 1009, 833, 8177, 7671, 3582]"
0.12,0.03,0.4362167561289576,"[1, 1026, 2, 8, 1392, 15, 527, 24, 30, 31, 32, 35, 40, 553, 1068, 54, 55, 58, 67, 1092, 1098, 75, 588, 76, 2126, 590, 6910, 4354, 260, 1285, 4359, 5388, 271, 2327, 6428, 4901, 1836, 7469, 1841, 1708, 1847, 2359, 4411, 4926, 833, 6988, 7502, 5971, 4436, 7006, 3400, 5013, 893, 1418, 1928, 5512, 1419, 6027, 4493, 6028, 8590, 4497, 920, 8093, 7584, 8097, 1443, 6052, 2472, 4015, 1480, 2994, 1970, 7091, 951, 2489, 446, 8136, 3021, 8144, 7124, 7638, 4065, 1521, 1009, 8177, 7671, 3582, 7069]"
0.08,0.03,0.4446579940704468,"[15, 527, 1043, 22, 25, 3098, 26, 30, 35, 1068, 54, 64, 76, 80, 97, 614, 1128, 627, 124, 127, 5276, 5789, 2206, 162, 1700, 165, 7851, 173, 1199, 192, 713, 2250, 1231, 1254, 1785, 5370, 3323, 6910, 4877, 8462, 1299, 276, 3867, 3881, 1324, 1326, 3374, 4923, 3402, 1904, 1392, 370, 1907, 6516, 4471, 4472, 889, 4474, 4476, 6534, 1414, 4489, 4492, 397, 1420, 406, 920, 8604, 2466, 1443, 2985, 1963, 2477, 1455, 946, 436, 442, 5565, 458, 2510, 5073, 1499, 7134, 2017, 2531, 996, 484, 5610, 6123, 3564, 7147, 5614, 8179]"
0.66,0.02,0.38108972044459744,"[1, 1026, 2, 132, 8, 138, 906, 8458, 141, 14, 15, 527, 144, 8463, 276, 24, 665, 30, 31, 32, 1184, 162, 163, 35, 165, 1068, 55, 67, 5065, 590, 97, 6895, 5363, 632, 1404]"
0.46,0.01,0.29574372658770953,"[4832, 6305, 3394, 6562, 5893, 1958, 7668, 6978, 5955, 6980, 325, 327, 845, 1360, 3934, 6497, 360, 3948, 2926, 7535, 1392, 1907, 6516, 7545, 4473, 3964, 4478, 1407, 7553, 4484, 1924, 6534, 6023, 5000, 5512, 4492, 2446, 196, 6034, 5660, 6040, 5024, 6566, 4007, 1461, 2487, 8636, 4041, 971, 7125, 5610, 3564, 5613, 4081, 5115]"
0.73,0.01,0.31414759030278105,"[4448, 260, 6692, 6118, 7589, 1993, 7311, 2640, 6802, 3923, 5938, 1847, 3416, 1128, 624, 627, 3703, 5755, 124, 5763, 132, 138, 6795, 5414, 5926, 7982, 287, 4922]"
0.34,0.01,0.37046982185752786,"[4832, 3394, 5893, 1958, 2444, 301, 5327, 5648, 1982, 2004, 4821, 632, 6873, 157, 3390, 7711, 2160, 4216, 7291, 2184, 7307, 4237, 3214, 158, 7839, 1706, 1197, 6324, 6836, 5813, 3771, 701, 6334, 8397, 4815, 3795, 2269, 6367, 2277, 2455, 8438, 7930, 1788, 1282, 6407, 3849, 265, 5394, 1309, 5917, 8481, 4389, 4902, 7985, 819, 2365, 1866, 184, 3935, 5989, 2923, 4479, 5014, 7577, 927, 6571, 5555]"
0.76,0.01,0.3475150078874222,"[1, 1026, 2, 4101, 2054, 8, 12, 527, 4116, 24, 6685, 32, 553, 1581, 45, 49, 54, 569, 58, 67, 1248, 5860, 8434, 3049, 4497]"
0.11,0.02,0.38660332594548696,"[1546, 590, 124, 5763, 132, 138, 6795, 1167, 7827, 6814, 1694, 159, 8353, 163, 7846, 172, 6320, 6325, 1207, 188, 1212, 713, 8456, 8460, 1308, 797, 8480, 5414, 1319, 5926, 7982, 6450, 8505, 5434, 4922, 3902, 6979, 323, 4931, 6473, 6986, 4940, 7503, 4945, 850, 5984, 3430, 3439, 7026, 2934, 392, 4488, 2442, 8588, 2961, 406, 8604, 1948, 7582, 3490, 2466, 932, 5543, 3496, 2985, 3498, 1963, 2477, 6574, 1455, 7603, 436, 4023, 5565, 1995, 2510, 5073, 7134, 2017, 2531, 996, 484, 5610, 6123, 7147, 5614, 6643, 2040, 8188, 1761]"
0.82,0.01,0.32485704291972795,"[1, 1026, 2, 132, 8458, 138, 13, 141, 15, 16, 17, 8463, 25, 173, 564, 831, 97, 618, 1013]"
0.32,0.02,0.37148185464835504,"[2016, 7073, 3013, 4741, 5735, 2696, 2505, 458, 5262, 4848, 442, 7890, 5781, 462, 2359, 4411, 4926, 833, 3400, 6988, 7502, 1872, 5971, 4436, 7006, 880, 881, 4473, 893, 904, 1928, 1418, 5512, 1420, 4493, 8590, 6028, 1419, 4497, 914, 6027, 5013, 920, 8093, 7069, 7584, 8097, 1443, 6052, 2472, 4015, 2994, 1970, 7091, 951, 2489, 446, 1480, 8136, 3021, 8144, 7124, 7638, 4065, 1521, 1009, 8177, 7671, 3582]"
0.72,0.01,0.361076107609572,"[1, 1026, 2, 5763, 4101, 2054, 132, 8, 138, 6795, 12, 527, 4116, 24, 6685, 287, 32, 5414, 5926, 7982, 4922, 3416, 1128, 624, 627, 3703, 5755, 124, 5812]"
0.36,0.03,0.3860368717167182,"[8576, 4480, 2180, 5893, 2054, 1287, 4487, 4, 1546, 4491, 3084, 1804, 13, 4495, 272, 6801, 1553, 8460, 402, 6552, 920, 283, 1948, 412, 6557, 6558, 31, 416, 30, 42, 2092, 428, 429, 305, 946, 7347, 2099, 2741, 3507, 311, 824, 58, 446, 5831, 713, 201, 73, 76, 2637, 588, 1414, 2385, 8403, 2391, 1369, 734, 224, 614, 231, 240, 4468, 4472, 1404, 1022, 8446]"
0.76,0.01,0.30187325498754836,"[4448, 260, 6692, 6118, 7589, 1993, 7311, 2640, 6802, 3923, 5938, 1847, 549, 1581, 45, 49, 54, 569, 58, 67, 1248, 5860, 8434, 3049, 4497]"
0.43,0.01,0.38637643194130034,"[4236, 1037, 7311, 5010, 1684, 3232, 932, 7589, 8360, 441, 6574, 7087, 3504, 6065, 7089, 5812, 4020, 3894, 4918, 8632, 5176, 4153, 5689, 1212, 6460, 1462, 63, 4160, 4801, 3778, 5827, 1092, 6977, 582, 5698, 3522, 4033, 2762, 1098, 75, 7756, 1989, 2255, 1480, 1993, 2139, 2654, 4192, 8165, 6118, 8425, 6251, 8179, 1015, 5240, 3194, 5887, 1453]"
0.48,0.03,0.39928222133976454,"[1907, 1231, 4494, 4489, 35, 4471, 2250, 97, 2026, 1092, 86, 4469, 55, 564, 1254, 1013, 173, 8459, 618, 25, 1, 806, 132, 4478, 1420, 2134, 713, 283, 201, 824, 13, 1546, 31, 76, 2454, 2180, 446, 1553, 4487, 3493, 58, 4468, 73, 614, 4, 163, 1904, 231, 4491, 8460, 428, 946, 1404]"
0.79,0.01,0.33751914927912063,"[2993, 386, 294, 1231, 2026, 76, 4477, 360, 30, 5462, 433, 4499, 8451, 276, 588, 14, 163, 8, 851, 24, 173, 1904]"
0.38,0.03,0.4224533953542048,"[7169, 2, 2180, 8453, 1414, 8455, 8456, 6163, 650, 7051, 138, 3725, 8078, 141, 906, 15, 527, 8462, 1420, 1299, 22, 276, 920, 1305, 26, 25, 277, 1694, 3490, 1443, 162, 806, 1068, 1324, 1326, 1199, 3374, 173, 946, 4488, 54, 824, 442, 318, 64, 192, 3013, 201, 713, 458, 76, 2126, 1231, 80, 208, 600, 614, 1254, 1128, 1904, 370, 1907, 889]"
0.67,0.02,0.3645924701900344,"[2, 2180, 1414, 8455, 8, 2584, 1420, 8462, 6802, 1299, 276, 22, 1305, 26, 25, 1694, 3490, 162, 2600, 553, 172, 1324, 3374, 1199, 173, 5938, 54, 1847, 442, 318, 192, 67, 3013, 713]"
0.84,0.0,0.27541810371231834,"[2054, 7073, 514, 4741, 5735, 2695, 2505, 458, 5262, 4848, 442, 7890, 5781, 8537, 7482, 6907, 3412]"
0.5,0.03,0.4127722794471027,"[1, 197, 1026, 2054, 1546, 14, 527, 20, 24, 35, 40, 553, 42, 1068, 172, 54, 1324, 3374, 1199, 67, 5938, 1847, 318, 192, 3013, 590, 713, 1231, 1128, 2126, 3923, 3416, 600, 1254, 124, 4477, 4478, 1414, 162, 4488, 173, 1299, 276, 3490, 442, 458, 1904, 1907, 4470, 4472, 889]"
0.33,0.03,0.41343800561298105,"[1, 1026, 2, 8, 1420, 15, 527, 8463, 4497, 24, 665, 920, 155, 30, 31, 32, 160, 2210, 35, 6052, 3490, 1443, 40, 553, 2472, 1068, 1324, 4015, 2994, 1970, 7091, 54, 55, 951, 2489, 58, 442, 318, 446, 67, 1092, 7671, 1480, 8136, 75, 3021, 590, 2126, 80, 8144, 7124, 7638, 4065, 1254, 231, 3582, 4473, 1392, 1521, 1009, 1907, 4468, 8177, 4470, 247, 889, 4478, 1663]"
0.13,0.03,0.4156984758276221,"[1, 2050, 2, 1028, 8, 3084, 14, 527, 24, 35, 553, 42, 2092, 2099, 54, 67, 1092, 75, 588, 2637, 77, 80, 6227, 87, 97, 4707, 1638, 1128, 8301, 624, 124, 5760, 132, 6789, 138, 6801, 1708, 1836, 7469, 1841, 1847, 2359, 4411, 4926, 833, 3400, 6988, 7502, 5971, 4436, 7006, 893, 1928, 1418, 1419, 6027, 4493, 6028, 8590, 4497, 5013, 920, 8093, 7069, 7584, 8097, 1443, 6052, 2472, 4015, 2994, 1970, 7091, 951, 2489, 446, 1480, 8136, 3021, 8144, 7124, 7638, 4065, 1521, 1009, 8177, 7671, 3582]"
0.63,0.02,0.3559204306158015,"[6145, 220, 7553, 1285, 1414, 8455, 8456, 6534, 5370, 1420, 397, 4877, 15, 527, 8462, 1043, 1299, 276, 22, 1785, 920, 1305, 3098, 3867, 5276, 5789, 2206, 30, 26, 25, 162, 1443, 1700, 8397, 4815, 3795, 2269, 6367]"
0.77,0.01,0.32865692962559034,"[2016, 7073, 3013, 4741, 5735, 2695, 2505, 458, 5262, 4848, 442, 7890, 5781, 8537, 7482, 6907, 1026, 231, 1128, 624, 627, 3703, 5755, 124]"
0.24,0.02,0.38329404025860436,"[7169, 5124, 1582, 5639, 4628, 6172, 5670, 7215, 5684, 3649, 5189, 5703, 1099, 3663, 627, 141, 144, 4359, 1928, 5512, 5388, 271, 1418, 2327, 6428, 4901, 1419, 1836, 7469, 1841, 1842, 1847, 2359, 4411, 4926, 833, 3400, 6988, 7502, 6027, 5971, 4436, 7006, 4493, 881, 6028, 893, 8590, 4497, 914, 5013, 920, 8093, 7069, 7584, 8097, 1443, 6052, 2472, 4015, 2994, 1970, 951, 2489, 446, 1480, 8136, 3021, 8144, 7124, 7638, 4065, 1521, 1009, 8177, 501, 3582]"
0.26,0.03,0.4025952824424609,"[5893, 2184, 7307, 2444, 4237, 3214, 5648, 157, 158, 7711, 7839, 165, 1958, 3881, 1706, 7851, 1068, 1197, 1324, 1326, 1199, 3374, 173, 946, 6324, 6836, 5813, 54, 442, 3771, 4923, 701, 3390, 1982, 6334, 64, 3394, 192, 713, 458, 3402, 7116, 76, 5327, 1231, 80, 3323, 2004, 4821, 6873, 1499, 4216, 4476, 4832, 4472, 614, 1254, 1128, 3564, 2160, 1904, 370, 1907, 1392, 6516, 627, 8179, 632, 889, 4474, 7291, 124, 6910, 127, 4352]"
0.86,0.01,0.3205223265982835,"[392, 4488, 1546, 75, 8460, 141, 590, 428, 16, 529, 1420, 1556, 54, 247, 220]"
0.8,0.0,0.26487651910148136,"[4832, 6305, 3394, 6562, 397, 1043, 3098, 3867, 3178, 5789, 2206, 1700, 3881, 7851, 3632, 1330, 6962, 3765, 4663, 568, 4281]"
0.12,0.02,0.4161269050314077,"[1025, 3078, 2571, 5649, 6674, 8211, 6172, 5668, 7214, 4144, 1075, 4149, 3128, 4665, 3135, 2120, 5707, 594, 2660, 5732, 108, 8300, 5232, 3184, 5239, 638, 6281, 3725, 5774, 4249, 6812, 5277, 5792, 5797, 3758, 6833, 1213, 193, 6346, 7372, 6871, 2775, 7897, 3294, 224, 7905, 3810, 1761, 5865, 5363, 5882, 4346, 768, 3344, 4882, 5907, 7982, 8604, 1948, 7582, 3490, 2466, 932, 3496, 2985, 3498, 1963, 2477, 6574, 1455, 7603, 436, 4023, 5565, 1995, 2510, 5073, 7134, 2017, 2531, 996, 484, 5610, 6123, 7147, 5614, 6643, 2040, 8188]"
0.22,0.03,0.462455843138008,"[1, 197, 1026, 2054, 1546, 14, 527, 20, 24, 40, 42, 1068, 35, 172, 553, 1324, 54, 3374, 1199, 5938, 1847, 318, 192, 3013, 67, 58, 4163, 1092, 1609, 70, 1098, 75, 76, 1128, 124, 588, 77, 80, 3668, 87, 2650, 4193, 5734, 624, 627, 97, 3703, 5755, 5763, 6795, 138, 5414, 5926, 132, 8090, 6450, 4922, 3902, 260, 323, 4931, 6473, 7503, 4945, 850, 5984, 3430, 3439, 7027, 2934, 2442, 8588, 2961, 6547, 6035, 406, 8362, 2466, 2985]"
0.12,0.03,0.42776239227173507,"[1, 2, 1026, 8, 1553, 22, 24, 25, 26, 6692, 38, 554, 45, 1582, 5680, 7729, 49, 3127, 571, 62, 86, 1128, 127, 2180, 132, 4236, 7311, 144, 1684, 150, 1694, 3232, 162, 165, 8360, 172, 173, 1199, 5812, 192, 208, 209, 1254, 231, 8455, 8456, 8459, 5388, 8462, 271, 1299, 276, 277, 8468, 2327, 6428, 290, 4901, 808, 1324, 7469, 3374, 1841, 1842, 1847, 2359, 1873, 1369, 370, 1907, 4474, 4478, 4485, 4488, 904, 1418, 7051, 8075, 1420, 7566, 1934, 4495, 4496, 4506, 3490, 3507, 442, 458, 1013]"
0.01,0.03,0.3964022115024516,"[1546, 590, 124, 5763, 132, 138, 6795, 1167, 7827, 1694, 6814, 159, 8353, 163, 7846, 172, 6320, 6325, 1207, 188, 1212, 192, 4801, 3778, 5827, 713, 2762, 2255, 1248, 5860, 8434, 1785, 5370, 3323, 6910, 4354, 260, 1285, 4359, 8456, 8460, 5388, 271, 2327, 6428, 4901, 1836, 7469, 1841, 1842, 1847, 2359, 4411, 4926, 833, 3400, 6988, 7502, 5971, 4436, 7006, 4977, 893, 1928, 5512, 1418, 1419, 6027, 4493, 8590, 6028, 4497, 920, 8093, 7069, 7584, 8097, 1443, 6052, 2472, 4015, 1970, 2994, 7091, 951, 2489, 446, 1480, 8136, 3021, 8144, 7124, 7638, 4065, 1521, 1009, 8177, 7671, 3582, 4842]"
0.39,0.01,0.3797846579125471,"[4354, 2307, 260, 1285, 4359, 5370, 4236, 4621, 5388, 7311, 271, 1684, 2965, 2327, 6428, 3232, 4901, 8360, 1836, 7469, 5680, 7729, 1970, 1841, 5812, 1842, 3127, 1847, 2359, 571, 1212, 4411, 4926, 192, 4801, 3778, 5827, 833, 1606, 3400, 2762, 6988, 7502, 7759, 4176, 2255, 5971, 4436, 2139, 4317, 2654, 7006, 4192, 1248, 5860, 6251, 4977, 8434, 5240, 1785, 3323, 6910]"
0.55,0.01,0.3162600783318946,"[132, 260, 2054, 1285, 4359, 1928, 5512, 1418, 5388, 1419, 6027, 271, 4493, 6028, 4495, 2327, 6428, 30, 1694, 4901, 1836, 7469, 1841, 1842, 1847, 2359, 4411, 4926, 192, 833, 3400, 75, 6988, 7502, 5971, 4436, 7006, 2926, 4474, 881, 4469, 5370, 3323, 893, 6910, 2503]"
0.47,0.03,0.3932355647988651,"[1, 2, 1026, 132, 2180, 4, 8455, 8, 4488, 1418, 7051, 4236, 5388, 8075, 7311, 271, 7566, 8462, 1420, 13, 1553, 2454, 25, 283, 31, 163, 3493, 806, 428, 173, 4487, 946, 824, 58, 446, 4491, 8460, 201, 73, 713, 76, 1231, 2134, 1546, 614, 231, 1254, 618, 1904, 1907, 4468, 1404, 4478, 5215]"
0.23,0.02,0.40297374768701066,"[2054, 3084, 42, 2092, 2099, 58, 4163, 1092, 67, 70, 1609, 1098, 75, 76, 2637, 588, 77, 80, 3668, 87, 2650, 4193, 97, 5734, 1128, 624, 627, 3703, 5755, 124, 5763, 132, 138, 6795, 6801, 8362, 7347, 2741, 5831, 260, 5893, 1287, 1804, 272, 5414, 5926, 7982, 305, 6450, 311, 4922, 3902, 323, 4931, 6473, 7503, 2385, 4945, 850, 5984, 3430, 3439, 2934, 8576, 2442, 8588, 4495, 2961, 6547, 6035, 406, 6552, 1948, 412, 6557, 6558, 2466, 2985]"
0.4,0.02,0.3830252103497598,"[2307, 8115, 4621, 5680, 7729, 3127, 571, 4317, 1606, 7759, 4176, 2139, 2654, 4192, 6251, 5240, 3194, 4236, 7311, 1684, 3232, 8360, 5812, 1212, 192, 1970, 4801, 553, 42, 171, 1068, 172, 1324, 1199, 3374, 49, 1326, 7985, 819, 5555, 2365, 5566, 447, 6571, 3016, 1866, 2385, 2010, 3935, 5989, 486, 2923, 4587, 2540, 4593, 7158, 4090, 1404, 5117, 6654, 4479]"
0.89,0.01,0.2987507094224263,"[1, 2, 4098, 1026, 2054, 5648, 7711, 2160, 4216, 632, 631, 2184]"
0.62,0.01,0.35778265431706346,"[2944, 769, 5505, 8200, 8, 7946, 14, 527, 2065, 5143, 24, 4636, 30, 32, 4642, 35, 1060, 553, 2605, 6190, 2477, 2610, 2104, 8403, 2391, 6362, 4573, 4707, 7524, 3301, 1638, 5351, 8301, 2415, 1265, 4982, 7415, 3708, 4095]"
0.43,0.03,0.4099612753067765,"[1, 2050, 2, 13, 15, 527, 16, 22, 25, 26, 36, 38, 1068, 51, 54, 59, 64, 76, 80, 614, 1128, 618, 124, 127, 132, 2180, 138, 141, 665, 1694, 162, 173, 1199, 201, 192, 713, 1231, 553, 1254, 231, 67, 87, 881, 1414, 8455, 4488, 8458, 1420, 8463, 1299, 972, 920, 1404, 3013, 1873, 1907, 4473, 4476]"
0.2,0.03,0.39726879291543105,"[2054, 8, 13, 14, 15, 1556, 24, 30, 40, 582, 76, 86, 627, 144, 150, 155, 192, 6367, 2277, 2792, 8438, 7930, 1788, 1282, 8451, 8455, 6407, 3849, 8458, 265, 8465, 5394, 277, 283, 1309, 5917, 8481, 4389, 294, 4902, 7985, 819, 4925, 2365, 1866, 2385, 1369, 1372, 3935, 5989, 2923, 4479, 4482, 1414, 904, 4488, 4491, 4492, 1420, 4495, 5014, 920, 7577, 927, 416, 6571, 5555, 1461, 5566, 447, 3013, 3016, 2010, 486, 4587, 2540, 4593, 1013, 4090, 5117, 6654]"
0.85,0.01,0.31072980900913094,"[1026, 2, 5763, 4101, 2054, 132, 458, 7482, 5262, 4848, 7890, 3412, 5781, 8537, 442, 6907]"
0.87,0.0,0.16913851193197882,"[7073, 5735, 2695, 2505, 5262, 4848, 7890, 5938, 5781, 1847, 8537, 7482, 4990, 6892]"
0.72,0.01,0.34944820662985476,"[2054, 7073, 514, 4741, 5735, 2695, 2505, 8, 138, 6795, 12, 527, 4116, 24, 6685, 287, 32, 5414, 5926, 7982, 4922, 3416, 1128, 624, 627, 8108, 5755, 124, 5812]"
0.94,0.01,0.3021796483074728,"[1, 1026, 2, 8, 8186, 15, 7668]"
0.35,0.01,0.38963103534701216,"[2307, 2965, 4621, 3862, 7729, 3127, 571, 4317, 1606, 7759, 4176, 2139, 2654, 4192, 6251, 5240, 3194, 4236, 7311, 1684, 3232, 8360, 5812, 1212, 192, 1970, 4801, 3778, 5827, 2762, 2255, 1248, 5860, 8434, 1785, 5370, 3323, 6910, 4354, 260, 1285, 4359, 5388, 271, 2327, 6428, 4901, 1836, 7469, 1841, 1842, 1847, 2359, 4411, 4926, 833, 6988, 7502, 5971, 4436, 7006, 3400, 4977, 893, 1418, 1928]"
0.01,0.03,0.4323116389059751,"[1, 2, 4098, 1026, 2054, 8, 14, 527, 2065, 5143, 24, 1908, 30, 32, 4642, 35, 1060, 553, 2605, 6190, 2597, 54, 2104, 58, 4163, 1092, 67, 70, 1094, 2126, 1098, 75, 76, 588, 77, 80, 87, 590, 220, 1128, 624, 627, 271, 2327, 6428, 4901, 1836, 7469, 1841, 1842, 1847, 2359, 2568, 4926, 833, 3400, 6988, 7502, 5971, 4436, 7006, 4977, 893, 1928, 5512, 1418, 1419, 6027, 4493, 8590, 6028, 4497, 920, 8093, 7069, 7584, 8097, 1443, 6052, 2472, 4015, 1970, 2994, 7091, 951, 2489, 446, 1480, 8136, 3021, 8144, 7124, 7638, 4065, 6385, 1009, 8177, 7671, 3582, 6174]"
0.9,0.0,0.1731070913563011,"[3400, 260, 6692, 6118, 7589, 1993, 7311, 2640, 6802, 3923, 6907]"
0.84,0.01,0.3200477414507248,"[1, 1026, 2, 8, 1420, 15, 527, 8463, 4497, 24, 665, 1339, 155, 30, 31, 32, 160]"
0.19,0.04,0.43407359797137957,"[527, 16, 15, 22, 25, 26, 553, 42, 1068, 51, 54, 59, 64, 1098, 590, 596, 97, 2180, 132, 4741, 6281, 650, 138, 141, 3725, 7311, 665, 1694, 1697, 162, 171, 172, 173, 1199, 192, 201, 713, 736, 231, 260, 8453, 8455, 8456, 8462, 8465, 1299, 276, 277, 1305, 806, 1324, 1326, 3374, 824, 318, 1873, 851, 1907, 4470, 4473, 4474, 1404, 4481, 4483, 1414, 4488, 906, 7051, 1420, 8078, 2454, 920, 3490, 1443, 433, 946, 3507, 1461, 442, 3013, 458, 2016]"
0.02,0.02,0.39774717431316853,"[5729, 769, 5505, 8200, 7946, 202, 14, 527, 2065, 5143, 24, 4636, 2654, 4192, 6251, 5240, 3194, 4236, 7311, 1684, 3232, 8360, 5812, 1212, 192, 1970, 4801, 3778, 5827, 2762, 2255, 1248, 5860, 8434, 1785, 5370, 3323, 6910, 4354, 1285, 4359, 5388, 271, 2327, 6428, 4901, 1836, 7469, 1841, 1842, 1847, 2359, 4411, 4926, 260, 833, 6988, 7502, 5971, 4436, 7006, 3400, 4977, 893, 1418, 1928, 5512, 1419, 6027, 6028, 8590, 4497, 920, 8093, 7584, 8097, 6052, 2472, 4015, 1480, 2994, 7091, 951, 2489, 446, 8136, 3021, 4493, 8144, 7124, 7638, 4065, 1521, 1443, 1009, 8177, 7671, 3582, 7069]"
0.2,0.02,0.36741291877645876,"[1037, 2139, 2654, 4192, 6251, 5240, 3194, 4236, 7311, 1684, 3232, 8360, 5812, 1212, 192, 4801, 3778, 5827, 2762, 2255, 1248, 5860, 8434, 1785, 5370, 3323, 6910, 4354, 260, 1285, 4359, 5388, 271, 2327, 6428, 4901, 1836, 7469, 1841, 1842, 1847, 2359, 4411, 4926, 833, 3400, 6988, 7502, 5971, 4436, 7006, 893, 1928, 5512, 1418, 1419, 6027, 4493, 8590, 6028, 4497, 5013, 920, 8093, 7584, 8097, 1443, 6052, 2472, 4015, 2994, 1970, 7091, 951, 2489, 446, 1480, 8136, 3021, 8144, 1016]"
0.08,0.03,0.4286379387260024,"[1907, 8561, 1231, 6023, 138, 4489, 8458, 2026, 8459, 13, 97, 141, 5648, 17, 15, 16, 144, 618, 8465, 132, 25, 276, 8468, 26, 665, 155, 157, 7711, 1184, 7073, 1697, 4485, 1407, 553, 42, 171, 172, 49, 165, 51, 4488, 59, 62, 1068, 1199, 190, 70, 1098, 590, 3402, 4471, 4472, 889, 4474, 4476, 6534, 1414, 4492, 397, 1420, 406, 920, 8604, 2466, 1443, 5610, 1904, 1128, 370, 6516, 2985, 1392, 1963, 2477, 1455, 946, 436, 442, 5565, 458, 2510, 5073, 1499, 7134, 2017, 2531, 996, 484, 6123, 3564, 7147, 7629, 8179]"
0.57,0.01,0.2743170210757059,"[8448, 5010, 3485, 4254, 8353, 676, 932, 5798, 4647, 7589, 4141, 6574, 5167, 3504, 6065, 8498, 7089, 4020, 8117, 3894, 4918, 8632, 5689, 4153, 5176, 6460, 1462, 441, 63, 4160, 6977, 5698, 3522, 4033, 1989, 1480, 1993, 7087, 8165, 6118, 8425, 8179, 5887, 1840]"
0.3,0.03,0.4261349266625536,"[1, 2050, 2, 13, 15, 527, 16, 22, 25, 26, 36, 38, 1068, 51, 54, 2623, 64, 76, 80, 614, 1128, 618, 124, 127, 2180, 1694, 173, 201, 192, 713, 132, 1414, 138, 141, 665, 8455, 162, 1199, 4488, 1231, 1254, 231, 881, 1420, 972, 920, 87, 1404, 3013, 67, 553, 4493, 4494, 4499, 413, 1907, 4473, 4476, 1443, 429, 433, 3507, 1461, 1873, 442, 2016, 2026, 8458, 8463, 1299, 5973]"
0.13,0.02,0.3988168010196267,"[2993, 13, 1555, 1068, 7729, 3127, 571, 1606, 7759, 4176, 2139, 2654, 4192, 6251, 5240, 3194, 4236, 7311, 1684, 3232, 8360, 5812, 1212, 192, 4801, 3778, 5827, 2762, 2255, 4317, 1248, 5860, 8434, 1785, 5370, 3323, 6910, 4354, 260, 1285, 4359, 5388, 271, 2327, 6428, 4901, 1836, 7469, 1841, 1842, 1847, 2359, 4411, 4926, 833, 3402, 6988, 7502, 5971, 4436, 7006, 4977, 893, 1928, 5512, 1418, 1419, 6027, 4493, 8590, 6028, 4497, 920, 8093, 7069, 7584, 8097, 1443, 6052, 2472, 4015, 1970, 2994, 7091, 951, 2489, 446, 1480]"
0.95,0.0,0.12359961560327704,"[4832, 2858, 8435, 8073, 6562, 6305]"
0.38,0.01,0.37921907715124414,"[4354, 260, 1285, 4359, 1928, 5370, 1418, 4236, 5388, 7311, 271, 1684, 2327, 6428, 3232, 4901, 8360, 1836, 7469, 1841, 1970, 1842, 5812, 1847, 2359, 571, 1212, 4411, 4926, 192, 4801, 3778, 5827, 833, 1606, 3400, 2762, 6988, 7502, 7759, 4176, 2255, 5971, 4436, 2139, 4317, 2654, 7006, 4192, 5729, 1248, 5860, 743, 6251, 4977, 8434, 5240, 1785, 3194, 3323, 893, 6910, 2920]"
0.26,0.03,0.3908151172757919,"[1907, 8561, 1231, 4489, 6023, 138, 8458, 97, 2026, 8459, 13, 3881, 1706, 7851, 1197, 5648, 1324, 1326, 3374, 173, 946, 6324, 6836, 5813, 54, 442, 157, 7711, 3771, 4923, 701, 3383, 1982, 6334, 64, 3394, 165, 192, 713, 458, 3402, 7116, 1068, 76, 1199, 5327, 80, 3323, 2004, 4821, 1499, 4216, 4476, 6873, 4832, 4472, 614, 1254, 3564, 2160, 627, 8179, 889, 4474, 1128, 7291, 1904, 124, 1392, 6910, 6516, 127, 632, 370, 4352]"
0.6,0.02,0.3494463527207742,"[2054, 392, 8, 4488, 8460, 141, 4491, 4495, 16, 138, 144, 15, 1556, 8468, 277, 150, 665, 1694, 1184, 162, 163, 165, 4139, 428, 173, 1199, 54, 6326, 1609, 1098, 75, 588, 76, 77, 80, 3668, 87, 2650, 4193, 97, 5734]"
0.95,0.0,0.10300068426734288,"[2307, 2965, 4621, 5316, 7729, 3127]"
0.69,0.01,0.2689208829032641,"[1025, 3078, 6281, 2571, 3725, 5774, 5649, 6674, 8211, 2965, 4249, 6172, 6812, 5277, 5792, 5668, 7214, 4144, 1075, 4149, 3128, 4665, 3135, 7999, 2115, 5572, 1631, 3523, 6854, 2120, 5321, 5707]"
0.66,0.01,0.30979158595636047,"[260, 1285, 4359, 1928, 1418, 5388, 7311, 271, 6802, 2327, 6428, 6692, 7589, 4901, 1836, 7469, 1841, 1842, 1847, 2359, 4411, 4926, 833, 3400, 1993, 6988, 7502, 3923, 5971, 4436, 7006, 6118, 4977, 6907, 893]"
0.17,0.03,0.43475297909091715,"[1, 2, 1026, 8, 1553, 22, 24, 25, 26, 6692, 38, 554, 45, 1582, 5680, 7729, 49, 3127, 571, 62, 86, 1128, 127, 2180, 4236, 7311, 1684, 150, 132, 1694, 3232, 144, 8360, 172, 1199, 162, 165, 5812, 192, 173, 208, 209, 1254, 8455, 231, 8456, 8459, 5388, 8462, 259, 277, 8468, 2327, 6428, 290, 4901, 1324, 7469, 1299, 276, 3374, 382, 4482, 808, 1414, 4486, 4487, 4492, 1873, 1907, 4493, 914, 4499, 920, 1443, 428, 433, 1461, 951, 2016, 4488, 3490, 442, 458]"
0.92,0.0,0.18935168927561563,"[4832, 6305, 3394, 6562, 5893, 4087, 4472, 8026, 3135]"
0.29,0.03,0.4203948973285857,"[260, 1285, 1414, 8455, 8456, 6534, 1420, 397, 4877, 15, 527, 8462, 1043, 1299, 276, 22, 920, 1305, 3098, 3867, 5276, 5789, 2206, 30, 26, 25, 162, 1443, 6692, 1700, 165, 3881, 7851, 1068, 1324, 1199, 3374, 173, 946, 54, 442, 4923, 64, 192, 14, 458, 3402, 76, 1231, 80, 1499, 4476, 889, 4448, 614, 1254, 1128, 3564, 4474, 1904, 1392, 370, 627, 1907, 6516, 8179, 4472, 1785, 5370, 3323, 124, 6910]"
0.24,0.02,0.3993617262911998,"[1025, 3078, 2571, 5649, 6674, 8211, 6172, 5668, 7214, 4144, 1075, 4149, 3128, 4665, 3135, 2120, 5707, 594, 2660, 5732, 108, 8300, 5232, 3184, 5239, 638, 6281, 3725, 5774, 4249, 6812, 5277, 5792, 5797, 3758, 6833, 1213, 193, 172, 1199, 49, 51, 4488, 59, 62, 190, 70, 1098, 590, 596, 7125, 6873, 4700, 3038, 736, 231, 1128, 5610, 7659, 5613, 2028, 3948, 1904, 2926, 7535, 1392, 370, 6516, 4081, 632, 7545, 5626, 5115, 1331, 8446, 1663, 3805]"
0.11,0.03,0.4288183256989069,"[1, 1026, 2, 13, 15, 16, 17, 25, 554, 45, 1582, 5680, 7729, 49, 3127, 571, 62, 86, 1128, 127, 132, 2180, 138, 4236, 141, 7311, 144, 1684, 150, 1694, 3232, 162, 165, 8360, 172, 173, 1199, 5812, 192, 208, 209, 1254, 231, 8455, 8456, 8458, 8459, 5388, 8462, 271, 1299, 276, 277, 8468, 2327, 6428, 290, 4901, 808, 1324, 7469, 3374, 1841, 1842, 1847, 2359, 1873, 1369, 370, 1907, 4474, 4478, 4485, 4488, 904, 1418, 7051, 8075, 1420, 7566, 1934, 4495, 4496, 4506, 3490, 3507, 442, 458, 1013, 1325]"
0.35,0.01,0.3388794472496486,"[1037, 2139, 714, 4192, 6251, 5240, 3194, 4236, 7311, 1684, 3232, 8360, 5812, 1212, 192, 4801, 3778, 5827, 2762, 2255, 1248, 5860, 8434, 1785, 5370, 3323, 6910, 4354, 260, 1285, 4359, 5388, 271, 2327, 6428, 4901, 1836, 7469, 1841, 1842, 1847, 2359, 4411, 4926, 833, 6988, 7502, 5971, 4436, 7006, 3400, 5013, 893, 1418, 1928, 5512, 1419, 6027, 4493, 6028, 8590, 4497, 920, 8093, 7584, 8097]"
0.65,0.01,0.3219974413679084,"[2695, 5262, 5781, 7069, 7073, 1443, 6052, 2472, 4015, 5938, 2994, 1970, 7091, 1847, 951, 2489, 7482, 446, 1480, 2505, 8136, 3021, 8144, 7890, 7124, 7638, 8537, 4065, 3582, 5735, 6892, 4848, 1521, 1009, 7671, 4990]"
0.22,0.03,0.46593056710502456,"[4199, 15, 529, 51, 1907, 171, 596, 97, 172, 162, 920, 7453, 5279, 1443, 7456, 5944, 2984, 54, 70, 3374, 1199, 5938, 1847, 318, 192, 3013, 67, 58, 4163, 1092, 1609, 1098, 75, 76, 1128, 124, 588, 77, 80, 3668, 87, 2650, 4193, 5734, 624, 627, 3703, 5755, 5763, 6795, 138, 5414, 5926, 132, 8090, 6450, 4922, 3902, 260, 323, 4931, 6473, 7503, 4945, 850, 5984, 3430, 3439, 7027, 2934, 2442, 8588, 2961, 6410, 6035, 406, 8362, 2466, 2985]"
0.76,0.01,0.367569712920617,"[1026, 2054, 1546, 12, 5262, 17, 5781, 5755, 31, 32, 38, 7482, 442, 7890, 8537, 247, 231, 1128, 4848, 624, 627, 3703, 6907, 124, 5484]"
0.96,0.0,0.10279574357527477,"[6305, 6562, 8073, 8435, 2139]"
0.87,0.0,0.24294660064653473,"[1, 260, 7589, 6118, 6692, 1993, 7311, 2640, 6802, 3923, 5938, 1847, 4990, 4686]"
0.95,0.0,0.20711701069479527,"[1, 4198, 6348, 8073, 6562, 6305]"
0.28,0.02,0.3576168925983161,"[4354, 260, 1285, 4359, 1928, 8073, 1418, 5512, 5388, 1419, 6027, 271, 4493, 6028, 8590, 4497, 5013, 2327, 920, 6428, 8093, 7069, 7584, 6305, 6562, 8097, 1443, 4901, 6052, 2472, 2858, 1836, 7469, 4015, 1841, 1842, 2994, 1970, 7091, 1847, 2359, 951, 2489, 4411, 4926, 446, 833, 3400, 1480, 8136, 6988, 3021, 7502, 8144, 5971, 4436, 7124, 7638, 7006, 4832, 4065, 3582, 1521, 1009, 8435, 8177, 7671, 1785, 5370, 3323, 893, 6910, 1814]"
0.13,0.03,0.4219341886490737,"[260, 1285, 1414, 8455, 8456, 6534, 1420, 397, 4877, 15, 527, 8462, 1043, 1299, 276, 386, 920, 1305, 3098, 3867, 5276, 5789, 2206, 30, 26, 25, 162, 6692, 1700, 165, 1443, 3881, 7851, 1324, 1068, 1199, 3374, 173, 946, 54, 442, 4923, 64, 713, 458, 76, 1231, 80, 3402, 192, 2359, 4411, 4926, 833, 6988, 7502, 5971, 4436, 7006, 4977, 893, 1928, 5512, 1418, 1419, 6027, 4493, 1785, 5370, 3323, 8590, 6910, 6028, 4497, 8093, 7069, 7584, 8097, 6052, 2472, 4015, 1970, 2994, 7091, 951, 2489, 446, 1480]"
0.31,0.02,0.40529844115099356,"[1025, 3078, 4488, 6281, 2571, 3725, 5774, 5649, 6674, 8211, 4249, 6172, 6812, 5277, 5792, 5668, 5797, 172, 7214, 3758, 4144, 6833, 1199, 1075, 49, 4149, 51, 3128, 4665, 59, 1213, 62, 3135, 190, 193, 70, 2120, 1098, 5707, 590, 594, 596, 7125, 6873, 4700, 3038, 736, 2660, 5732, 231, 1128, 5610, 7659, 108, 8300, 5613, 2028, 5232, 3184, 3948, 1904, 2926, 7535, 370, 5239, 6516, 1392, 638, 1663, 3236]"
0.2,0.03,0.4345209988987393,"[15, 16, 527, 22, 25, 26, 553, 42, 1068, 51, 54, 59, 64, 1098, 590, 97, 2180, 132, 4741, 6281, 650, 138, 141, 3725, 7311, 665, 1694, 1697, 162, 171, 172, 173, 1199, 192, 201, 713, 736, 231, 260, 8453, 8455, 8456, 8462, 8465, 1299, 276, 277, 1305, 806, 1324, 1326, 3374, 824, 318, 1873, 851, 7535, 4470, 4473, 4474, 1404, 4483, 1414, 4488, 3466, 7051, 906, 1420, 8078, 2454, 920, 3490, 1443, 433, 946, 3507, 1461, 442, 3013, 458, 2016]"
0.92,0.0,0.20405350275638112,"[2694, 5262, 5781, 7069, 7073, 1443, 6052, 2472, 3135]"
0.49,0.02,0.4054102622213642,"[2, 2180, 1414, 8455, 8, 2584, 1420, 8462, 6802, 1299, 276, 22, 1305, 26, 25, 1694, 3490, 162, 2600, 553, 172, 1324, 3374, 1199, 5938, 1847, 54, 173, 442, 318, 67, 3013, 1254, 3564, 2160, 627, 192, 8179, 889, 713, 4474, 1128, 7291, 1904, 124, 1392, 6910, 6516, 127, 632, 370, 270]"
0.41,0.03,0.4105195471561448,"[1, 1026, 2, 8, 1420, 15, 527, 8463, 4497, 920, 24, 665, 155, 30, 31, 32, 160, 2210, 35, 6052, 3490, 1443, 40, 553, 2472, 1068, 1324, 4015, 2994, 1970, 7091, 54, 55, 951, 2489, 58, 442, 318, 446, 67, 1092, 1480, 8136, 75, 3021, 590, 2126, 80, 8144, 7124, 7638, 4065, 1254, 1392, 1521, 1009, 1907, 7671, 4473, 3582]"
0.54,0.01,0.3675735732757165,"[2307, 8115, 4621, 5680, 7729, 3127, 571, 4317, 1606, 7759, 4176, 2139, 2654, 4192, 6251, 5240, 3194, 4236, 7311, 1684, 3232, 8360, 5812, 1212, 192, 1970, 4801, 553, 42, 171, 1068, 172, 1324, 1199, 3374, 49, 1326, 7985, 819, 3188, 2365, 5566, 447, 6571, 3016, 1866, 2385]"
0.57,0.02,0.401010632993403,"[1026, 8451, 2054, 8, 1546, 4491, 12, 141, 14, 15, 144, 17, 4499, 276, 24, 413, 30, 31, 32, 1443, 35, 38, 294, 3368, 40, 806, 1068, 429, 1199, 433, 1461, 58, 1098, 76, 588, 1231, 851, 231, 2026, 1904, 627, 247, 1404, 4477]"
0.02,0.03,0.42270817542367867,"[2054, 2568, 527, 2065, 5143, 24, 30, 6174, 32, 4642, 35, 1060, 2597, 553, 2605, 6190, 54, 2104, 58, 4163, 1092, 67, 70, 1094, 1098, 75, 76, 588, 2126, 77, 80, 590, 87, 1128, 624, 627, 132, 220, 6385, 260, 1285, 4359, 5388, 271, 2327, 6428, 4901, 1836, 7469, 1841, 1847, 2359, 4926, 833, 3400, 6988, 7502, 5971, 4436, 7006, 4977, 1908, 893, 1928, 5512, 1418, 1419, 6027, 4493, 6028, 4495, 8590, 4497, 920, 8093, 7069, 7584, 8097, 1443, 6052, 2472, 4015, 1970, 2994, 7091, 951, 2489, 446, 1480, 8136, 3021, 8144, 7124, 7638, 4065, 1009, 8177, 7671, 3582]"
0.19,0.04,0.4367191033049772,"[2, 260, 15, 527, 16, 22, 25, 26, 553, 42, 1068, 51, 54, 59, 64, 1098, 590, 596, 97, 2180, 132, 6281, 650, 138, 141, 3725, 665, 1694, 1697, 162, 171, 172, 173, 1199, 192, 201, 713, 736, 231, 8453, 8455, 8456, 4741, 8462, 8465, 1299, 276, 277, 1305, 806, 1324, 1326, 3374, 824, 318, 1873, 851, 1907, 4470, 4473, 4474, 588, 4481, 4483, 1414, 4488, 906, 7051, 1420, 8078, 2454, 920, 3490, 1443, 433, 946, 3507, 1461, 442, 3013, 458, 2016]"
0.92,0.01,0.2506974146018812,"[1, 2050, 2, 13, 4468, 1326, 3135, 1907, 4476]"
0.22,0.02,0.43357082079462483,"[1025, 3078, 2571, 5649, 6674, 8211, 6172, 5668, 7214, 4144, 1075, 4149, 3128, 4665, 3135, 67, 1092, 2120, 5707, 75, 80, 594, 87, 97, 2660, 5732, 1128, 108, 8300, 5232, 3184, 624, 5239, 124, 638, 132, 6281, 138, 3725, 5774, 4249, 6812, 5277, 5792, 5797, 3758, 6833, 1213, 193, 6346, 7372, 6871, 2775, 7897, 3294, 224, 7905, 3810, 5865, 5363, 5882, 4346, 768, 3344, 4882, 5907, 2841, 2961, 6547, 6035, 406, 6552, 1948, 412, 6557, 6558, 2466, 2985, 3569]"
0.98,0.0,0.18263138733908635,"[8576, 4482, 2180]"
0.19,0.02,0.3773261797912195,"[4098, 2654, 4192, 4198, 6251, 5240, 3194, 4236, 7311, 1684, 3232, 8360, 5812, 1212, 192, 4801, 3778, 5827, 2762, 2255, 1248, 5860, 8434, 1785, 5370, 3323, 6910, 4354, 260, 1285, 4359, 5388, 271, 2327, 6428, 4901, 1836, 7469, 1841, 1842, 1847, 2359, 4411, 4926, 833, 3400, 6988, 7502, 5971, 4436, 7006, 893, 1928, 5512, 1418, 1419, 6027, 4493, 8590, 6028, 4497, 5013, 920, 8093, 7584, 8097, 1443, 6052, 2472, 4015, 2994, 1970, 7091, 951, 2489, 446, 1480, 8136, 3021, 8144, 1016, 7963]"
0.64,0.02,0.35484620671185607,"[4832, 6305, 3394, 6562, 5893, 1958, 7668, 4478, 1461, 214, 4495, 16, 176, 3374, 4492, 428, 4496, 54, 1094, 26, 171, 132, 1, 527, 806, 220, 1443, 25, 856, 920, 433, 8446, 75, 582, 614, 402, 8463]"
0.51,0.02,0.37010273056692566,"[8576, 4480, 2180, 5893, 2054, 1287, 4487, 4, 1546, 4491, 3084, 1804, 13, 4495, 272, 6801, 1553, 402, 8460, 6552, 920, 283, 1948, 412, 6557, 6558, 31, 416, 30, 42, 2092, 429, 428, 305, 946, 7347, 2099, 2741, 3507, 311, 824, 58, 446, 5831, 713, 201, 73, 76, 588, 1170]"
0.91,0.0,0.13694142475313942,"[4448, 6979, 6692, 6118, 7589, 8480, 3098, 8026, 3135, 7755]"
0.62,0.02,0.35249497504236915,"[2, 2180, 1414, 8455, 8, 1420, 8462, 6802, 1299, 276, 22, 2584, 25, 1305, 26, 1694, 3490, 162, 2600, 553, 173, 3301, 1254, 1638, 5351, 2026, 618, 8301, 2415, 1265, 1907, 4469, 1013, 7415, 4982, 3708, 4478, 4095, 4193]"
0.86,0.01,0.2714668792684434,"[386, 294, 2026, 76, 6892, 1231, 2993, 5938, 5781, 1847, 8537, 7482, 4477, 4990, 2724]"
0.31,0.03,0.41792160268695644,"[4481, 4483, 2180, 132, 6662, 8453, 8455, 6281, 650, 138, 8456, 141, 3725, 8462, 4488, 8465, 906, 1299, 276, 277, 7051, 8078, 2454, 665, 1305, 920, 1694, 1697, 162, 3490, 1443, 806, 171, 172, 173, 4741, 1199, 1324, 1326, 3374, 433, 946, 3507, 1461, 824, 442, 318, 3135, 64, 192, 3013, 201, 1098, 713, 588, 1414, 590, 458, 1873, 851, 596, 8026, 736, 97, 2016, 231, 1420, 1907, 4470, 4473]"
0.04,0.03,0.43189109093824485,"[1, 2, 4098, 1026, 2054, 8, 14, 527, 2065, 5143, 24, 1908, 30, 32, 4642, 35, 1060, 553, 2605, 6190, 2597, 54, 2104, 58, 4163, 1092, 67, 70, 1094, 2126, 1098, 75, 76, 588, 77, 80, 87, 590, 220, 1128, 624, 627, 271, 2327, 6428, 4901, 1836, 7469, 1841, 1842, 1847, 2359, 2568, 4926, 833, 3400, 6988, 7502, 5971, 4436, 7006, 1928, 893, 5512, 1418, 1419, 6027, 4493, 6028, 8590, 4497, 920, 7069, 8093, 3959, 8097, 1443, 6052, 2472, 4015, 2994, 1970, 7091, 951, 2489, 446, 1480, 8136, 3021, 8144, 7124, 7638, 4065, 1009, 8177, 7671, 3582]"
0.68,0.02,0.3689254494650076,"[4489, 8459, 1420, 4494, 25, 35, 806, 172, 173, 1324, 3374, 1199, 5938, 564, 54, 55, 1847, 442, 318, 192, 67, 1092, 3013, 713, 2250, 1231, 86, 2134, 6362, 97, 4707, 7524, 4471]"
0.72,0.01,0.27802996031374794,"[5893, 8456, 2444, 1037, 3341, 8463, 5648, 1299, 3861, 3862, 1814, 5400, 3353, 157, 7711, 1958, 3878, 301, 1335, 7991, 1849, 8506, 1982, 3390, 318, 6463, 3394, 6978, 3805]"
0.98,0.0,0.2286142757445524,"[144, 889, 2180]"
0.82,0.01,0.33282645250526377,"[2, 2180, 1414, 8455, 8, 2584, 1420, 8462, 6802, 1299, 276, 22, 5159, 26, 25, 1694, 3490, 162, 2600]"
0.88,0.01,0.34932067891840757,"[2, 260, 553, 42, 1068, 527, 16, 15, 51, 22, 25, 26, 59]"
0.39,0.03,0.4111701926561302,"[1, 2050, 2, 13, 15, 527, 16, 22, 25, 26, 36, 38, 1068, 51, 54, 59, 64, 76, 80, 614, 1128, 618, 124, 127, 132, 2180, 138, 141, 665, 5449, 162, 173, 1199, 201, 713, 1231, 192, 553, 1254, 231, 67, 87, 1414, 881, 8455, 4488, 8458, 1420, 8463, 1299, 972, 1404, 920, 3013, 1873, 1907, 4473, 4476, 1009, 8177, 7671, 3582]"
0.99,0.0,0.1978971936361319,"[1, 1305]"
0.45,0.02,0.38905601082638996,"[8448, 1, 2, 1026, 4481, 2054, 3975, 2109, 8460, 14, 527, 20, 5014, 24, 7577, 155, 1051, 927, 1184, 1697, 3490, 35, 165, 163, 4389, 4902, 40, 553, 42, 171, 1068, 172, 1324, 1199, 3374, 49, 1326, 7985, 819, 5555, 2365, 5566, 447, 6571, 3016, 1866, 2385, 2010, 3935, 5989, 486, 2923, 4587, 2540, 4593, 7158]"
0.96,0.0,0.2072422964718812,"[6562, 260, 1285, 1414, 8073]"
0.51,0.02,0.3723464463799201,"[4354, 260, 1285, 4359, 1928, 8073, 1418, 5512, 5388, 1419, 6027, 271, 4493, 6028, 8590, 4497, 5013, 2327, 920, 6428, 8093, 283, 1948, 412, 6557, 6558, 31, 416, 35, 42, 2092, 429, 428, 305, 946, 7347, 2099, 2741, 3507, 311, 824, 58, 5831, 713, 201, 446, 73, 76, 588, 1170]"
0.52,0.02,0.4045506134420702,"[386, 260, 1285, 1414, 8455, 8456, 6534, 1420, 397, 4877, 15, 527, 8462, 1043, 1299, 276, 920, 1305, 3098, 3867, 5276, 5789, 2206, 30, 26, 25, 162, 1443, 6692, 1700, 165, 3881, 7851, 1324, 173, 1068, 1199, 3374, 946, 1970, 54, 442, 4923, 64, 192, 713, 458, 76, 2342]"
0.25,0.02,0.36845586370799677,"[4354, 260, 1285, 4359, 1928, 8073, 1418, 5388, 5512, 1419, 6027, 271, 5013, 4493, 8590, 4497, 6025, 2327, 920, 6428, 8093, 6305, 7584, 7069, 6562, 8097, 1443, 4901, 2858, 2472, 6052, 1836, 7469, 4015, 1841, 1842, 2994, 1970, 7091, 1847, 2359, 951, 2489, 4411, 4926, 446, 833, 3400, 1480, 8136, 6988, 3021, 7502, 8144, 5971, 4436, 7124, 7638, 7006, 4832, 4065, 3582, 1521, 8435, 1009, 1785, 8177, 7671, 5370, 3323, 6910, 893, 1814, 4977, 6385, 6174]"
0.33,0.02,0.3753477068491651,"[4486, 392, 8, 1546, 4488, 8460, 141, 4491, 4495, 16, 4493, 8463, 1299, 1556, 8468, 277, 150, 1694, 163, 806, 4139, 428, 433, 1332, 54, 5065, 851, 75, 1904, 632, 3529, 5734, 624, 627, 97, 3703, 5755, 5763, 6795, 138, 5414, 5926, 132, 8090, 6450, 4922, 3902, 260, 323, 4931, 6473, 7503, 4945, 850, 5984, 3430, 3437, 7027, 2934, 2442, 8588, 2961, 6547, 6035, 406, 8362, 2466, 2985]"
0.42,0.03,0.4070831316670449,"[8, 1420, 527, 15, 8463, 4497, 920, 665, 24, 155, 30, 31, 32, 160, 2210, 35, 6052, 3490, 1443, 40, 553, 2472, 1068, 1324, 4015, 2994, 1970, 7091, 54, 55, 951, 2489, 58, 442, 318, 446, 67, 1092, 197, 1480, 8136, 75, 3021, 590, 2126, 80, 8144, 7124, 7638, 4065, 1254, 1392, 1521, 1009, 1907, 7671, 4473, 3582, 3194]"
0.27,0.02,0.3557687560821782,"[8576, 4480, 2180, 5893, 2054, 1287, 4487, 4, 1546, 4491, 3084, 1804, 13, 4495, 272, 6801, 1553, 402, 8460, 1814, 6552, 920, 7069, 7584, 6305, 6562, 8097, 1443, 4901, 6052, 2472, 2858, 1836, 7469, 4015, 1841, 1842, 2994, 1970, 7091, 1847, 2359, 951, 2489, 4411, 446, 4926, 833, 3400, 1480, 8136, 6988, 3021, 7502, 6910, 8144, 5971, 4436, 7124, 7638, 7006, 4832, 4065, 1521, 1009, 8435, 8177, 7671, 1785, 5370, 3323, 893, 3582, 3019]"
0.47,0.02,0.367169689368145,"[4098, 2654, 4192, 4198, 6251, 5240, 3194, 4236, 7311, 1684, 3232, 8360, 5812, 1212, 192, 4801, 3778, 5827, 2762, 2255, 1248, 342, 8434, 1785, 5370, 3323, 6910, 4354, 260, 1285, 4359, 2327, 5388, 271, 6428, 4901, 1836, 7469, 1841, 1842, 2134, 1546, 614, 231, 1254, 618, 1904, 1907, 4468, 1404, 4478, 5215, 1418, 446]"
0.65,0.02,0.34409345862895835,"[392, 8460, 590, 1546, 4488, 16, 252, 529, 141, 428, 1556, 54, 1694, 220, 1420, 75, 4468, 564, 4478, 8458, 1094, 8, 402, 8462, 1404, 2454, 734, 8449, 4494, 1254, 1098, 36, 2, 132, 1907, 4481]"
0.35,0.01,0.40382220777488786,"[4236, 1037, 7311, 5010, 1684, 932, 7589, 441, 3232, 6574, 7087, 8360, 3504, 6065, 7089, 5812, 4020, 3894, 4918, 8630, 5176, 4153, 5689, 1212, 6460, 1462, 63, 4160, 1092, 6977, 582, 5698, 3522, 4033, 4801, 3778, 5827, 1098, 75, 7756, 1989, 1993, 2762, 2139, 8165, 2255, 2654, 6118, 8425, 8179, 1015, 1480, 5887, 1453, 951, 2489, 5240, 3194, 446, 4192, 6251, 8136, 3021, 8144, 1016, 7963]"
0.45,0.01,0.3210037952323611,"[132, 1285, 260, 2054, 4359, 5512, 1418, 5388, 1419, 6027, 271, 4493, 6028, 4495, 5010, 2327, 6428, 1694, 30, 932, 4901, 7589, 441, 1836, 7469, 6574, 7087, 3504, 1841, 1842, 6065, 7089, 4020, 3894, 1847, 4918, 8632, 5176, 4153, 5689, 6460, 1462, 63, 4160, 6977, 5698, 3522, 4033, 1989, 1480, 1993, 8165, 6118, 8425, 8179, 5887]"
0.98,0.0,0.24623645126291716,"[1, 3754, 2]"
0.62,0.02,0.39366744049882596,"[1, 1026, 2, 8, 1420, 38, 8463, 527, 4497, 920, 24, 665, 155, 30, 31, 32, 160, 2210, 35, 6052, 3490, 1443, 40, 553, 2472, 1068, 1324, 4015, 2994, 1970, 7091, 54, 55, 951, 2489, 58, 442, 318, 446]"
0.25,0.03,0.4262175507653998,"[4352, 1, 2050, 2, 132, 2180, 138, 8458, 13, 141, 15, 527, 16, 22, 25, 26, 665, 1694, 162, 36, 165, 38, 553, 1068, 173, 1199, 51, 54, 59, 6334, 64, 192, 3394, 67, 370, 201, 713, 458, 76, 3402, 7116, 1231, 80, 5327, 7291, 2004, 4821, 87, 6873, 1499, 4476, 4832, 4472, 614, 231, 1128, 1254, 618, 3564, 632, 2160, 881, 1904, 1907, 627, 8179, 1392, 6516, 4216, 889, 4474, 3323, 124, 6910, 127, 2256]"
0.23,0.03,0.46055372082578916,"[1, 1026, 2054, 1546, 14, 527, 20, 24, 35, 40, 553, 42, 1068, 7733, 58, 67, 4163, 1092, 70, 1609, 1098, 75, 76, 588, 77, 80, 3668, 87, 4193, 97, 5734, 1128, 624, 627, 3703, 5755, 124, 5763, 132, 138, 6795, 8362, 172, 1199, 192, 197, 260, 5414, 5926, 3374, 5938, 6450, 1847, 4922, 318, 3902, 323, 4931, 6473, 7503, 4945, 850, 5984, 3430, 3439, 7027, 2934, 2442, 8588, 2961, 6547, 6035, 406, 8090, 2466, 2985, 3013, 6088]"
0.46,0.01,0.3827565525070531,"[5505, 769, 4354, 1285, 4359, 8200, 7946, 5370, 4236, 5388, 14, 527, 7311, 2065, 271, 1684, 5143, 24, 2327, 4636, 6428, 3232, 4901, 8360, 1836, 7469, 1970, 5812, 192, 4801, 3778, 5827, 202, 2762, 2255, 2654, 3935, 4192, 5729, 1248, 5860, 5989, 486, 6251, 2923, 4587, 2540, 4593, 8434, 7158, 5240, 1785, 3194, 3323, 6910]"
0.8,0.01,0.3425569846979666,"[392, 4488, 1546, 8, 8460, 141, 1420, 16, 529, 1556, 24, 1694, 428, 173, 54, 75, 590, 851, 220, 1904, 252]"
0.18,0.02,0.3731228747179647,"[1037, 2139, 2654, 4192, 6251, 5240, 3194, 4236, 7311, 1684, 3232, 8360, 5812, 1212, 192, 4801, 3778, 5827, 2762, 2255, 1248, 5860, 8434, 1785, 5370, 3323, 6910, 4354, 260, 1285, 4359, 5388, 271, 2327, 6428, 4901, 1836, 7469, 1841, 1842, 1847, 2359, 4411, 4926, 833, 3400, 6988, 7502, 5971, 4436, 7006, 893, 1928, 5512, 1418, 1419, 6027, 4493, 6028, 8590, 4497, 5013, 920, 8093, 7584, 8097, 1443, 6052, 2472, 4015, 2994, 1970, 7091, 951, 2489, 446, 1480, 8136, 3021, 8144, 7124, 7638, 6272]"
0.48,0.02,0.4415589464178171,"[5763, 138, 6795, 15, 529, 920, 7453, 5279, 7456, 162, 1443, 5414, 2984, 171, 172, 3374, 1199, 5938, 51, 54, 1847, 5944, 58, 318, 192, 67, 4163, 3013, 70, 1092, 1609, 1098, 75, 76, 77, 588, 80, 596, 3668, 87, 2650, 97, 4193, 5734, 4199, 1128, 624, 1907, 627, 3703, 5755, 124, 4573]"
0.12,0.02,0.4053301778396229,"[4354, 260, 1285, 4359, 1928, 8073, 1418, 283, 5388, 5512, 6027, 271, 1419, 6028, 8590, 4497, 5013, 2327, 920, 6428, 8093, 4493, 1948, 412, 7594, 6558, 31, 416, 35, 42, 2092, 429, 428, 305, 946, 7347, 2099, 2741, 3507, 311, 824, 5860, 8434, 1785, 5370, 446, 3323, 6910, 4901, 1836, 7469, 1841, 1842, 1847, 2359, 4411, 4926, 833, 6988, 7502, 5971, 4436, 7006, 3400, 893, 7584, 8097, 1443, 6052, 2472, 4015, 1480, 2994, 1970, 7091, 951, 2489, 8136, 3021, 8144, 7124, 7638, 4065, 1521, 1009, 8177, 7671, 3582, 7069]"
0.58,0.02,0.36958217918803127,"[1, 2050, 2, 13, 4469, 1326, 3135, 1907, 4476, 124, 132, 138, 141, 144, 665, 1184, 163, 162, 165, 1199, 200, 219, 1231, 220, 1254, 231, 8449, 8451, 8456, 8458, 8460, 8463, 1299, 276, 678, 294, 806, 3368, 808, 1332, 318, 1873, 851]"
0.81,0.0,0.2951454680491199,"[2054, 8023, 3135, 1970, 7091, 951, 767, 446, 8136, 3021, 8144, 7124, 7638, 4065, 1521, 1009, 8177, 7671, 3582, 7069]"
0.89,0.01,0.33532458817764,"[6562, 1443, 260, 1285, 1414, 8073, 2026, 429, 433, 3507, 1461, 442]"
0.38,0.01,0.36553858996029,"[4448, 6979, 6692, 6118, 7589, 8480, 3098, 4236, 5388, 7311, 271, 1684, 2327, 6428, 3232, 4901, 8360, 1836, 7469, 1841, 1970, 5348, 5812, 1847, 2359, 571, 1212, 4411, 4926, 192, 4801, 3778, 5827, 833, 1606, 3400, 2762, 6988, 7502, 7759, 4176, 2255, 5971, 4436, 2139, 4317, 2654, 7006, 4192, 5729, 1248, 5860, 743, 6251, 4977, 8434, 5240, 1785, 3194, 3323, 893, 6910, 2920]"
0.34,0.02,0.3715913562471347,"[5763, 132, 260, 392, 4488, 1546, 4491, 8460, 4493, 141, 4495, 16, 8463, 6795, 1299, 1556, 8468, 277, 150, 2961, 6547, 8090, 6035, 406, 1694, 2466, 163, 806, 5414, 5926, 8, 8362, 4139, 428, 2985, 433, 1332, 54, 138, 4922, 3902, 323, 4931, 5065, 3529, 75, 6473, 8588, 590, 7503, 4945, 850, 851, 5984, 97, 5734, 3430, 3437, 1904, 624, 627, 7027, 2934, 3703, 632, 5755, 2442]"
0.95,0.0,0.26108322982491183,"[2, 2180, 1414, 8465, 8, 2584]"
0.91,0.0,0.22032824586330735,"[4354, 260, 1285, 4359, 1928, 3811, 1418, 8026, 3135, 7755]"
0.41,0.02,0.38655785276312604,"[1025, 3078, 6281, 2571, 3725, 5774, 5649, 6674, 8211, 2965, 4249, 6172, 6812, 5277, 5792, 5668, 7214, 4144, 1075, 4149, 3128, 4665, 3135, 7999, 2115, 5572, 1631, 3523, 6854, 2120, 5321, 5707, 214, 4495, 16, 172, 3374, 4496, 1094, 26, 171, 25, 856, 582, 614, 54, 382, 4486, 4492, 4493, 914, 920, 3490, 1443, 428, 458, 433, 1461, 442, 951]"
0.86,0.0,0.22358303664175694,"[1037, 2139, 2654, 4192, 6251, 5240, 3194, 5508, 7311, 1684, 3232, 8360, 5812, 2724, 1847]"
0.49,0.01,0.381694484513333,"[4236, 1037, 7311, 5010, 1684, 932, 7589, 441, 3232, 6574, 7087, 8360, 3504, 6065, 7089, 5812, 4020, 3894, 4918, 8630, 5176, 1349, 5689, 1212, 6460, 1462, 63, 4160, 1092, 6977, 582, 5698, 3522, 4033, 4801, 3778, 5827, 1098, 7756, 75, 1989, 1993, 2762, 2139, 8165, 2255, 2654, 6118, 8425, 8179, 1015, 1480]"
0.13,0.02,0.381076919000921,"[1037, 2139, 2654, 4192, 6251, 5240, 3194, 4236, 7311, 1684, 3232, 8360, 5812, 1212, 192, 4801, 3778, 5827, 2762, 2255, 1248, 5860, 8434, 1785, 5370, 3323, 6910, 4354, 260, 1285, 4359, 5388, 271, 2327, 6428, 4901, 1836, 7469, 1841, 1842, 1847, 2359, 4411, 4926, 833, 3400, 6988, 7502, 5971, 4436, 7006, 893, 1060, 5512, 1418, 1419, 6027, 4493, 8590, 6028, 4497, 5013, 920, 8093, 7584, 8097, 1443, 6052, 2472, 4015, 2994, 1970, 7091, 951, 2489, 446, 1480, 8136, 3021, 8144, 1016, 4065, 1521, 1009, 8177, 7671, 3582, 7069]"
0.78,0.01,0.28323444398326447,"[260, 132, 1285, 2054, 4359, 5512, 1418, 1419, 5388, 6027, 4493, 6028, 4495, 5010, 2327, 6428, 30, 1694, 932, 4901, 7589, 1836, 441]"
0.29,0.02,0.3541750397015032,"[1037, 2139, 2654, 4192, 6251, 5240, 3194, 4236, 7311, 1684, 3232, 8360, 5812, 1212, 192, 4801, 3778, 5827, 2762, 2255, 1248, 5860, 8434, 1785, 5370, 3323, 6910, 4354, 260, 1285, 4359, 5388, 271, 2327, 6428, 4901, 1832, 7469, 1841, 1842, 1847, 2359, 4411, 4926, 833, 6988, 7502, 5971, 4436, 7006, 3400, 5013, 893, 1418, 1928, 5512, 1419, 6027, 4493, 6028, 8590, 4497, 920, 8093, 7584, 8097, 1443, 6052, 2472, 4015, 1480, 2994]"
0.97,0.0,0.18609193009241065,"[1521, 2054, 8023, 5278]"
0.61,0.02,0.360908486388301,"[2, 392, 4488, 1546, 8458, 8460, 141, 1420, 8462, 16, 529, 402, 1556, 1694, 2472, 8, 428, 1068, 1324, 4015, 2994, 1970, 564, 7091, 54, 55, 951, 2489, 58, 442, 318, 446, 1094, 75, 590, 220, 4468, 252, 4478, 4401]"
0.04,0.03,0.4350721298121797,"[4098, 4198, 8435, 1026, 2054, 8, 14, 527, 2065, 5143, 24, 1908, 30, 32, 4642, 35, 1060, 553, 2605, 6190, 2597, 54, 2104, 58, 4163, 1092, 67, 70, 1094, 2126, 1098, 75, 76, 588, 77, 80, 87, 590, 220, 1128, 624, 627, 271, 2334, 6428, 4901, 1836, 7469, 1841, 1842, 1847, 2359, 2568, 4926, 833, 3400, 6988, 7502, 5971, 4436, 7006, 1928, 893, 5512, 1418, 1419, 6027, 4493, 6028, 8590, 4497, 920, 7069, 8093, 3959, 8097, 1443, 6052, 2472, 4015, 2994, 1970, 7091, 951, 2489, 446, 1480, 8136, 3021, 8144, 7124, 7638, 4065, 1009, 8177, 7671, 3582]"
0.21,0.03,0.4101530375612047,"[2, 15, 527, 22, 25, 26, 1068, 1098, 590, 596, 97, 2180, 6281, 650, 138, 141, 3725, 1694, 1697, 162, 192, 8453, 8455, 8462, 1299, 276, 277, 1305, 1847, 2359, 4411, 4926, 833, 3400, 6988, 7502, 851, 5971, 4436, 7006, 4470, 893, 4481, 1414, 5512, 1928, 906, 7051, 1420, 4493, 8078, 8590, 1418, 1419, 6027, 6028, 4497, 5013, 920, 8093, 7584, 8097, 3490, 1443, 6052, 2472, 4015, 2994, 1970, 7091, 951, 2489, 442, 446, 1480, 8136, 458, 3021, 8144, 1016]"
0.98,0.0,0.08455830878351733,"[7073, 5735, 227]"
0.9,0.0,0.1908297215857221,"[3232, 5508, 2724, 6251, 7311, 2993, 1684, 5812, 1847, 5240, 3194]"
0.18,0.02,0.40858921404375925,"[1, 2050, 2, 13, 15, 527, 16, 22, 25, 26, 36, 8360, 5812, 1212, 4801, 3778, 5827, 2762, 2255, 1248, 5860, 8434, 1785, 7307, 3323, 6910, 4354, 260, 1285, 4359, 5388, 271, 2327, 6428, 4901, 1836, 192, 7469, 1841, 1842, 1847, 2359, 4411, 4926, 833, 3400, 6988, 7502, 5971, 4436, 7006, 893, 1928, 920, 5512, 1418, 1419, 6027, 4493, 6028, 8590, 4497, 5013, 8093, 7584, 8097, 1443, 6052, 2472, 4015, 2994, 1970, 7091, 951, 2489, 446, 1480, 8136, 3021, 8144, 7124, 7638, 6272]"
0.15,0.02,0.3760000766520972,"[1037, 2847, 2654, 4192, 6251, 5240, 3194, 4236, 7311, 1684, 3232, 8360, 5812, 1212, 192, 4801, 3778, 5827, 2762, 2255, 1248, 5860, 8434, 1785, 5370, 3323, 6910, 4354, 260, 1285, 4359, 5388, 271, 2327, 6428, 4901, 1836, 7469, 1841, 1842, 1847, 2359, 4411, 4926, 833, 3400, 6988, 7502, 5971, 4436, 7006, 893, 1060, 5512, 1418, 1419, 6027, 4493, 8590, 6028, 4497, 5013, 920, 8093, 7584, 8097, 1443, 6052, 2472, 4015, 2994, 1970, 7091, 951, 2489, 446, 1480, 8136, 3021, 8144, 1016, 4065, 1521, 1009, 8177, 7671]"
0.05,0.03,0.41858133607477443,"[2568, 1037, 2597, 2605, 6190, 54, 2104, 58, 4163, 1092, 67, 70, 1094, 1098, 75, 76, 588, 2126, 77, 80, 590, 87, 2139, 2654, 4192, 1128, 6251, 624, 627, 5240, 3194, 4236, 7311, 1684, 3232, 8360, 5812, 1212, 192, 4801, 3778, 5827, 271, 2327, 6428, 4901, 1836, 7469, 1841, 1842, 1847, 2359, 4926, 833, 3400, 6988, 7502, 5971, 4436, 7006, 3959, 893, 1928, 5512, 1418, 1419, 6027, 4493, 6028, 8590, 4497, 920, 7069, 8093, 8097, 1443, 6052, 2472, 4015, 2994, 1970, 7091, 951, 2489, 446, 1480, 8136, 3021, 8144, 7124, 7638, 4065, 1009, 8177, 7671, 3582]"
0.57,0.01,0.34697292013846026,"[4354, 260, 1285, 4359, 5370, 4236, 1037, 5388, 7311, 271, 1684, 2327, 6428, 4901, 8360, 1832, 7469, 1841, 1842, 5812, 1847, 2359, 4411, 1212, 4926, 192, 4801, 3778, 5827, 833, 2762, 2255, 2139, 2654, 4192, 1248, 5860, 6251, 8434, 5240, 1785, 3194, 3323, 6910]"
0.64,0.01,0.3028037102254796,"[7677, 743, 4411, 4926, 192, 4801, 3778, 5827, 833, 1606, 3400, 2762, 6988, 7502, 7759, 4176, 2255, 5971, 4436, 2139, 4317, 2654, 7006, 4192, 5729, 4312, 5860, 6251, 4977, 8434, 5240, 1785, 3194, 3323, 893, 6910, 2920]"
0.86,0.01,0.3096886020904812,"[1, 1026, 2, 132, 8458, 138, 13, 141, 15, 16, 588, 8463, 25, 173, 564]"
0.53,0.02,0.36285446649866815,"[1025, 3078, 6281, 2571, 3725, 5774, 5649, 6674, 8211, 2965, 4249, 6172, 6812, 5277, 5792, 5668, 7214, 4144, 1075, 4149, 3128, 4665, 3135, 7999, 2115, 5572, 1631, 553, 42, 171, 172, 173, 3374, 1199, 1326, 1324, 1068, 200, 1866, 1231, 8462, 2385, 219, 220, 1254, 231, 1404, 6038]"
0.17,0.02,0.40309268207732707,"[1, 2, 4098, 1026, 2054, 8, 14, 527, 2065, 5143, 24, 30, 32, 4642, 35, 1060, 553, 6272, 2762, 2255, 1248, 5860, 8434, 1785, 5370, 3323, 6910, 4354, 260, 1285, 4359, 5388, 271, 2327, 6428, 4901, 1836, 7469, 1841, 1842, 1847, 2359, 4411, 4926, 833, 3400, 6988, 7502, 5971, 4436, 7006, 1908, 893, 1928, 5512, 1418, 1419, 6027, 4493, 8590, 6028, 4497, 5013, 920, 8093, 7584, 8097, 1443, 6052, 2472, 4015, 2994, 1970, 7091, 951, 2489, 446, 1480, 8136, 3021, 8144, 7124, 7638, 7183]"
0.97,0.0,0.13014632071101562,"[1037, 2139, 2654, 4048]"
0.54,0.02,0.4366809099535802,"[1026, 2054, 1546, 12, 5262, 588, 5781, 5755, 31, 32, 38, 7482, 442, 7890, 8537, 247, 231, 1128, 4848, 624, 627, 3703, 6907, 124, 5484, 162, 1443, 6692, 1700, 165, 3881, 7851, 1324, 173, 1068, 1199, 3374, 946, 1970, 54, 4923, 64, 192, 713, 458, 76, 2342]"
0.94,0.0,0.22435366732465556,"[1, 2695, 2505, 3754, 5262, 7890, 4906]"
0.36,0.02,0.3853929608324761,"[132, 260, 2054, 1285, 4359, 1928, 5512, 1418, 5388, 1419, 6027, 271, 4493, 6028, 4495, 2327, 6428, 1694, 4901, 30, 1836, 7469, 1841, 1842, 412, 6557, 6558, 31, 416, 42, 2092, 428, 429, 305, 946, 7347, 2099, 2741, 3507, 311, 824, 58, 446, 5831, 713, 201, 73, 76, 2637, 588, 1414, 2385, 8403, 2391, 1369, 734, 224, 614, 358, 240, 4468, 4472, 1404, 1022, 8446]"
0.42,0.03,0.41270477405302775,"[1, 2, 1026, 132, 4482, 2054, 1546, 906, 1804, 14, 527, 144, 1299, 20, 24, 30, 162, 35, 163, 165, 2214, 40, 553, 42, 1068, 173, 1326, 49, 1332, 54, 824, 58, 59, 62, 190, 67, 1092, 70, 1098, 75, 2250, 77, 590, 80, 1873, 851, 220, 97, 231, 624, 1904, 881, 1907, 4472, 889, 4476, 8446, 1663, 1986]"
0.52,0.01,0.31797840623514195,"[4236, 1037, 7311, 5010, 1684, 906, 7589, 441, 6574, 7087, 3504, 6065, 3232, 7089, 4020, 5812, 8360, 3894, 4918, 8630, 5176, 1904, 6988, 7502, 5971, 4436, 7006, 3400, 5013, 893, 1418, 1928, 5512, 1419, 6027, 4493, 6028, 8590, 4497, 920, 8093, 7584, 8097, 1443, 6052, 2472, 4015, 1472, 2994]"
0.55,0.02,0.37808060099877505,"[1, 1026, 2, 132, 8451, 8458, 138, 8460, 13, 141, 15, 16, 17, 8463, 276, 1687, 665, 25, 793, 1184, 1697, 162, 163, 165, 553, 42, 171, 172, 173, 3374, 1199, 1326, 1068, 1324, 564, 831, 200, 1231, 219, 220, 1254, 231, 1907, 4468, 4476, 1404]"
0.23,0.03,0.444508336915336,"[4352, 1, 2050, 2, 132, 2180, 138, 8458, 13, 141, 15, 527, 16, 22, 25, 26, 665, 1694, 162, 36, 165, 38, 173, 51, 1068, 1199, 553, 54, 59, 5734, 624, 3703, 5755, 5763, 6795, 8362, 172, 197, 192, 67, 76, 260, 80, 5414, 5926, 3374, 5938, 87, 6450, 1847, 4922, 318, 3902, 323, 4931, 6473, 7503, 4945, 850, 5984, 3430, 3437, 7027, 1128, 2934, 627, 2442, 8588, 2961, 6547, 6035, 406, 124, 8090, 2466, 2985, 3013, 6088]"
0.56,0.02,0.36751955743390663,"[132, 260, 4493, 527, 16, 15, 22, 26, 1694, 553, 42, 1068, 1836, 7469, 1841, 1842, 51, 54, 1847, 2359, 59, 4411, 4926, 64, 192, 833, 2503, 3400, 1098, 75, 6988, 590, 7502, 5971, 4436, 7006, 97, 2926, 4474, 881, 4469, 5370, 3323, 893, 6910]"
0.69,0.02,0.33245169464119895,"[132, 260, 1285, 2054, 4359, 5512, 1418, 1419, 5388, 6027, 4493, 6028, 4495, 5010, 54, 1847, 55, 442, 318, 192, 67, 1092, 3013, 713, 2250, 1231, 86, 2134, 97, 4707, 7524, 4471]"
0.45,0.01,0.30427213906245854,"[392, 4488, 260, 2054, 4359, 5512, 1418, 5388, 1419, 6027, 271, 1694, 4493, 6028, 4495, 5010, 2327, 6428, 30, 932, 4901, 7589, 441, 1836, 7469, 6574, 7087, 3504, 1841, 1842, 6065, 7089, 4020, 3894, 1847, 4918, 8632, 5176, 4153, 5689, 6460, 770, 63, 4160, 6977, 5698, 3522, 4033, 1989, 1480, 1993, 8165, 6118, 8425, 8179, 5887]"
0.31,0.02,0.4614622075091066,"[5763, 260, 132, 138, 6795, 15, 529, 920, 8090, 7453, 5279, 7456, 162, 1443, 5414, 5926, 2984, 171, 172, 3374, 1199, 5938, 51, 6450, 54, 1847, 5944, 58, 4922, 318, 3902, 192, 67, 4163, 3013, 70, 1092, 323, 1609, 1098, 75, 76, 588, 77, 6473, 80, 7503, 4945, 850, 596, 3668, 87, 2650, 5984, 97, 4193, 5734, 4199, 1128, 3430, 4931, 3439, 624, 1907, 627, 7027, 3703, 5755, 124, 5479]"
0.21,0.03,0.40366171184211286,"[132, 4485, 6534, 6023, 4488, 4489, 138, 8458, 8459, 13, 141, 15, 5648, 17, 16, 144, 8465, 276, 8468, 406, 920, 25, 26, 665, 155, 5553, 8604, 7711, 1184, 7073, 2466, 165, 553, 42, 171, 172, 1199, 1697, 49, 1443, 51, 59, 62, 190, 1068, 4492, 3402, 1231, 397, 1418, 1419, 6027, 6028, 1098, 590, 4497, 5013, 1420, 8093, 1414, 7584, 8097, 3490, 6052, 2472, 97, 4015, 2994, 1970, 7091, 951, 2489, 442, 446, 1480, 8136, 458, 3021, 8144, 1016]"
0.61,0.02,0.3265183847059505,"[260, 132, 1285, 2054, 4359, 5512, 1418, 1419, 5388, 6027, 4493, 6028, 4495, 5010, 2327, 6428, 30, 1694, 932, 4901, 7589, 1836, 441, 8451, 8456, 8458, 8460, 8463, 1299, 276, 678, 294, 3232, 3368, 808, 1326, 1332, 318, 1873, 851]"
0.67,0.02,0.3939600556310645,"[25, 6305, 6562, 35, 806, 172, 173, 1324, 3374, 1199, 5938, 564, 54, 1847, 55, 442, 318, 192, 3394, 67, 1092, 3013, 713, 2250, 1231, 86, 2134, 6362, 4832, 97, 4707, 7524, 4471, 3061]"
0.63,0.02,0.3410743401888644,"[2054, 8455, 8, 1420, 8462, 6802, 1299, 276, 22, 2584, 1305, 25, 26, 1694, 3490, 162, 2600, 553, 173, 8023, 4193, 3301, 1254, 1638, 5351, 2026, 618, 8301, 2415, 1521, 1265, 1907, 4469, 1013, 7415, 4982, 3708, 4478]"
0.75,0.01,0.34049184074931094,"[386, 260, 1285, 1414, 8456, 6534, 1420, 397, 4877, 15, 527, 8462, 1043, 1299, 276, 920, 1305, 3098, 3867, 5276, 5789, 2206, 30, 26, 25, 442]"
0.79,0.01,0.3156935341156717,"[1907, 3225, 8561, 4489, 6023, 138, 8458, 97, 2026, 8459, 13, 141, 15, 5648, 17, 16, 144, 618, 8465, 276, 25, 132]"
0.96,0.0,0.19837611286491197,"[4048, 132, 260, 2654, 4570]"
0.37,0.02,0.38814589113549136,"[132, 260, 2054, 1285, 4359, 1928, 5512, 1418, 5388, 1419, 6027, 271, 4493, 6028, 4495, 2327, 6428, 1694, 4901, 30, 1836, 2716, 1841, 1842, 412, 6557, 6558, 31, 416, 42, 2092, 428, 429, 305, 946, 7347, 2099, 2741, 3507, 311, 824, 58, 446, 5831, 713, 201, 73, 76, 2637, 588, 1414, 2385, 8403, 2391, 1369, 734, 224, 614, 358, 240, 4468, 4472, 1404, 1022]"
0.33,0.01,0.393097591378768,"[4354, 260, 1285, 4359, 4236, 1037, 5388, 7311, 271, 1684, 1814, 2327, 6428, 6174, 4901, 8360, 1832, 7469, 1841, 1842, 5812, 1847, 2359, 4411, 1212, 4926, 192, 4801, 3778, 5827, 833, 3194, 3400, 1480, 2762, 8136, 6988, 3021, 7502, 2255, 8144, 5971, 4436, 7124, 7638, 6385, 2139, 2654, 7006, 4192, 1248, 4832, 4065, 5860, 3582, 6251, 1521, 8434, 8435, 1009, 8177, 4977, 7671, 1785, 5370, 3323, 893, 6910]"
0.13,0.02,0.39209185246920575,"[2993, 13, 1555, 1068, 7729, 3127, 571, 1606, 7759, 4176, 2139, 2654, 4192, 6251, 5240, 3194, 4236, 7311, 1684, 3232, 8360, 5812, 1212, 192, 4801, 3778, 6517, 2762, 2255, 4317, 1248, 5860, 5898, 1785, 5370, 3323, 6910, 4354, 1045, 1285, 4359, 8422, 271, 2327, 6428, 4901, 2081, 7469, 1841, 1842, 1847, 5251, 4411, 4926, 833, 3402, 4749, 7502, 5971, 4020, 7006, 8133, 893, 1928, 5512, 1418, 1419, 6027, 4493, 8590, 6028, 4497, 920, 8093, 7069, 7584, 8097, 1443, 6052, 2472, 4015, 2914, 2994, 7091, 951, 2489, 446, 1480]"
0.88,0.01,0.2748831051058438,"[1, 1026, 2, 132, 8458, 1993, 7311, 2640, 6802, 3923, 5938, 1847, 1563]"
0.9,0.0,0.24003188786848195,"[132, 260, 1285, 2054, 4359, 5512, 1419, 5388, 6027, 2672, 4493]"
0.74,0.0,0.2678588692152313,"[7677, 743, 4411, 4926, 7589, 1339, 8586, 1993, 8265, 2640, 4945, 1746, 3923, 5981, 4446, 4448, 5728, 4065, 5858, 4960, 6118, 101, 2537, 3562, 3947, 1270, 8441]"
0.94,0.0,0.21206218931868837,"[4354, 254, 1285, 4359, 1928, 3811, 1418]"
0.68,0.02,0.4034882305249382,"[25, 6305, 6562, 35, 806, 8, 173, 1324, 3374, 1199, 5938, 564, 54, 1847, 55, 442, 318, 192, 3394, 67, 1092, 3013, 713, 2250, 1231, 86, 2134, 6362, 4832, 97, 4707, 7524, 4471]"
0.87,0.0,0.25654456990837393,"[4352, 1, 2050, 260, 7589, 1993, 7311, 2640, 6802, 3923, 5938, 1847, 4990, 3541]"
0.21,0.03,0.40645256658721074,"[5729, 4485, 6534, 6023, 119, 4489, 138, 8458, 8459, 13, 141, 15, 5648, 17, 16, 144, 8465, 276, 8468, 406, 920, 25, 26, 665, 155, 5553, 8604, 7711, 1184, 7073, 2466, 165, 553, 42, 171, 172, 1199, 1697, 49, 1443, 51, 59, 62, 190, 1068, 4492, 3402, 1231, 397, 1418, 1419, 6027, 6028, 1098, 590, 4497, 5013, 1420, 8093, 1414, 7584, 8097, 3490, 6052, 2472, 97, 4015, 2994, 1970, 7091, 951, 2489, 442, 446, 1480, 8136, 458, 3021, 8144, 1016]"
0.17,0.02,0.39741799499384767,"[4354, 260, 1285, 4359, 1928, 8073, 1418, 5388, 6025, 4098, 6027, 271, 5013, 1419, 5512, 8590, 4497, 2327, 920, 6428, 8093, 4493, 7584, 1026, 2054, 8097, 1443, 4901, 8, 2472, 14, 1836, 7469, 4015, 1841, 1842, 2994, 1970, 7091, 1847, 2359, 951, 2489, 4411, 4926, 446, 833, 3400, 1480, 8136, 6988, 3021, 7502, 8144, 5971, 4436, 7124, 7638, 7006, 1555, 6052, 2065, 5143, 24, 30, 1785, 32, 4642, 5370, 3323, 6910, 35, 893, 1060, 553, 6272, 2762, 2255, 1248, 5860, 8434, 1908, 6028, 7183]"
0.39,0.02,0.4482954391763847,"[4199, 15, 529, 51, 1907, 171, 596, 97, 759, 162, 920, 7453, 5279, 1443, 7456, 5944, 2984, 54, 70, 3374, 1199, 5938, 1847, 318, 192, 3013, 67, 58, 4163, 1092, 1609, 1098, 75, 76, 1128, 124, 588, 77, 80, 3668, 87, 2650, 4193, 5734, 624, 627, 3703, 5755, 5763, 6795, 138, 5414, 5926, 132, 8090, 6450, 4922, 3902, 260, 323, 4931, 6473]"
0.42,0.02,0.43142044408689206,"[5763, 138, 6795, 15, 529, 920, 7453, 5279, 7456, 162, 1443, 5414, 806, 2984, 3368, 808, 171, 172, 3374, 1199, 1326, 5938, 51, 1332, 54, 1847, 5944, 58, 318, 192, 67, 4163, 3013, 70, 1092, 1609, 1098, 75, 76, 77, 588, 80, 1873, 851, 596, 3668, 87, 2650, 4573, 97, 4193, 5734, 4199, 1128, 624, 1907, 627, 3703, 5755]"
0.21,0.03,0.4355577649624719,"[15, 16, 527, 22, 25, 26, 553, 42, 1068, 51, 54, 59, 64, 1098, 590, 97, 2180, 3350, 6281, 650, 3725, 7311, 1694, 192, 201, 713, 173, 162, 736, 231, 260, 8453, 8455, 8456, 7535, 172, 132, 1199, 4470, 4474, 3466, 171, 665, 138, 141, 1697, 1907, 4468, 4472, 1324, 1326, 3374, 824, 318, 1873, 851, 889, 4015, 2994, 1970, 7091, 951, 2489, 446, 1414, 1480, 8136, 458, 3021, 8144, 1016, 4488, 4492, 1420, 8465, 276, 920, 3490, 1443, 442]"
0.34,0.03,0.39974496937182225,"[4481, 4483, 2180, 132, 6662, 8453, 8455, 6281, 650, 138, 8456, 141, 3725, 8462, 8465, 906, 4488, 1299, 276, 277, 7051, 8078, 2454, 665, 1305, 920, 1694, 1697, 162, 3490, 1443, 171, 172, 173, 4741, 1199, 1324, 806, 1326, 589, 946, 3507, 1461, 433, 824, 75, 6473, 8588, 7503, 4945, 850, 5984, 5734, 3430, 3437, 1904, 624, 627, 7027, 2934, 590, 851, 3703, 632, 5755, 2442, 97]"
0.16,0.03,0.4367744444619256,"[1025, 3078, 6281, 2571, 3725, 5774, 5649, 6674, 8211, 2965, 4249, 6172, 6812, 5277, 5792, 5668, 7214, 4144, 1075, 4149, 3128, 4665, 3135, 155, 157, 665, 8604, 553, 42, 171, 172, 7711, 3374, 1199, 1326, 1184, 1068, 7073, 1697, 1324, 1231, 2466, 1443, 165, 49, 51, 1404, 59, 62, 190, 4492, 1098, 8463, 1299, 277, 1305, 7971, 806, 618, 1907, 824, 4472, 318, 4474, 4476, 1873, 1904, 370, 4470, 4473, 4478, 1414, 4483, 1420, 906, 4497, 2454, 433, 5337, 3507, 442, 3013, 458, 1499, 2016]"
0.97,0.0,0.08246929157353644,"[743, 7755, 8026, 7677]"
0.23,0.02,0.4063874750162507,"[1025, 3078, 2571, 7183, 5649, 6674, 8211, 1555, 2065, 5143, 24, 6172, 30, 32, 4642, 35, 1060, 553, 42, 1068, 7214, 4144, 1075, 4149, 3128, 4665, 3135, 2115, 1631, 6272, 6281, 3725, 5774, 4249, 6812, 5277, 5792, 171, 172, 173, 1199, 200, 2762, 1231, 2255, 219, 220, 1248, 5860, 1254, 231, 8434, 1785, 5370, 3323, 6910, 8462, 1324, 3374, 1326, 7999, 1866, 7502, 2385, 5971, 4436, 7006, 1908, 1404, 893, 6028, 2965, 6038, 6052, 5572, 8144, 7124, 7638]"
0.41,0.02,0.3586453705157734,"[4354, 260, 1285, 4359, 1928, 8073, 1418, 5388, 6025, 6264, 6027, 271, 5013, 1419, 5512, 8590, 4497, 2327, 920, 6428, 8093, 4493, 7584, 1026, 2054, 8097, 1443, 4901, 8, 2472, 14, 1836, 7469, 4015, 1841, 1842, 2994, 1970, 7091, 1847, 2359, 951, 2489, 4411, 4926, 446, 833, 3400, 1480, 8136, 6988, 3021, 7502, 8144, 5971, 4436, 7124, 7638, 7006, 1555]"
0.28,0.02,0.36400416445239125,"[6272, 4354, 260, 1285, 4359, 1928, 5512, 1418, 7307, 5388, 1419, 6027, 7311, 271, 4493, 6802, 4990, 6028, 8590, 4497, 2327, 920, 5013, 6428, 8093, 7584, 8097, 1443, 6692, 7589, 4901, 6052, 2472, 1836, 7469, 4015, 1841, 5938, 1842, 2994, 1970, 7091, 1847, 2359, 951, 2489, 4411, 4926, 446, 192, 833, 3400, 1993, 1480, 8136, 6988, 3021, 7502, 2640, 8144, 3923, 5971, 4436, 7124, 7638, 7006, 4448, 6118, 1785, 3323, 893, 6910, 5810]"
0.77,0.01,0.3620453029453574,"[1, 2050, 2, 13, 15, 527, 16, 22, 25, 26, 36, 8360, 5812, 1212, 4801, 3113, 5827, 2762, 2255, 1248, 5860, 8434, 260, 1847]"
0.16,0.04,0.43815571183294777,"[2, 13, 15, 527, 16, 7183, 22, 25, 26, 553, 42, 1068, 54, 59, 64, 1098, 590, 596, 97, 2180, 6281, 650, 138, 141, 3725, 665, 1694, 1697, 162, 171, 172, 173, 1199, 192, 201, 713, 736, 5860, 231, 8434, 8453, 8455, 8456, 8462, 8465, 1299, 276, 277, 1305, 806, 1324, 1326, 3374, 824, 318, 1873, 851, 1907, 1908, 4470, 4473, 4474, 4481, 4483, 1414, 4488, 906, 7051, 1420, 6028, 8078, 4497, 2454, 920, 3490, 1443, 433, 946, 3507, 1461, 442, 3013, 458, 2016, 3763]"
0.51,0.02,0.4266485972648638,"[5763, 138, 6795, 15, 529, 920, 7453, 5279, 7456, 162, 1443, 5414, 806, 2984, 1274, 808, 171, 172, 3374, 1199, 1326, 5938, 51, 1332, 54, 1847, 5944, 58, 318, 192, 67, 4163, 3013, 70, 1092, 1609, 1098, 75, 76, 77, 588, 80, 1873, 851, 596, 3668, 87, 2650, 97, 1907]"
0.34,0.03,0.415043452362299,"[1, 2, 1026, 132, 4482, 2054, 1546, 906, 1804, 14, 527, 144, 1299, 20, 1785, 24, 30, 162, 35, 163, 165, 2214, 40, 553, 42, 1068, 173, 1326, 49, 1332, 54, 824, 58, 59, 62, 190, 67, 1092, 7671, 70, 1098, 75, 2250, 77, 590, 80, 1873, 851, 220, 97, 231, 624, 1904, 881, 1907, 4468, 1009, 8177, 4977, 4472, 889, 5370, 3323, 4476, 893, 8446, 1663]"
0.09,0.03,0.42449186406511996,"[13, 15, 5648, 17, 16, 25, 26, 7711, 553, 42, 1068, 49, 51, 59, 62, 70, 1098, 590, 97, 1128, 618, 132, 138, 141, 144, 665, 155, 157, 1184, 1697, 165, 171, 172, 1199, 190, 2307, 8458, 8459, 8465, 276, 8468, 3402, 1904, 1392, 370, 1907, 6516, 4471, 4472, 889, 4474, 4476, 1407, 4485, 6534, 6023, 1414, 4489, 4488, 4492, 397, 1420, 406, 920, 8604, 7073, 2466, 1443, 2985, 1963, 2477, 1455, 946, 8115, 436, 442, 5565, 7629, 2510, 5073, 1499, 7134, 2017, 2531, 996, 484, 5610, 6123, 3564, 7147, 2026, 8179]"
0.55,0.02,0.33653414552237104,"[138, 13, 141, 15, 16, 8463, 8595, 532, 2451, 2965, 3991, 2039, 25, 928, 5538, 6692, 7589, 1450, 7083, 7082, 173, 6574, 564, 949, 452, 6598, 2506, 588, 1874, 6996, 7511, 3030, 3544, 4571, 7517, 4958, 4448, 4449, 356, 2917, 6118, 4474, 3062, 8567, 888, 8058]"
0.64,0.01,0.3253810542400899,"[4354, 260, 1285, 4359, 5370, 4236, 1037, 5388, 7311, 271, 1684, 2327, 6428, 2847, 3232, 8360, 5812, 1847, 1212, 192, 4801, 3778, 5827, 2762, 2255, 2654, 4192, 1248, 5860, 6251, 8434, 5240, 1785, 3194, 3323, 6910, 7160]"
0.59,0.02,0.36488769226789897,"[4832, 6305, 3394, 6562, 5893, 1958, 7668, 24, 209, 172, 173, 150, 1553, 1684, 86, 4496, 1, 8456, 1026, 1324, 231, 1697, 4485, 144, 62, 3507, 208, 49, 808, 127, 165, 277, 38, 4474, 1013, 1369, 290, 3490, 8459, 8468, 26, 370]"
0.7,0.01,0.32720323934871287,"[1907, 3225, 8561, 4489, 6023, 8458, 138, 2026, 8459, 97, 13, 141, 15, 5648, 17, 16, 144, 618, 8465, 276, 4418, 132, 4573, 4193, 5734, 4199, 1128, 624, 627, 3703, 5755]"
0.13,0.03,0.43176342620765407,"[1, 1026, 2, 8, 14, 15, 527, 24, 30, 31, 32, 35, 40, 553, 1068, 54, 55, 58, 67, 1092, 588, 1098, 75, 76, 2126, 590, 2127, 80, 87, 1128, 97, 624, 627, 124, 132, 138, 141, 144, 665, 1184, 163, 162, 165, 1199, 200, 219, 1231, 220, 1254, 4436, 7006, 893, 1060, 5512, 1418, 1419, 6027, 4493, 8590, 6028, 4497, 5013, 920, 8093, 7584, 8097, 1443, 6052, 2472, 4015, 2994, 1970, 7091, 951, 2489, 446, 1475, 8136, 3021, 8144, 1016, 4065, 1521, 1009, 8177, 7671, 3582, 7069]"
0.69,0.01,0.3128211217486475,"[1037, 2139, 2654, 4192, 6251, 5240, 3194, 4236, 7309, 1684, 3232, 8360, 5812, 1212, 192, 4801, 3778, 5827, 2762, 2255, 1248, 5860, 8434, 1785, 5370, 3323, 6910, 4354, 260, 1285, 4359, 5388]"
0.88,0.01,0.2586405403258315,"[42, 3225, 8561, 4489, 6023, 138, 8458, 97, 2026, 8459, 13, 1563, 132]"
0.39,0.02,0.44510392081006045,"[743, 7755, 8026, 51, 1907, 171, 1395, 97, 759, 162, 920, 7453, 5279, 1443, 7456, 5944, 2984, 54, 70, 3374, 1199, 5938, 1847, 318, 192, 3013, 67, 58, 4163, 1092, 1609, 1098, 75, 76, 1128, 124, 588, 77, 80, 3668, 87, 2650, 4193, 5734, 624, 627, 3703, 5755, 5763, 6795, 138, 5414, 5926, 132, 8090, 6450, 4922, 3902, 260, 323, 4931, 6473]"
0.9,0.01,0.28379097425790534,"[132, 260, 4493, 527, 16, 15, 22, 26, 1694, 4892, 2672]"
0.32,0.01,0.3708082171841204,"[768, 1025, 3078, 6281, 2571, 3725, 5774, 3344, 5649, 6674, 8211, 4882, 5907, 4249, 5882, 2841, 6172, 6812, 5277, 5792, 1315, 5668, 5797, 7459, 3880, 2345, 7214, 3758, 4144, 6833, 7982, 1075, 815, 4149, 3128, 4665, 316, 1213, 3135, 193, 2120, 5448, 6346, 5707, 7372, 2381, 7502, 5969, 594, 8018, 6871, 2775, 7897, 3294, 224, 7905, 3810, 2660, 5732, 5865, 108, 8300, 5232, 3184, 5363, 5239, 4346, 638, 2680]"
0.01,0.03,0.42188270624649427,"[1025, 3078, 6281, 2571, 3725, 5774, 5649, 6674, 8211, 2965, 4249, 6172, 6812, 5277, 5792, 5668, 7214, 4144, 1075, 4149, 3128, 4665, 3135, 155, 157, 665, 8604, 553, 42, 171, 172, 7711, 3374, 1199, 1326, 1184, 1068, 7073, 1697, 1324, 1231, 2466, 1443, 165, 49, 51, 1404, 59, 5865, 5363, 4346, 5882, 768, 3344, 4882, 5907, 2841, 1315, 7459, 3880, 2345, 7982, 815, 4474, 316, 5448, 2381, 7502, 1976, 8018, 1874, 6996, 6998, 7511, 7517, 4958, 4449, 356, 2917, 8567, 888, 8058, 8595, 2451, 3991, 928, 5538, 1450, 7083, 7082, 6574, 949, 452, 6598, 2506, 3030, 3544, 4571, 3062, 2039]"
0.19,0.02,0.3653701270797961,"[392, 5776, 108, 8300, 8492, 3184, 5239, 638, 6281, 3725, 5774, 4249, 6812, 5277, 5792, 5797, 3758, 6833, 1213, 193, 6346, 7372, 6871, 2775, 7897, 3294, 224, 7905, 3810, 5865, 5363, 4346, 5882, 768, 3344, 4882, 5907, 2841, 1315, 7459, 3880, 2345, 7982, 815, 316, 5448, 2381, 7502, 5969, 8018, 1874, 6996, 6998, 7511, 7517, 4958, 4449, 356, 2917, 8567, 888, 8058, 4474, 8595, 2451, 2965, 3991, 928, 5538, 1450, 7083, 7082, 6574, 949, 452, 6598, 2506, 3030, 3544, 4571, 3062, 2039]"
0.45,0.03,0.39676899452276015,"[1, 2, 4098, 1026, 2054, 8, 14, 527, 2065, 5143, 24, 1908, 30, 32, 4642, 35, 1060, 4489, 4495, 1873, 904, 209, 172, 173, 1763, 1553, 1582, 86, 4496, 8456, 1324, 231, 1697, 4485, 144, 62, 3507, 208, 49, 808, 1128, 127, 165, 277, 38, 4474, 1013, 1369, 290, 3490, 8459, 8468, 26, 370, 1443, 4493]"
0.34,0.02,0.3710082753791445,"[8449, 4354, 8451, 260, 1285, 4359, 8456, 5370, 8458, 4236, 1037, 5388, 7311, 271, 8460, 1299, 1684, 276, 2327, 6428, 3232, 4901, 678, 294, 8360, 806, 3368, 808, 1836, 7469, 1326, 1841, 1842, 5812, 1332, 1847, 2359, 4411, 1212, 4926, 318, 192, 4801, 3778, 5827, 833, 3400, 2762, 6988, 7502, 2255, 1873, 5971, 851, 2139, 2654, 4192, 1248, 5860, 231, 6251, 8434, 5240, 1785, 3194, 3323, 6910]"
0.03,0.03,0.4306437165272192,"[1, 2, 1026, 8, 2568, 1546, 16, 529, 1556, 24, 2597, 2605, 6190, 54, 2104, 58, 4163, 1092, 67, 1094, 70, 1098, 75, 76, 588, 590, 2126, 77, 80, 87, 1128, 624, 627, 141, 1694, 220, 247, 8460, 271, 2327, 6428, 4901, 1836, 7469, 1841, 1842, 1847, 2359, 4926, 833, 3400, 6988, 7502, 5971, 4436, 7006, 4468, 3959, 893, 392, 4488, 1418, 5512, 1420, 4493, 6028, 8590, 1419, 4497, 6027, 920, 7069, 8093, 8097, 1443, 6052, 2472, 428, 4015, 2994, 1970, 7091, 951, 2489, 446, 1480, 8136, 3021, 8144, 7124, 7638, 4065, 1928, 1009, 8177, 7671, 3582, 2365]"
0.48,0.02,0.37085295312165034,"[4354, 260, 1285, 4359, 1928, 8073, 1418, 5388, 6025, 4098, 6027, 271, 5013, 1419, 5512, 8590, 4497, 2327, 920, 6428, 8093, 4493, 7584, 1026, 2054, 8097, 1443, 4901, 8, 2472, 14, 1836, 7469, 4015, 1841, 1842, 2708, 1970, 7091, 1847, 2359, 951, 2489, 4411, 4926, 446, 833, 3400, 1480, 8136, 6988, 3021, 553]"
0.61,0.02,0.42881577103975466,"[2054, 8023, 3135, 906, 15, 527, 5781, 5755, 31, 32, 38, 7482, 442, 7890, 8537, 247, 1128, 4846, 624, 627, 3703, 6907, 124, 5484, 6692, 1700, 1443, 165, 1324, 162, 3881, 3374, 7851, 946, 173, 54, 1068, 1199, 1970, 230]"
0.82,0.0,0.23394392982811796,"[5893, 7069, 6305, 6562, 1958, 446, 3394, 1480, 8136, 3021, 8144, 4832, 4065, 1521, 1009, 8177, 7668, 7671, 1016]"
0.97,0.0,0.09482322780786523,"[1037, 7755, 8026, 7117]"
0.66,0.02,0.3429323237352281,"[2054, 8455, 8, 1420, 8462, 6802, 1299, 276, 22, 2584, 1305, 25, 26, 1694, 162, 2600, 553, 173, 3490, 8023, 4193, 3301, 1254, 1638, 5351, 1184, 8301, 2415, 1521, 2026, 1265, 4469, 1907, 1013, 442]"
0.2,0.02,0.38232534139520546,"[2993, 13, 1555, 1068, 7729, 3127, 571, 1606, 7759, 4176, 2139, 2654, 4192, 6251, 5240, 3194, 4236, 7311, 1684, 3232, 8360, 5812, 1212, 192, 4801, 3778, 6517, 2762, 3405, 4317, 1248, 5860, 5898, 1785, 5370, 3323, 6910, 4354, 1045, 1285, 4359, 8422, 271, 2327, 6428, 4901, 2081, 7469, 1841, 1842, 1847, 5251, 4411, 4926, 833, 3402, 4749, 7502, 5971, 4020, 7006, 8133, 893, 1928, 5512, 1418, 1419, 6027, 4493, 8590, 6028, 4497, 920, 8093, 7069, 7584, 8097, 1443, 6052, 2472, 4015]"
0.42,0.03,0.41591458571398765,"[4448, 532, 6692, 6118, 7589, 138, 13, 141, 15, 16, 8463, 588, 25, 173, 2984, 3368, 808, 171, 172, 3374, 1199, 1326, 5938, 51, 1332, 54, 1847, 5944, 58, 318, 192, 67, 4163, 3013, 70, 1092, 1609, 1098, 75, 76, 77, 32, 1873, 851, 596, 3668, 87, 2650, 4573, 97, 4193, 5734, 4199, 1128, 624, 1907, 627, 3703, 5755]"
0.99,0.0,0.17967589994070665,"[132, 6974]"
0.9,0.0,0.29806488744258086,"[7073, 5735, 2696, 2505, 5262, 7890, 428, 433, 1332, 54, 5065]"
0.88,0.01,0.3446292751497425,"[1, 1026, 2054, 1546, 14, 527, 8583, 24, 13, 1563, 132, 42, 2026]"
0.18,0.02,0.4076020768150742,"[132, 260, 2054, 1285, 4359, 1928, 5512, 1418, 5388, 4495, 6027, 271, 1419, 6028, 4493, 2327, 6428, 1694, 4901, 30, 1836, 7469, 1841, 1842, 412, 6557, 6558, 31, 416, 42, 2092, 428, 429, 305, 946, 7347, 2099, 2741, 3507, 311, 824, 58, 446, 5831, 713, 201, 4354, 192, 1847, 2359, 4411, 4926, 833, 3400, 6988, 7502, 5971, 4436, 7006, 893, 920, 8590, 4497, 5013, 8093, 7584, 8097, 1443, 7699, 2472, 4015, 2994, 1970, 7091, 951, 2489, 1480, 8136, 3021, 8144, 7124, 7638, 6272]"
0.73,0.0,0.2710505360532909,"[5505, 769, 8200, 8586, 4411, 4926, 1993, 8265, 2640, 4945, 1746, 3923, 5981, 4446, 4448, 5729, 5728, 5858, 4960, 101, 6118, 4065, 2537, 3562, 3947, 1270, 8441, 6806]"
0.71,0.01,0.2955918536033747,"[254, 7311, 6802, 6692, 7589, 1339, 966, 1993, 8265, 2640, 4945, 1746, 3923, 5981, 4446, 4448, 5728, 5858, 4960, 4065, 6118, 101, 2537, 3562, 3947, 1270, 8441, 7671, 3582, 7069]"
0.68,0.02,0.379186988043983,"[4486, 6562, 8, 35, 173, 1324, 3374, 1199, 5938, 564, 1847, 55, 318, 192, 3394, 67, 1092, 881, 713, 2250, 1231, 86, 2134, 6362, 54, 4832, 97, 25, 4707, 7524, 4471, 806, 442]"
0.81,0.01,0.3366487724163829,"[4486, 392, 8, 1546, 4488, 8460, 141, 16, 529, 1556, 24, 1694, 428, 173, 54, 75, 590, 851, 220, 252]"
0.3,0.03,0.41908441335679525,"[4481, 1026, 2, 4483, 132, 2054, 4488, 1546, 8458, 1420, 5262, 8462, 13, 8465, 16, 1299, 276, 277, 22, 2454, 920, 1305, 26, 25, 665, 1694, 1697, 3490, 162, 1443, 806, 553, 42, 171, 1324, 173, 1326, 3374, 172, 433, 946, 3507, 51, 1461, 54, 824, 59, 318, 64, 192, 452, 3013, 201, 713, 588, 590, 1873, 596, 8463, 736, 97, 2016, 4497, 231, 618, 1907, 4470, 4473, 4474, 1404, 4478]"
0.6,0.01,0.35453497415702995,"[4354, 260, 1285, 4359, 4236, 1037, 5388, 7311, 271, 1684, 2327, 6428, 2847, 3232, 8360, 3763, 5812, 1847, 7160, 1212, 192, 4801, 3778, 5827, 3194, 2762, 458, 2255, 2654, 4192, 1248, 2016, 5860, 6251, 8434, 5240, 1785, 5370, 3323, 6910, 921]"
0.17,0.02,0.4032861090526132,"[4354, 260, 1285, 4359, 1928, 8073, 1418, 412, 6025, 7009, 6027, 7502, 5013, 5388, 1419, 4098, 5512, 1026, 920, 4497, 8590, 2054, 7584, 271, 8, 8097, 1443, 14, 7183, 2472, 2065, 4493, 1555, 4015, 2327, 5143, 2994, 6428, 7091, 24, 30, 951, 2489, 32, 4642, 446, 35, 1060, 1480, 8136, 553, 3021, 4901, 8144, 6272, 2762, 7124, 7638, 2255, 1836, 7469, 1248, 1841, 1842, 5860, 8434, 1785, 1847, 2359, 5370, 3323, 4411, 4926, 6052, 6910, 833, 7674, 6988, 5971, 4436, 7006, 1908, 893, 6028]"
0.35,0.02,0.37880473333441156,"[1026, 2054, 1546, 12, 5262, 17, 5781, 5755, 31, 32, 38, 7482, 442, 7890, 8537, 247, 231, 1128, 4848, 624, 627, 3703, 6907, 126, 5484, 3880, 2345, 7982, 815, 4474, 316, 5448, 2381, 7502, 1976, 8018, 1874, 6996, 6998, 7511, 7517, 4958, 4449, 356, 2917, 8567, 888, 8058, 8595, 2451, 3991, 928, 5538, 1450, 7083, 7082, 6574, 949, 452, 6598, 2506, 3030, 3544, 4571, 3062, 2039]"
0.87,0.01,0.3578404459987732,"[7456, 5763, 1443, 5414, 806, 138, 6795, 588, 15, 529, 564, 920, 7453, 5279]"
0.33,0.03,0.4057091419411162,"[1025, 3078, 6281, 906, 2571, 3725, 5774, 5649, 1299, 20, 2965, 24, 30, 162, 35, 163, 165, 2214, 40, 553, 42, 1068, 173, 1326, 49, 1332, 54, 824, 58, 59, 5436, 62, 190, 67, 1092, 70, 2250, 75, 1098, 77, 590, 80, 1873, 851, 7894, 220, 4476, 889, 97, 231, 3565, 624, 881, 1009, 8177, 4468, 4977, 1904, 7671, 4472, 1785, 5370, 3323, 1907, 893, 8446, 1663, 6265]"
0.55,0.01,0.3393221470380423,"[1025, 3078, 2571, 7183, 5649, 6674, 8211, 1555, 2065, 5143, 24, 6172, 30, 32, 4642, 35, 1060, 553, 42, 1068, 7214, 4144, 1075, 4149, 3128, 4665, 3135, 2115, 1631, 6272, 6281, 3725, 5774, 4249, 4448, 4449, 356, 2916, 6118, 173, 4474, 3062, 8567, 888, 8058, 2965]"
0.56,0.01,0.31501150233541,"[4486, 392, 8, 1546, 4488, 141, 8463, 16, 2451, 2965, 3991, 25, 928, 5538, 6692, 7589, 1450, 7083, 7082, 173, 6574, 564, 949, 452, 6598, 2506, 1874, 6996, 3030, 7511, 3544, 4571, 7517, 4958, 8567, 4448, 4449, 8058, 356, 2917, 6118, 3062, 2039, 888, 4474]"
0.77,0.01,0.3471045743081135,"[1026, 2054, 12, 5262, 17, 5781, 5401, 32, 38, 442, 7482, 5700, 3300, 231, 1128, 5484, 4848, 624, 6771, 627, 247, 7545, 6907, 124]"
0.03,0.02,0.40907076328787495,"[14, 527, 2065, 5143, 24, 4636, 2654, 4192, 6251, 5240, 3194, 4236, 7311, 1684, 3232, 8360, 5812, 1212, 192, 4801, 3778, 5827, 202, 2762, 2255, 1248, 5860, 743, 8434, 1785, 5370, 3323, 6910, 4354, 260, 1285, 4359, 7946, 5388, 271, 2327, 6428, 4901, 1836, 7469, 1841, 1847, 2359, 1339, 4411, 4926, 833, 3400, 6988, 7502, 5971, 4436, 7006, 4977, 893, 1928, 5512, 1418, 1419, 6028, 6027, 8590, 4493, 4497, 920, 8093, 7069, 7584, 8097, 1443, 6052, 7589, 2472, 4015, 1970, 2994, 7091, 951, 2489, 446, 1480, 8136, 3021, 8144, 7124, 7638, 4065, 1521, 1009, 8177, 7671, 7677, 3582]"
0.95,0.0,0.11851062969273751,"[1037, 5735, 2696, 2505, 5262, 7890]"
0.72,0.0,0.2835717999188384,"[1792, 6657, 5640, 7311, 6802, 7069, 7589, 6821, 1339, 1993, 8265, 2640, 1746, 3923, 1626, 4448, 4960, 5858, 4065, 101, 6118, 3582, 2537, 3562, 3947, 1270, 7671, 8441, 254]"
0.29,0.03,0.40229394530350715,"[4354, 260, 1285, 4359, 4236, 1037, 5388, 7311, 271, 8463, 4497, 1684, 2327, 6428, 2847, 3232, 8360, 1324, 173, 1326, 3374, 172, 433, 946, 3507, 5812, 51, 1461, 1847, 54, 824, 59, 1212, 318, 192, 4801, 3778, 5827, 64, 452, 3194, 3013, 201, 2762, 713, 588, 590, 2255, 1873, 596, 2654, 4192, 1248, 736, 97, 5860, 2016, 231, 4473, 618, 6251, 4474, 8434, 1907, 4470, 5240, 1785, 5370, 3323, 1404, 4478, 2789]"
0.93,0.0,0.1795673120669169,"[2708, 8535, 1521, 1009, 8177, 7668, 7671, 1016]"
0.98,0.0,0.22706349350854527,"[1, 2050, 225]"
0.95,0.0,0.15160203527851235,"[260, 1037, 4570, 2139, 2654, 3420]"
0.77,0.01,0.3196990583372846,"[1907, 2774, 8561, 4489, 6023, 8458, 138, 2026, 8459, 97, 13, 141, 15, 5648, 17, 16, 144, 618, 8465, 276, 4418, 132, 4573, 4193]"
0.89,0.0,0.23452680709801588,"[3144, 3658, 7179, 1676, 1037, 5134, 3987, 3126, 4664, 3129, 5695, 299]"
0.22,0.02,0.38005289613225657,"[8200, 14, 527, 2065, 5143, 24, 4636, 2654, 4192, 5729, 6251, 5240, 3194, 4236, 7311, 1684, 3232, 8360, 5812, 1212, 192, 4801, 3778, 5827, 202, 2762, 2255, 1248, 5860, 8434, 1785, 5370, 3323, 6910, 769, 4354, 260, 1285, 4359, 7946, 5388, 271, 2327, 6428, 4901, 1836, 7469, 1841, 1842, 1847, 2359, 4411, 4926, 833, 3400, 6988, 7502, 5971, 4436, 7006, 4977, 893, 5505, 1928, 5512, 1418, 1419, 6028, 6027, 8590, 4497, 920, 8093, 7584, 8097, 6052, 1970, 4065, 310]"
0.37,0.03,0.4158610728197446,"[1, 1026, 1666, 2054, 1546, 14, 527, 20, 276, 25, 26, 7711, 35, 40, 553, 42, 1068, 429, 49, 2993, 51, 433, 946, 54, 3507, 824, 2105, 442, 59, 1461, 62, 3135, 318, 67, 3013, 70, 458, 590, 1873, 851, 596, 5462, 4700, 4476, 2016, 5088, 4472, 1128, 360, 7529, 2026, 1904, 370, 1907, 4468, 4469, 1013, 7415, 632, 889, 3708, 4477, 4478, 1663]"
0.49,0.02,0.4356988098489508,"[5763, 138, 6795, 15, 529, 920, 7453, 5279, 7456, 162, 1443, 5414, 806, 2984, 1274, 808, 171, 172, 3374, 1199, 1326, 5938, 51, 1332, 54, 1847, 5944, 58, 318, 192, 67, 4163, 3013, 70, 1873, 1609, 1098, 75, 76, 77, 588, 80, 1092, 851, 596, 3668, 87, 2650, 1904, 1907, 7147, 5614]"
0.16,0.02,0.39705211617349134,"[8200, 14, 527, 2065, 5143, 24, 4636, 2654, 4192, 5729, 6251, 5240, 3194, 4236, 7311, 1684, 3232, 8360, 5812, 1212, 192, 4801, 3778, 5827, 202, 2762, 2255, 1248, 5860, 8434, 1785, 5370, 3323, 6910, 769, 4354, 260, 1285, 4359, 7946, 5388, 271, 2327, 6428, 4901, 1836, 7469, 1841, 1842, 1847, 2359, 4411, 4926, 833, 3400, 6988, 7502, 5971, 4436, 7006, 4977, 893, 5505, 1928, 5512, 1418, 1419, 6028, 6027, 8590, 4497, 920, 8093, 7584, 8097, 6052, 2472, 4015, 1970, 2994, 7091, 951, 2489, 1480, 1101]"
0.21,0.02,0.37747217712403025,"[2654, 4192, 6251, 5240, 3194, 132, 4236, 7311, 1684, 3232, 8360, 5812, 1212, 192, 4801, 3778, 5827, 2762, 2255, 1248, 5860, 8434, 1785, 5370, 3323, 6910, 4354, 260, 1285, 4359, 5388, 271, 2327, 6428, 4901, 1836, 7469, 1841, 1842, 1847, 2359, 4411, 4926, 833, 3400, 6988, 7502, 5971, 4436, 7006, 893, 1928, 5512, 1418, 6027, 4493, 8590, 6028, 4497, 5013, 920, 8093, 7584, 8097, 1443, 6052, 2472, 4015, 2994, 1970, 7091, 951, 2489, 446, 1480, 8136, 3021, 4048, 8144, 1016]"
0.02,0.02,0.4152562133239668,"[54, 5735, 3194, 2696, 4236, 5262, 7311, 1684, 3232, 8360, 5812, 1212, 192, 4801, 3778, 5827, 202, 2762, 2255, 7890, 1248, 5860, 743, 8434, 1785, 5370, 3323, 6910, 4354, 260, 1285, 4359, 7946, 5388, 271, 2327, 6428, 4901, 1836, 7469, 1841, 1332, 1847, 2359, 1339, 4411, 4926, 833, 3400, 6988, 7502, 5971, 4436, 7006, 4977, 893, 1928, 5512, 1418, 1419, 6028, 4493, 8590, 6027, 4497, 920, 8093, 7069, 7584, 7073, 8097, 1443, 6052, 7589, 2472, 428, 4015, 433, 1970, 2994, 7091, 951, 2489, 446, 1480, 2505, 8136, 3021, 8144, 7124, 7638, 4065, 1521, 1009, 8177, 7671, 7677, 3582, 8585]"
0.46,0.03,0.40351113320748466,"[4481, 1026, 2, 4483, 132, 2054, 4488, 1546, 8458, 1420, 5262, 8462, 13, 8465, 16, 1299, 276, 277, 22, 2454, 920, 1305, 26, 665, 25, 1694, 1697, 3490, 162, 1443, 806, 553, 42, 851, 5464, 360, 7529, 4468, 4472, 889, 4476, 4477, 51, 1904, 54, 824, 59, 318, 370, 590, 1873, 596, 2016, 1907, 4478]"
0.04,0.02,0.40604575144569877,"[4098, 1026, 2054, 8, 14, 5240, 3194, 4236, 7311, 1684, 3232, 8360, 5812, 1212, 192, 4801, 3778, 5827, 202, 2762, 2255, 1248, 5860, 743, 8434, 5370, 3323, 6910, 4354, 260, 1285, 4359, 7946, 5388, 271, 2327, 6428, 4901, 1836, 7469, 1841, 1842, 1847, 2359, 4411, 1339, 4926, 833, 3400, 6988, 7502, 5971, 4436, 7006, 4977, 893, 1928, 8073, 1418, 6025, 6027, 1419, 8590, 4493, 5512, 4497, 6028, 5013, 920, 8093, 7069, 7584, 8097, 1443, 6052, 7589, 2472, 4015, 1970, 7091, 2994, 951, 2489, 446, 1480, 8136, 3021, 8144, 7124, 7638, 4065, 1521, 1009, 8177, 7671, 7677, 3582]"
0.75,0.0,0.2814718360995111,"[254, 7311, 6802, 6692, 7589, 1339, 966, 1993, 8265, 2640, 4945, 1746, 6752, 5981, 4446, 5728, 5858, 4448, 4960, 4065, 6118, 101, 2537, 3562, 3947, 1270]"
0.94,0.0,0.23244145667128924,"[4448, 532, 6692, 1885, 7589, 138, 13]"
0.83,0.0,0.26130066541402697,"[4192, 3232, 192, 8360, 6251, 4236, 1037, 3725, 7311, 8078, 1684, 5812, 5240, 3194, 2139, 1212, 2654, 1780]"
0.65,0.02,0.3588250012359899,"[4481, 1026, 2, 4483, 132, 2054, 4488, 1546, 8458, 1420, 13, 5262, 8462, 16, 8465, 1299, 276, 277, 22, 2454, 920, 1305, 25, 665, 1694, 1697, 3490, 162, 1443, 806, 553, 42, 171, 192, 7160, 6910]"
0.91,0.01,0.2526254662529972,"[1, 1026, 2, 13, 1326, 1907, 4468, 4476, 3135, 6681]"
0.19,0.03,0.43316356841462456,"[2, 13, 15, 527, 22, 25, 26, 42, 1068, 54, 64, 1098, 590, 596, 97, 2180, 6281, 650, 138, 141, 3725, 4749, 1694, 1697, 162, 173, 1199, 192, 201, 713, 8453, 8455, 8456, 8462, 1299, 276, 277, 1305, 806, 1324, 1326, 3374, 824, 318, 7502, 851, 5971, 7006, 4470, 893, 4481, 1414, 5512, 1928, 906, 7051, 1420, 4493, 8078, 8590, 1418, 1419, 6027, 6028, 4497, 920, 8093, 7069, 7584, 8097, 3490, 1443, 6052, 2472, 4015, 946, 4020, 442, 3013, 8133, 458, 8108]"
0.67,0.01,0.3113702972315443,"[4486, 392, 8, 1546, 4488, 141, 8463, 16, 2451, 2965, 3991, 25, 928, 5538, 6692, 6709, 1450, 7083, 7082, 6574, 173, 564, 949, 452, 6598, 2506, 1874, 6996, 3030, 7511, 3544, 4571, 7517, 4958]"
0.53,0.02,0.3856448452621911,"[8449, 4354, 8451, 260, 1285, 4359, 13, 141, 15, 8463, 6677, 25, 172, 173, 3374, 1199, 1326, 5938, 51, 564, 1332, 54, 1847, 5944, 58, 318, 192, 67, 4163, 3013, 70, 1092, 1609, 1098, 75, 588, 76, 77, 80, 1873, 851, 596, 3668, 87, 2650, 97, 1907, 8325]"
0.48,0.02,0.35541185131912145,"[14, 527, 2065, 5143, 24, 4636, 2654, 4192, 6251, 2708, 553, 4354, 260, 1285, 4359, 1928, 5512, 1418, 6027, 5388, 1419, 8590, 271, 4493, 4497, 2327, 920, 6428, 8093, 7584, 8097, 1443, 4901, 2472, 1836, 7469, 4015, 1841, 1970, 7091, 1847, 2359, 951, 2489, 4411, 4926, 446, 819, 3400, 1480, 8136, 6988, 3021]"
0.84,0.01,0.36678082417356916,"[15, 16, 527, 22, 25, 26, 553, 42, 1068, 51, 54, 59, 64, 7696, 590, 97, 2180]"
0.39,0.02,0.42281663314488105,"[1025, 3078, 2571, 7183, 5649, 6674, 8211, 1555, 2065, 5143, 24, 6172, 30, 32, 4642, 35, 1060, 553, 42, 1068, 7214, 4144, 1075, 4149, 3128, 4665, 3135, 2115, 1631, 1092, 1609, 1098, 75, 76, 1128, 124, 588, 77, 80, 3668, 87, 2650, 4193, 5734, 624, 627, 3703, 5755, 5763, 6795, 160, 5414, 5926, 132, 8090, 6450, 4922, 3902, 260, 323, 4931, 6473]"
0.63,0.01,0.329588249848229,"[1025, 3078, 6281, 2571, 3725, 5774, 8463, 5649, 6674, 8211, 4249, 665, 155, 6812, 6172, 5277, 8604, 5792, 157, 7073, 5668, 553, 42, 171, 1068, 172, 7214, 3374, 4144, 49, 1326, 1075, 4149, 3128, 5436, 7894, 3565, 3450]"
0.92,0.0,0.19158242534344183,"[2993, 5626, 1680, 2640, 6802, 3923, 5938, 1847, 4990]"
0.67,0.02,0.3518287775312924,"[2993, 5626, 173, 150, 1553, 1684, 86, 4496, 1, 8456, 1026, 1324, 231, 1697, 4485, 144, 62, 3507, 208, 49, 1334, 127, 165, 277, 38, 4474, 1013, 1369, 290, 3490, 8459, 8468, 26, 370]"
0.23,0.03,0.3987827372076983,"[14, 527, 2065, 5143, 24, 4636, 2654, 4192, 6251, 2708, 4354, 553, 260, 1285, 4359, 1928, 5512, 1418, 6027, 5388, 1419, 8590, 271, 4497, 4493, 2327, 920, 3804, 8093, 7584, 8097, 4901, 2472, 1836, 7469, 1443, 4015, 1841, 1970, 7091, 1847, 2359, 2489, 951, 4411, 4926, 446, 819, 3400, 1480, 8136, 6988, 3021, 214, 4495, 16, 172, 3374, 4492, 428, 4496, 54, 1094, 26, 171, 132, 1, 806, 220, 25, 856, 433, 8446, 75, 582, 614, 402, 8463]"
0.95,0.0,0.2081926812795536,"[1, 5735, 2696, 8317, 5262, 7890]"
0.73,0.02,0.3310228407648266,"[4481, 1026, 2, 4483, 132, 2054, 4488, 1546, 8458, 1420, 5262, 8462, 55, 8465, 16, 1299, 276, 277, 22, 2454, 920, 1305, 26, 665, 590, 1694, 851, 54]"
0.9,0.01,0.25027667137237364,"[1026, 2, 13, 1037, 1326, 1907, 4468, 6681, 4476, 3135, 2973]"
0.19,0.02,0.4149621682360427,"[527, 16, 15, 7699, 30, 31, 42, 2092, 2099, 58, 6272, 1694, 7347, 2741, 192, 5831, 713, 201, 4354, 1285, 4359, 5388, 271, 2327, 6428, 4901, 1836, 7469, 1841, 1842, 305, 311, 824, 1847, 2359, 4411, 4926, 833, 3400, 6988, 7502, 5971, 4436, 7006, 893, 1928, 5512, 1418, 6027, 1419, 6028, 4495, 8590, 4497, 5013, 920, 412, 6557, 6558, 8093, 416, 7584, 8097, 1443, 2472, 428, 429, 4015, 1970, 946, 3507, 2994, 7091, 951, 2489, 446, 1480, 8136, 3021, 8144, 7124, 7638]"
0.5,0.01,0.38454103133180306,"[254, 7311, 6802, 6692, 7589, 1339, 966, 1993, 8265, 2640, 4945, 1746, 6752, 5981, 4446, 5728, 5858, 4448, 4960, 4065, 6118, 101, 2537, 3562, 3947, 1270, 77, 80, 3668, 87, 2650, 4193, 5734, 624, 627, 3703, 5755, 5763, 6795, 138, 5414, 5926, 132, 8090, 6450, 4922, 3368, 260, 323, 4931, 6473]"
0.56,0.02,0.35842976995735565,"[132, 1285, 260, 2054, 4359, 1928, 5512, 1418, 5388, 6027, 1419, 4495, 271, 6028, 4493, 2327, 6428, 412, 1694, 30, 6557, 6558, 31, 416, 4901, 42, 1836, 7469, 2092, 428, 429, 1842, 305, 946, 7347, 2099, 2741, 3507, 311, 824, 58, 446, 5831, 713, 201]"
0.97,0.0,0.18559180321728463,"[227, 4486, 5735, 1233]"
0.08,0.02,0.37491140656695,"[1025, 2571, 5649, 6674, 8211, 6172, 5668, 7214, 4144, 1075, 4149, 3128, 4665, 3135, 2120, 5707, 594, 2660, 5732, 108, 8300, 5232, 3184, 5239, 638, 6281, 3725, 5774, 4249, 6812, 5277, 5792, 5797, 3758, 6833, 1213, 193, 6346, 7372, 6871, 2775, 7897, 3294, 224, 7905, 3810, 5865, 5363, 5882, 4346, 768, 3344, 4882, 5907, 2841, 1315, 7459, 3880, 2345, 7982, 815, 316, 5448, 2381, 7502, 5969, 8018, 1874, 6996, 6998, 7511, 7517, 4958, 4449, 356, 2917, 8567, 888, 8058, 4474, 8595, 2451, 2965, 3991, 928, 5538, 1450, 7083, 7082, 6574, 949, 452, 6598]"
0.47,0.02,0.3601989294704585,"[5505, 769, 8200, 8586, 8461, 2039, 6806, 150, 3227, 1697, 165, 171, 172, 173, 6574, 949, 4411, 4926, 192, 452, 6598, 1993, 8265, 2506, 2640, 4945, 1746, 3923, 208, 209, 3030, 3544, 4571, 220, 5981, 4446, 734, 4448, 5729, 5728, 5858, 4960, 101, 6118, 4065, 1254, 2537, 3562, 3947, 231, 1270, 3062, 8441, 4474]"
0.36,0.02,0.3727724121843058,"[6272, 4354, 4098, 260, 1285, 1026, 4359, 1928, 8073, 1418, 6025, 5388, 1419, 5512, 8590, 4497, 271, 14, 7183, 5013, 2065, 1555, 920, 2327, 5143, 24, 412, 6428, 30, 7584, 8097, 4642, 1443, 35, 32, 1060, 4901, 2472, 8, 553, 4015, 2994, 7091, 949, 951, 2489, 446, 452, 6598, 1480, 8136, 2762, 2506, 3021, 7502, 4493, 8144, 7124, 3030, 3544, 4571, 2054, 7009, 3062, 2039]"
0.53,0.02,0.3868980942018898,"[4354, 260, 1285, 4359, 5370, 4236, 1037, 5388, 7311, 8463, 6676, 25, 172, 173, 3374, 1199, 1326, 1847, 5938, 51, 564, 1332, 54, 5944, 192, 58, 318, 67, 4163, 3013, 70, 1092, 1609, 1098, 75, 588, 76, 77, 80, 1873, 851, 596, 3668, 87, 2650, 97, 1907, 8325]"
0.77,0.01,0.26047785204456186,"[7073, 5735, 227, 8058, 4474, 8595, 2451, 2965, 3991, 928, 6104, 1450, 7083, 7082, 6574, 949, 452, 6598, 2506, 3030, 3544, 4571, 3062, 2039]"
0.85,0.01,0.3150454959779426,"[1285, 4359, 392, 8, 1546, 4488, 588, 141, 13, 15, 8463, 173, 564, 6677, 25, 2751]"
0.63,0.01,0.3229322752663245,"[4354, 260, 1285, 4359, 4236, 1037, 5388, 7311, 271, 4375, 2327, 6428, 2847, 3232, 8360, 5812, 1847, 7160, 1212, 192, 4801, 3778, 5827, 3194, 2762, 2255, 2654, 4192, 1248, 5860, 6251, 8434, 5240, 1785, 5370, 3323, 6910, 903]"
0.51,0.02,0.37859598891082336,"[8449, 4354, 8451, 260, 4491, 8460, 141, 4493, 4495, 16, 8463, 914, 1299, 1556, 8468, 277, 150, 3475, 25, 26, 920, 1694, 6305, 3490, 163, 1443, 806, 4139, 171, 428, 433, 1332, 1461, 54, 951, 442, 582, 5065, 3529, 75, 4492, 458, 851, 856, 5216, 614, 1904, 632, 382, 4538]"
0.66,0.02,0.3657784926705241,"[768, 1025, 3078, 6281, 8458, 2571, 1420, 3725, 5774, 13, 3344, 5262, 8462, 16, 8465, 1299, 276, 277, 22, 2454, 920, 25, 665, 1694, 1697, 3490, 162, 1443, 806, 553, 42, 171, 192, 7160, 6910]"
0.98,0.0,0.24206629039288674,"[15, 16, 7920]"
0.55,0.02,0.37250064008232286,"[4354, 1285, 4359, 4236, 1037, 5388, 7311, 271, 8463, 4497, 1684, 2327, 6428, 2847, 3232, 8360, 1324, 173, 1326, 3374, 172, 433, 946, 3507, 5812, 51, 1461, 1847, 54, 824, 59, 1212, 318, 192, 4801, 3778, 5827, 64, 452, 3013, 201, 2762, 713, 588, 590, 3194]"
0.99,0.0,0.16521102585379865,"[392, 4480]"
0.45,0.03,0.4170654417849594,"[1025, 3078, 6281, 906, 2571, 3725, 5774, 5649, 1299, 20, 2965, 22, 2454, 24, 920, 1305, 26, 665, 25, 30, 1694, 1697, 162, 35, 163, 165, 2214, 3490, 40, 553, 42, 1443, 806, 51, 54, 824, 59, 318, 590, 1873, 851, 596, 5464, 2016, 360, 7529, 1904, 370, 1907, 4468, 4472, 889, 4476, 4477, 4478, 7253]"
0.99,0.0,0.08061493202921921,"[362, 4523]"
0.63,0.01,0.29057334889504605,"[1792, 6657, 2054, 5640, 4493, 7311, 6802, 2039, 7069, 7589, 6821, 1339, 1993, 8265, 2640, 8144, 1746, 3923, 254, 7124, 3030, 3544, 1626, 4571, 4448, 4960, 5858, 4065, 7009, 101, 6118, 2537, 3562, 3947, 7671, 3062, 8441, 3582]"
0.71,0.01,0.288557658984233,"[5640, 7311, 6802, 7069, 7073, 7589, 6821, 1339, 1993, 8265, 2640, 1746, 3923, 254, 1626, 4448, 4960, 5858, 4065, 101, 6118, 5735, 2537, 3562, 3947, 1270, 7671, 8441, 3582, 3497]"
0.98,0.0,0.216005583180367,"[392, 1326, 1546]"
0.48,0.01,0.39896152628997283,"[5505, 792, 8200, 8586, 4411, 4926, 1993, 8265, 2640, 4945, 1746, 3923, 5981, 4446, 4448, 5729, 5728, 5858, 4960, 101, 6118, 4065, 2537, 3562, 3947, 1270, 8441, 6806, 6557, 6558, 8093, 416, 7584, 8097, 1443, 2472, 428, 429, 4015, 1970, 946, 3507, 2994, 7091, 951, 2489, 446, 1480, 8136, 3021, 8144, 7124, 7638]"
0.68,0.02,0.3791711364971707,"[6662, 8026, 3135, 1461, 1873, 15, 6642, 1443, 13, 1332, 4491, 8078, 4492, 8449, 4499, 231, 920, 413, 1559, 2, 132, 4757, 2993, 172, 433, 946, 442, 808, 144, 1026, 1697, 1324, 2016]"
0.38,0.03,0.40463835978436724,"[4481, 4354, 2, 260, 1285, 132, 4359, 904, 4489, 4490, 1553, 4236, 1037, 5388, 7311, 271, 4494, 15, 17, 1684, 13, 4493, 2327, 4495, 24, 150, 3227, 6428, 2847, 3232, 1443, 36, 8360, 171, 172, 173, 1582, 51, 5812, 1461, 1332, 1847, 1212, 192, 4801, 3778, 2762, 1098, 458, 2255, 1873, 209, 86, 4496, 2654, 4192, 1248, 5860, 1254, 1128, 1907, 5370, 8447]"
0.25,0.03,0.4015192684962203,"[1025, 2571, 5649, 6674, 8211, 6172, 5668, 7214, 4144, 1075, 4149, 3128, 4665, 3135, 2120, 5707, 594, 2660, 5732, 108, 8300, 5232, 3184, 5239, 638, 6281, 3725, 5774, 4249, 6812, 5277, 5792, 5797, 3758, 6833, 1213, 1324, 8448, 51, 564, 1332, 54, 1461, 4489, 4490, 192, 13, 904, 1094, 1098, 75, 458, 590, 4493, 209, 1873, 86, 4495, 220, 4496, 734, 2004, 1254, 231, 1128, 4468, 247, 1404, 4478, 8447, 370, 2026, 165, 7529, 277, 3490]"
0.63,0.01,0.31573821538721347,"[4331, 5735, 2695, 4359, 4236, 1037, 5388, 7311, 271, 4375, 2327, 6428, 2847, 3232, 8360, 5812, 1847, 7160, 1212, 192, 4801, 3778, 5827, 3194, 2762, 2255, 2654, 4192, 1248, 5860, 6251, 8434, 5240, 1785, 5370, 3323, 6910, 903]"
0.37,0.03,0.42277261069079375,"[1, 141, 2054, 1546, 14, 527, 20, 24, 35, 40, 553, 42, 1068, 54, 67, 590, 2126, 600, 1128, 124, 162, 51, 824, 2105, 59, 62, 3135, 70, 1873, 596, 4700, 5088, 4469, 1013, 7415, 632, 3708, 1663, 276, 851, 5462, 360, 7529, 1904, 318, 370, 1907, 4468, 429, 4472, 889, 4476, 4477, 4478, 2993, 433, 946, 3507, 1461, 442, 3013, 458, 2016, 2026]"
0.83,0.01,0.298841861076408,"[4448, 260, 6692, 6118, 7589, 1993, 1249, 2640, 6802, 3923, 5938, 1847, 4990, 7529, 165, 1, 277, 3490]"
0.52,0.02,0.42190212576614494,"[138, 4491, 4492, 4493, 1299, 920, 3225, 162, 35, 163, 3490, 806, 1443, 40, 553, 42, 4139, 1068, 172, 1199, 171, 428, 433, 1332, 1461, 54, 951, 4538, 442, 67, 582, 5065, 3529, 75, 458, 590, 2126, 851, 600, 856, 5216, 97, 1121, 614, 1128, 1904, 632, 124, 382]"
0.74,0.02,0.4066721481248039,"[1, 2, 1026, 2054, 1546, 14, 527, 20, 24, 35, 40, 553, 42, 1068, 49, 54, 58, 59, 62, 67, 1092, 70, 1098, 77, 590, 80, 97]"
0.43,0.02,0.3652167144945374,"[6272, 8449, 4354, 8451, 260, 1285, 4359, 13, 141, 15, 8463, 8590, 4497, 7699, 6677, 5013, 920, 25, 8093, 7584, 8097, 1443, 2472, 173, 4015, 2994, 1970, 564, 7091, 1847, 824, 2359, 58, 4411, 951, 2489, 446, 4926, 192, 833, 5831, 3400, 713, 201, 1480, 588, 6988, 7502, 8136, 3021, 8144, 5971, 4436, 7124, 7638, 7006, 893, 2953]"
0.31,0.02,0.3773920753828499,"[4354, 260, 1285, 7840, 5370, 4901, 4236, 1037, 5388, 7311, 271, 1684, 2327, 6428, 1832, 8360, 7469, 1841, 1842, 2359, 5812, 1847, 4411, 4926, 1212, 833, 192, 4801, 3778, 5827, 2139, 2762, 2255, 6251, 2654, 4192, 1248, 5860, 8434, 5240, 1785, 3194, 3323, 6910, 1, 8456, 1026, 1324, 231, 1703, 4485, 144, 62, 3507, 208, 49, 808, 127, 165, 277, 38, 4474, 1013, 1369, 290, 3490, 8459, 8468, 26, 370]"
0.57,0.02,0.380369497375457,"[4448, 532, 6692, 6118, 7589, 138, 13, 141, 15, 16, 588, 8463, 25, 173, 564, 1199, 4665, 3135, 2466, 1443, 51, 59, 1184, 1324, 1098, 1231, 618, 1697, 1404, 165, 190, 4492, 1299, 277, 1305, 3887, 806, 6251, 8434, 5240, 1785, 3194, 3323, 6910]"
0.76,0.01,0.34501407840112597,"[3144, 3658, 7179, 1676, 1037, 5134, 3987, 3126, 31, 32, 22, 7482, 442, 7890, 8537, 247, 231, 1128, 4848, 624, 627, 3703, 6907, 124, 5484]"
0.39,0.01,0.3395916056221422,"[6272, 4354, 260, 1285, 4359, 1928, 5512, 1418, 7307, 5388, 1419, 6027, 7311, 271, 4493, 6802, 6028, 8590, 4497, 5013, 2327, 920, 6428, 8093, 7584, 8097, 1443, 6692, 7589, 4901, 6052, 2472, 1836, 7469, 4015, 1841, 5938, 1842, 2994, 1970, 7091, 1847, 2359, 951, 2489, 4411, 4926, 446, 192, 833, 3400, 1993, 1480, 8136, 6988, 3021, 7502, 2640, 8144, 4448, 4990, 8506]"
0.46,0.02,0.3848851719501949,"[6272, 4354, 4098, 260, 1285, 1026, 4359, 1928, 8073, 1418, 6025, 5388, 1419, 5512, 8590, 4497, 271, 14, 7183, 5013, 2065, 1555, 920, 2327, 5143, 24, 412, 6428, 30, 7584, 8097, 4642, 1443, 35, 32, 1060, 4901, 2472, 8, 553, 4015, 2994, 7091, 949, 951, 2489, 446, 452, 6598, 1475, 8136, 2762, 2506, 3021, 7502]"
0.97,0.0,0.2189900213559599,"[1, 6204, 1233, 4486]"
0.28,0.02,0.404847517836475,"[1, 2, 4098, 1026, 2054, 8, 13, 14, 527, 15, 2065, 17, 1553, 5143, 24, 26, 30, 8590, 4497, 2327, 920, 847, 6428, 8093, 7584, 8097, 6692, 7589, 4901, 6052, 2472, 1836, 7469, 4015, 1841, 5938, 1842, 2994, 1970, 7091, 1847, 2359, 951, 2489, 4411, 4926, 192, 446, 833, 3400, 1993, 1480, 8136, 6988, 3021, 7502, 2640, 8144, 3923, 5971, 4436, 7124, 7638, 7006, 4448, 6118, 1785, 3323, 893, 6910, 5810, 1443, 4493]"
0.91,0.0,0.20158060267719724,"[3947, 1680, 2993, 2640, 6802, 3923, 5938, 1270, 5626, 4990]"
0.95,0.0,0.11631476442194821,"[5729, 5735, 2696, 2505, 5258, 7890]"
0.87,0.01,0.32858652468090555,"[6272, 192, 42, 1694, 2092, 15, 16, 527, 7699, 2099, 2741, 58, 30, 31]"
0.59,0.02,0.3724066403628702,"[138, 4491, 4492, 4487, 1299, 920, 3225, 162, 35, 163, 3490, 806, 1443, 40, 86, 4496, 1, 8456, 172, 1026, 1324, 231, 1697, 4485, 144, 62, 3507, 208, 49, 808, 127, 165, 277, 38, 4474, 1013, 1369, 290, 8459, 8468, 26, 370]"
0.46,0.03,0.44755082198039775,"[1, 1026, 2054, 1546, 14, 527, 20, 24, 40, 42, 35, 1068, 553, 54, 67, 590, 1697, 880, 1128, 38, 904, 1098, 1872, 141, 172, 12, 627, 58, 1231, 64, 8451, 951, 36, 31, 1556, 569, 1324, 3374, 247, 1553, 949, 2489, 446, 452, 6598, 1475, 8136, 2762, 2506, 3021, 7502, 1443, 8, 920, 283]"
0.94,0.0,0.167827086149947,"[2993, 5626, 1680, 2640, 6803, 3923, 5938]"
0.64,0.01,0.2809860706662264,"[903, 5370, 7311, 271, 8595, 2451, 4375, 2327, 6428, 2847, 3232, 7073, 8360, 5812, 1847, 1212, 192, 4801, 3778, 5827, 2762, 2255, 8058, 2654, 4192, 1248, 227, 5860, 5735, 6251, 8434, 7160, 1785, 4474, 3323, 5240, 6910]"
0.53,0.02,0.4687638927484885,"[1, 4098, 1026, 2054, 8, 13, 14, 3490, 163, 1443, 35, 806, 40, 553, 42, 4139, 1068, 428, 171, 1199, 172, 433, 1332, 1461, 54, 951, 4538, 442, 67, 582, 5065, 3529, 458, 75, 2126, 590, 851, 600, 856, 5216, 97, 1121, 614, 1128, 1904, 632, 124, 382]"
0.18,0.03,0.4690559504118942,"[1, 1026, 2054, 1546, 14, 527, 20, 24, 35, 40, 553, 42, 1068, 54, 67, 590, 2126, 600, 1128, 124, 429, 2993, 433, 946, 3507, 386, 4482, 4483, 172, 173, 1254, 1231, 197, 713, 192, 1199, 4484, 1414, 4486, 4488, 162, 3923, 360, 7529, 1904, 881, 370, 1907, 4468, 4470, 4472, 889, 4477, 4478, 851, 3416, 5462, 4487, 906, 7051, 1324, 3374, 1847, 318, 5938, 1420, 4476, 4491, 8078, 4494, 5904, 4492, 4493, 1299, 276, 4499, 920, 413, 3490, 1443, 442, 2025, 1121]"
0.96,0.0,0.10948905925564678,"[7755, 7117, 1037, 1847, 4990]"
0.27,0.02,0.41224698174290786,"[1, 4098, 1026, 2054, 7943, 8, 6920, 13, 8590, 527, 15, 2065, 17, 1553, 4497, 4493, 5143, 24, 2327, 26, 920, 3481, 6428, 30, 8093, 7584, 8097, 2337, 1443, 6692, 4901, 6052, 295, 2472, 2474, 1836, 7469, 4015, 1841, 1842, 2994, 1970, 7091, 1843, 1847, 951, 2489, 5810, 4411, 4926, 446, 192, 1480, 1993, 8136, 6988, 3021, 7502, 2640, 8144, 3923, 5971, 4436, 7638, 6488, 3289, 7006, 4448, 6118, 1785, 3323, 893, 6910, 7751]"
0.83,0.01,0.29455903521665594,"[5505, 8015, 8200, 8586, 4411, 4926, 1993, 1847, 2640, 4990, 7529, 3923, 165, 1, 277, 3490, 4448, 6118]"
0.58,0.02,0.34012984141392844,"[4481, 4354, 2, 260, 1285, 132, 4359, 4490, 4236, 1037, 5388, 7311, 271, 4494, 15, 17, 1684, 13, 2327, 3227, 6428, 2847, 3232, 36, 8360, 5812, 1847, 1212, 192, 4801, 3778, 5827, 2762, 1098, 2255, 2654, 4192, 1248, 5860, 1254, 1907, 5370, 3651]"
0.03,0.03,0.4210305640638359,"[8200, 8, 14, 527, 2065, 5143, 24, 4636, 30, 32, 35, 1060, 553, 2605, 6190, 2610, 54, 2104, 58, 4163, 1092, 70, 1609, 1098, 75, 76, 588, 80, 5729, 4193, 5734, 3323, 6910, 769, 4354, 260, 1285, 4359, 7946, 5388, 271, 2327, 6428, 4901, 1836, 7469, 1841, 1842, 1847, 2359, 4411, 4926, 833, 3400, 6988, 7502, 5971, 4436, 7006, 4977, 893, 5505, 1928, 5512, 1418, 1419, 6027, 6028, 8590, 4493, 4497, 920, 8093, 7069, 7584, 8097, 1443, 6052, 2472, 2477, 4015, 2994, 7091, 951, 2489, 446, 1480, 8136, 3021, 8144, 7124, 7638, 4065, 1521, 1009, 8177, 7671, 3582]"
0.79,0.01,0.3111061203628427,"[5724, 3225, 8561, 4489, 6023, 8458, 2026, 8459, 13, 141, 15, 5648, 17, 16, 144, 618, 8465, 276, 25, 97, 138, 132]"
0.48,0.01,0.33871660731850894,"[132, 1285, 260, 2054, 4359, 1928, 5512, 1418, 5388, 6027, 1419, 4495, 271, 6028, 4493, 2327, 6428, 412, 4960, 5460, 6557, 6558, 6118, 4065, 2537, 416, 3562, 3947, 1270, 8441, 6806, 428, 429, 8093, 7584, 946, 8097, 1443, 2472, 3507, 4015, 1970, 2994, 7091, 951, 2489, 1480, 446, 8136, 3021, 8144, 7124, 7638]"
0.25,0.02,0.38889829741058046,"[1026, 4478, 2054, 1546, 12, 5262, 17, 8595, 2451, 5781, 2039, 3991, 277, 31, 32, 928, 5538, 3490, 165, 38, 3880, 2345, 1450, 7083, 7082, 7982, 815, 6574, 949, 1976, 442, 7482, 316, 6907, 452, 6598, 3703, 5448, 2506, 2381, 7502, 7890, 8018, 1874, 6996, 6998, 7511, 3030, 8537, 3544, 4571, 7517, 4958, 8567, 8058, 4449, 356, 2917, 231, 1128, 7529, 2026, 5484, 4848, 624, 370, 627, 3062, 247, 888, 4474, 5755, 1404, 126, 8447, 4292]"
0.3,0.03,0.4146579501469567,"[260, 8, 8456, 4489, 4490, 1420, 141, 8462, 7311, 16, 529, 6802, 402, 1556, 4494, 2454, 15, 17, 24, 150, 3227, 1694, 1697, 1443, 6692, 7589, 36, 807, 171, 428, 172, 1582, 1324, 5938, 51, 564, 1332, 54, 1847, 1461, 192, 13, 904, 1094, 1993, 1098, 75, 458, 590, 4493, 2640, 209, 1873, 3923, 86, 4495, 220, 4496, 734, 4448, 2016, 6118, 1254, 231, 1128, 4468, 247, 1404, 4478, 8447, 8609]"
0.73,0.01,0.2534090662089473,"[4493, 4926, 833, 3400, 6988, 7502, 5971, 4436, 7006, 7904, 893, 5505, 1928, 5512, 1418, 1419, 6028, 6027, 8590, 4497, 920, 8093, 7584, 8097, 6052, 1970, 4065, 310]"
0.56,0.02,0.4249582072196003,"[1, 1026, 2054, 1546, 14, 527, 20, 24, 35, 40, 553, 42, 1068, 54, 67, 590, 2126, 600, 1128, 124, 162, 172, 173, 1199, 192, 197, 1231, 713, 1254, 5904, 1299, 276, 1324, 3374, 5938, 311, 824, 58, 446, 5831, 201, 4493, 6303, 946, 3507]"
0.95,0.0,0.2339530257761544,"[1, 2050, 2696, 2505, 5262, 4665]"
0.88,0.01,0.27824298810499715,"[8449, 2, 4481, 132, 1, 1553, 1026, 392, 4488, 1546, 8458, 8460, 4298]"
0.97,0.0,0.15303893648127087,"[8448, 3947, 1270, 2533]"
0.31,0.03,0.41821213595945483,"[904, 13, 8462, 15, 527, 7311, 7699, 529, 6802, 402, 1556, 2454, 17, 24, 150, 3227, 1694, 30, 31, 1697, 8609, 1443, 6692, 7589, 36, 807, 42, 171, 2092, 172, 1582, 1324, 428, 5938, 2099, 51, 564, 1332, 1847, 54, 1461, 192, 1094, 1993, 1098, 75, 458, 590, 4493, 2640, 209, 1873, 4494, 3923, 86, 4495, 220, 4496, 734, 4448, 2016, 6118, 1254, 231, 1128, 4468, 247, 1404, 4478, 8447]"
0.51,0.03,0.4346155590450924,"[392, 1326, 1546, 40, 42, 35, 1068, 553, 54, 67, 590, 1697, 880, 1128, 38, 904, 1098, 1872, 141, 172, 12, 627, 58, 1231, 64, 8451, 951, 36, 31, 1556, 569, 1324, 3374, 247, 1553, 949, 2489, 446, 452, 6598, 1475, 8136, 2760, 2506, 3021, 7502, 1443, 8, 920, 283]"
0.58,0.01,0.35095980094211,"[5640, 7311, 6802, 7069, 7073, 7589, 132, 4359, 4490, 4236, 1037, 5388, 271, 4494, 15, 17, 1684, 3116, 2327, 3227, 6428, 2847, 3232, 36, 8360, 5812, 1847, 1212, 192, 4801, 3778, 5827, 2762, 1098, 2255, 2654, 4192, 1248, 5860, 1254, 1907, 5370, 3651]"
0.86,0.01,0.3241902734837957,"[192, 58, 903, 7311, 271, 15, 16, 527, 7699, 2099, 2741, 5370, 30, 31, 6404]"
0.6,0.02,0.345911981079574,"[4485, 8459, 7311, 144, 6802, 8468, 277, 26, 1697, 290, 6692, 7589, 165, 808, 1324, 49, 3507, 1339, 62, 966, 1993, 8265, 2640, 4945, 1746, 208, 1369, 5981, 4446, 6752, 5728, 5858, 4448, 4960, 4065, 231, 370, 1013, 4474, 254, 127]"
0.62,0.02,0.3588962261390952,"[4832, 6305, 3394, 6562, 5893, 1958, 6392, 24, 209, 172, 173, 150, 1553, 1684, 86, 4496, 1, 8456, 1026, 1324, 231, 1697, 4485, 144, 62, 3507, 208, 49, 808, 127, 165, 277, 4474, 38, 1013, 1369, 290, 3490, 8459]"
0.44,0.02,0.37847148894797045,"[1792, 550, 5640, 7311, 6802, 7069, 7589, 6821, 1339, 1993, 8265, 2640, 1746, 3923, 1626, 4448, 4960, 5858, 4065, 101, 6118, 3582, 2537, 3562, 3947, 1270, 7671, 8441, 254, 1094, 1098, 75, 458, 590, 4493, 209, 1873, 86, 4495, 220, 4496, 734, 2016, 1254, 231, 1128, 4468, 247, 1404, 4478, 8447, 370, 2026, 165, 7529, 277, 3490]"
0.69,0.01,0.3599364800230461,"[2953, 1680, 6803, 2993, 5938, 951, 2489, 58, 4411, 4926, 446, 192, 833, 5831, 3400, 713, 201, 1480, 588, 6988, 7502, 8136, 2640, 3021, 8144, 3923, 4436, 7124, 7638, 7006, 5626, 893]"
0.65,0.02,0.4302509707458697,"[2993, 553, 42, 4139, 1068, 428, 171, 1199, 172, 433, 1332, 1461, 54, 951, 4538, 442, 67, 582, 5065, 3529, 458, 75, 2126, 590, 851, 600, 856, 5216, 1924, 1121, 614, 1128, 1904, 632, 124, 382]"
0.42,0.02,0.39044515157215565,"[1285, 4359, 2696, 2953, 5258, 13, 141, 15, 8463, 8590, 4497, 7699, 6677, 5013, 920, 25, 8093, 7584, 8097, 1443, 2472, 173, 4015, 2994, 1970, 564, 7091, 1847, 824, 2359, 58, 4411, 951, 2489, 446, 4926, 192, 833, 5831, 3400, 2505, 713, 201, 1480, 588, 6988, 7502, 8136, 3021, 8144, 5971, 4436, 7124, 7638, 7006, 5729, 5735, 893, 4677]"
0.19,0.02,0.4011397363790009,"[527, 16, 15, 1045, 22, 25, 26, 2081, 553, 1068, 7759, 4176, 2139, 2654, 4192, 6251, 5240, 3194, 5251, 4236, 4749, 7311, 1684, 3232, 8360, 5812, 1212, 192, 4801, 3778, 2762, 4317, 1248, 5860, 8422, 1785, 5370, 3323, 6910, 4354, 1285, 4359, 5898, 271, 2327, 6428, 4901, 7469, 1841, 1842, 1847, 4411, 4926, 833, 3402, 3405, 7502, 5971, 7006, 6517, 893, 1928, 5512, 1418, 1419, 6028, 4493, 8590, 6027, 4497, 920, 8093, 7069, 7584, 8097, 1443, 6052, 2472, 4015, 4020, 8133, 7344]"
0.95,0.0,0.2737781876650246,"[527, 16, 15, 7699, 12, 4665]"
0.72,0.01,0.29923612099891594,"[1792, 2195, 5640, 7311, 6802, 7069, 7589, 6821, 1339, 1658, 8265, 2640, 1746, 2543, 1626, 4448, 4960, 5858, 4065, 201, 6118, 3582, 2537, 3562, 3947, 1270, 7671, 4364, 254]"
0.47,0.01,0.32089163569880585,"[768, 1025, 3078, 6281, 2571, 3725, 5774, 3344, 5649, 6674, 8211, 4882, 5907, 2841, 4249, 6812, 6172, 5277, 5792, 1315, 5668, 5797, 7459, 3880, 2345, 7214, 3758, 4144, 6833, 7982, 1075, 815, 4149, 3128, 4665, 316, 1213, 3135, 193, 2120, 5448, 6346, 5707, 7372, 2381, 7502, 1480, 8136, 3021, 8144, 7124, 7638, 5882, 3456]"
0.63,0.01,0.26828765991803283,"[260, 132, 1285, 2054, 4359, 1928, 5512, 1418, 5388, 6027, 1419, 4495, 271, 6028, 4493, 2327, 6428, 412, 2762, 2255, 5460, 2654, 4960, 4192, 1248, 227, 5860, 5735, 6251, 4474, 8434, 7160, 1785, 8058, 3323, 5240, 6910, 8582]"
0.7,0.01,0.2941932375226939,"[4481, 4354, 2, 260, 1285, 7311, 6821, 3497, 1339, 1993, 8265, 2640, 1746, 3923, 1626, 4448, 4960, 5858, 4065, 101, 6118, 5735, 3582, 2537, 3562, 3947, 1270, 7671, 8441, 254, 6083]"
0.77,0.01,0.30493029461543164,"[3144, 3658, 7179, 1676, 1037, 5134, 3987, 3126, 4664, 3129, 5695, 276, 2477, 1455, 436, 5565, 2510, 5073, 7134, 2017, 2531, 996, 484, 6123]"
0.94,0.0,0.20403878544396337,"[6023, 4489, 2026, 8459, 8561, 3225, 5724]"
0.84,0.01,0.33790619495991325,"[2993, 13, 1555, 1068, 7729, 3127, 571, 1606, 42, 175, 54, 59, 64, 7696, 590, 97, 2180]"
0.99,0.0,0.06585020621832471,"[4354, 8560]"
0.22,0.03,0.4034902120091599,"[1, 14, 527, 16, 2065, 5143, 25, 26, 4636, 553, 54, 1094, 582, 75, 2654, 4192, 614, 4713, 6251, 132, 2708, 171, 172, 7343, 214, 3804, 220, 8446, 4354, 260, 1285, 4359, 5388, 271, 8463, 2327, 4901, 806, 8487, 1836, 7469, 3374, 819, 1847, 2359, 4411, 4926, 3400, 6988, 856, 1397, 1928, 5512, 6027, 1419, 4493, 8590, 4492, 4496, 4497, 920, 8093, 7584, 8097, 1443, 2983, 2472, 428, 4015, 433, 1970, 7091, 951, 2489, 446, 1480, 8136, 3021, 1384]"
0.54,0.02,0.4656252095654573,"[1026, 2, 4098, 2054, 8, 13, 14, 3490, 163, 1443, 35, 806, 40, 553, 42, 4139, 1068, 428, 171, 1199, 172, 433, 1332, 1461, 54, 951, 4538, 442, 67, 582, 5065, 458, 75, 2126, 590, 851, 600, 856, 5216, 97, 1121, 614, 1128, 1904, 632, 124, 382]"
0.38,0.01,0.4270584576717559,"[4354, 132, 260, 1285, 4359, 1928, 5512, 5370, 1418, 4236, 5388, 6027, 7311, 271, 1684, 2327, 920, 6428, 3232, 1443, 4901, 8360, 1836, 7469, 1841, 1842, 5812, 1847, 2359, 951, 2489, 4411, 1212, 4926, 446, 192, 4801, 3778, 5827, 833, 3400, 8136, 2762, 6988, 3021, 7502, 2255, 5971, 4436, 2654, 7006, 4192, 1248, 5860, 6251, 8434, 5240, 1785, 3194, 3323, 893, 6910, 2055]"
0.73,0.01,0.2779503715477888,"[5729, 5735, 2696, 2505, 5258, 7890, 2472, 4015, 1480, 2994, 7091, 951, 2489, 446, 8136, 3021, 1326, 8144, 7124, 7638, 4065, 1521, 1443, 1009, 8177, 7671, 3582, 7069]"
0.82,0.0,0.25455483661276324,"[4448, 4960, 5858, 4065, 7671, 101, 6118, 5735, 2537, 3562, 3947, 3497, 2993, 1270, 8535, 8441, 1626, 3582, 422]"
0.22,0.02,0.3828678065688689,"[1, 1026, 2, 13, 15, 16, 132, 138, 141, 8360, 5812, 1212, 192, 4801, 3778, 5827, 2762, 2255, 1248, 5860, 8434, 1785, 5370, 3323, 6910, 4354, 260, 1285, 4359, 8458, 5388, 271, 2327, 6428, 4901, 1836, 7469, 1841, 1842, 1847, 2359, 4411, 4926, 833, 3400, 6988, 7502, 5971, 4436, 7006, 893, 1928, 5512, 1418, 6027, 6028, 4493, 8590, 4497, 5013, 920, 8093, 7584, 8097, 1443, 6052, 2472, 4015, 2994, 1970, 7091, 951, 446, 1480, 8136, 3021, 4048, 8144, 1016]"
0.77,0.01,0.32328598817246956,"[6979, 8, 8456, 4489, 4490, 1420, 141, 8462, 7311, 16, 529, 6802, 402, 1556, 4494, 2454, 15, 17, 24, 150, 3227, 1694, 1697, 4495]"
0.89,0.0,0.19864631486803408,"[4734, 1680, 2993, 2640, 6802, 3923, 5938, 1270, 5626, 4990, 8425, 7087]"
0.63,0.01,0.3219032832701102,"[1907, 769, 5505, 8200, 7946, 138, 8, 14, 97, 527, 2065, 5143, 24, 4636, 2182, 32, 4642, 2255, 5460, 2654, 4960, 132, 4192, 4305, 227, 5860, 5735, 6251, 4474, 8434, 7160, 1785, 8058, 3323, 5240, 6910, 8582, 260]"
0.24,0.02,0.38312176264896847,"[70, 1609, 1098, 75, 76, 588, 80, 5729, 4193, 3323, 6910, 769, 4354, 260, 1285, 4359, 7946, 5388, 271, 2327, 6428, 4901, 1836, 7469, 1841, 1842, 1847, 2359, 4411, 4926, 833, 3400, 6988, 7502, 5971, 4436, 7006, 8560, 4977, 893, 5505, 1928, 5512, 1418, 1419, 6027, 6028, 8590, 4493, 4497, 920, 8093, 7069, 7584, 8097, 1443, 6052, 2472, 2477, 4015, 2994, 7091, 951, 2489, 446, 1480, 8136, 3021, 8144, 7124, 7638, 4065, 1521, 1009, 8177, 7671, 3582]"
0.75,0.02,0.4087473969533457,"[35, 40, 553, 42, 1068, 54, 67, 590, 2126, 600, 97, 1121, 1128, 124, 75, 564, 1094, 8, 138, 163, 173, 1199, 172, 1231, 1254, 2993]"
0.13,0.02,0.40259163036505596,"[2993, 13, 1555, 7729, 1068, 3127, 571, 1606, 7759, 4176, 2139, 2654, 4192, 6251, 5240, 3194, 4236, 7311, 1684, 3232, 8360, 5812, 1212, 4801, 3778, 192, 6517, 2762, 3405, 4317, 1248, 5860, 5898, 1785, 5370, 4023, 6910, 4354, 1045, 1285, 4359, 8422, 271, 2327, 6428, 4901, 2081, 7469, 1841, 1842, 1847, 5251, 4411, 4926, 833, 3402, 4749, 7502, 5971, 4020, 7006, 8133, 893, 1928, 5512, 1418, 1420, 8078, 4494, 4491, 4493, 4492, 920, 4499, 413, 3490, 429, 433, 946, 3507, 1461, 442, 1443, 3013, 458, 2016, 2026, 5088]"
0.93,0.01,0.32612691069271904,"[1, 1026, 2, 8, 14, 15, 1904, 24]"
0.61,0.02,0.3628327357040255,"[1, 1026, 5893, 4485, 8456, 8459, 4496, 1553, 144, 1684, 277, 150, 24, 1697, 6562, 290, 3490, 165, 1958, 38, 808, 172, 173, 1324, 2993, 49, 3507, 62, 3394, 208, 209, 86, 1369, 231, 4474, 1013, 6392, 5626, 127, 990]"
0.44,0.02,0.38691046782292804,"[1285, 550, 5640, 7311, 6802, 7069, 7589, 6821, 1339, 1993, 8265, 2640, 1746, 3923, 1626, 4448, 4960, 5858, 4065, 101, 6118, 3582, 2537, 3562, 3947, 1270, 501, 8441, 254, 1094, 1098, 75, 458, 590, 4493, 209, 1873, 86, 4495, 220, 4496, 734, 2016, 1254, 231, 1128, 4468, 247, 1404, 4478, 8447, 370, 2026, 165, 7529, 277, 3490]"
0.67,0.02,0.3850364579801334,"[1, 1026, 386, 4482, 4483, 2054, 1546, 14, 527, 20, 24, 35, 40, 553, 42, 1068, 429, 172, 173, 433, 2993, 946, 3507, 54, 192, 67, 197, 2126, 590, 1231, 600, 1254, 1128, 124]"
0.82,0.0,0.2404234644092108,"[1792, 3560, 5640, 7311, 6802, 7069, 7589, 6821, 1339, 1993, 8265, 2640, 1746, 3923, 1626, 4448, 4960, 5858, 4065]"
0.34,0.03,0.4235365603262433,"[8451, 904, 392, 1546, 8, 12, 141, 4493, 8590, 6028, 1553, 4497, 1556, 5013, 920, 283, 8093, 31, 7584, 1697, 8097, 35, 36, 1443, 38, 6052, 40, 553, 42, 2472, 1068, 172, 1326, 1324, 3374, 4015, 2994, 1970, 7091, 949, 54, 951, 569, 58, 2489, 446, 64, 67, 452, 1475, 6598, 2760, 8136, 1098, 2506, 1480, 3021, 590, 1231, 1872, 7502, 4048, 8144, 1128, 880, 627, 1016]"
0.04,0.03,0.42654389656805214,"[15, 16, 527, 1045, 22, 25, 26, 32, 2081, 35, 1060, 553, 1068, 2605, 6190, 2610, 54, 2104, 58, 4163, 1092, 70, 1609, 1098, 75, 76, 588, 80, 5729, 4193, 5734, 3323, 6910, 769, 4354, 260, 1285, 4359, 7946, 5388, 271, 2327, 6428, 4901, 1836, 7469, 1841, 1842, 2359, 1847, 4926, 833, 3400, 6988, 7502, 5971, 4436, 7006, 4977, 893, 5505, 1928, 5512, 1418, 1419, 6028, 6027, 4493, 8590, 4497, 920, 8093, 7069, 7584, 8097, 1443, 6052, 2472, 2477, 4015, 2994, 7091, 951, 2489, 446, 1480, 8136, 3021, 8144, 7124, 7638, 4065, 1521, 1009, 8177, 7671, 3582]"
0.46,0.01,0.34508728113733755,"[1037, 3126, 4664, 3129, 5695, 3144, 3658, 7179, 5134, 1676, 3987, 5013, 7445, 7957, 7190, 3485, 4254, 8348, 676, 5798, 4647, 4141, 5167, 8498, 8117, 3894, 4918, 8632, 5176, 4153, 5689, 6460, 63, 4160, 6977, 5698, 3522, 5887, 5010, 932, 7589, 6574, 3504, 6065, 7089, 4020, 1462, 441, 4033, 1989, 1480, 1993, 8165, 6118, 8179]"
0.96,0.0,0.18448010424866723,"[2993, 4486, 6204, 1233, 845]"
0.3,0.03,0.4199328520261293,"[4832, 6305, 3394, 6562, 5893, 1958, 6392, 24, 7311, 209, 16, 172, 150, 529, 6802, 86, 402, 1556, 4494, 4496, 2454, 15, 17, 8456, 1324, 3227, 1694, 1443, 231, 6692, 1697, 7589, 36, 807, 171, 428, 1582, 5938, 51, 564, 1332, 54, 1847, 1461, 192, 13, 904, 1094, 1993, 1098, 75, 458, 590, 4493, 2640, 1873, 3923, 4495, 220, 734, 4448, 2016, 6118, 1254, 1128, 4468, 247, 1404, 4478, 6878, 8609]"
0.43,0.03,0.4005018231185806,"[35, 40, 553, 42, 1068, 54, 67, 2126, 590, 600, 1121, 1128, 124, 75, 564, 97, 1094, 8, 1184, 163, 173, 1199, 172, 1231, 1254, 1404, 219, 8462, 6575, 1326, 8451, 2486, 1305, 8348, 1324, 294, 8449, 851, 5462, 360, 7529, 1904, 318, 881, 370, 1907, 4468, 1299, 7328, 889, 4476, 4477, 4478, 806, 3368, 824, 2, 15]"
0.11,0.03,0.4059538220775353,"[13, 15, 7699, 6677, 25, 58, 1098, 75, 76, 77, 588, 80, 3668, 87, 2650, 5729, 4193, 5734, 1128, 624, 627, 3703, 5755, 124, 6272, 5763, 132, 138, 6795, 141, 6828, 173, 6847, 1733, 8449, 4354, 8451, 260, 1285, 769, 4359, 8463, 5926, 5414, 7982, 2865, 6450, 4922, 3902, 323, 4931, 6473, 4945, 850, 5984, 3430, 3439, 7027, 5505, 7048, 2442, 8588, 8590, 4497, 2961, 6547, 5013, 406, 920, 8604, 8093, 7584, 8097, 2466, 1443, 2472, 2985, 1963, 2477, 1455, 436, 5565, 2510, 5073, 7134, 2017, 2531, 996, 484, 6123]"
0.7,0.01,0.3346332183758517,"[1285, 4359, 2696, 2953, 5258, 13, 141, 15, 8463, 8590, 4497, 7699, 6677, 5013, 920, 25, 8093, 7584, 8097, 1443, 2472, 3497, 173, 5735, 3562, 3947, 1270, 7671, 8441, 3582, 2967]"
0.53,0.01,0.37472030150699753,"[5640, 7311, 6802, 7069, 7073, 7589, 6821, 1339, 1993, 8265, 2640, 1746, 3923, 254, 1626, 4448, 4960, 5858, 4065, 101, 6118, 5735, 2537, 3562, 3947, 1270, 7671, 8441, 3582, 3497, 8595, 2451, 3991, 928, 5538, 1450, 7083, 7082, 6574, 949, 452, 6598, 222, 3030, 3544, 4571, 3062, 2039]"
0.47,0.02,0.3539919191095535,"[1026, 2054, 1546, 12, 5262, 17, 5781, 5755, 31, 32, 38, 7482, 442, 7890, 8537, 247, 231, 1128, 4848, 624, 627, 3703, 6907, 126, 5484, 3880, 2345, 7982, 815, 4474, 316, 1976, 8018, 1874, 7502, 5448, 2381, 2774, 6998, 7511, 7517, 4958, 4449, 6346, 5707, 7372, 1480, 8136, 3021, 8144, 7124, 7638, 5882, 3456]"
0.52,0.02,0.3790470021342178,"[1, 2, 8451, 1553, 8, 8460, 4493, 4492, 15, 16, 529, 527, 1299, 20, 1556, 277, 150, 3475, 25, 26, 8468, 920, 283, 31, 1443, 36, 172, 1324, 3374, 949, 54, 951, 569, 58, 2489, 12, 446, 64, 1475, 452, 141, 6598, 8136, 2760, 3021, 7502, 1231, 627, 247]"
0.36,0.03,0.4124246267200822,"[8451, 8, 8462, 1404, 920, 1184, 35, 163, 1443, 40, 553, 42, 1068, 173, 172, 1199, 6575, 1326, 946, 429, 564, 54, 2486, 67, 1094, 75, 3021, 590, 2126, 1231, 2640, 4945, 1746, 3923, 8144, 7124, 7638, 600, 219, 5981, 4446, 4448, 97, 1121, 5729, 5728, 5858, 1254, 4960, 1128, 101, 6118, 4065, 2537, 3562, 3947, 1009, 8177, 7413, 1270, 7671, 8441, 124, 3582, 454]"
0.14,0.03,0.47550902079500346,"[1, 1026, 2054, 1546, 14, 527, 20, 24, 35, 40, 553, 42, 1068, 54, 67, 590, 6428, 2847, 8561, 4489, 4497, 5088, 386, 172, 173, 192, 197, 1231, 1254, 713, 1199, 4482, 4483, 4484, 4486, 4487, 4488, 1414, 3923, 851, 5462, 360, 7529, 1904, 881, 370, 1907, 4468, 4470, 4472, 889, 4476, 4477, 4478, 3416, 906, 901, 3374, 1847, 318, 5938, 1324, 1299, 276, 7051, 4491, 4492, 8078, 4493, 4494, 1420, 4499, 920, 413, 3490, 1443, 429, 433, 946, 3507, 2993, 1461, 442, 3013, 458, 2016, 2026]"
0.45,0.01,0.36244963982276135,"[2054, 7179, 1676, 5134, 5010, 3987, 5013, 7445, 7957, 7190, 8348, 3485, 4254, 676, 932, 5798, 4647, 7589, 441, 4141, 6574, 5167, 3504, 6065, 8498, 7089, 4020, 8117, 3126, 3894, 4664, 3129, 4918, 8632, 5176, 4153, 5689, 5695, 6460, 63, 4160, 6977, 5698, 3522, 4033, 1989, 3144, 1480, 3658, 1993, 8165, 6118, 1462, 8179, 5887, 877]"
0.95,0.0,0.19760680264787456,"[3947, 1680, 2993, 1651, 6802, 3923]"
0.93,0.0,0.23392832855827583,"[1907, 3225, 2940, 4489, 6023, 138, 8458, 97]"
0.05,0.03,0.42220745126528647,"[5505, 8200, 8586, 6028, 8590, 4497, 6806, 792, 920, 6557, 6558, 8093, 416, 7584, 8097, 1443, 428, 6052, 2472, 429, 946, 4015, 7069, 3507, 1970, 2994, 7091, 951, 2489, 4411, 4926, 1993, 1480, 446, 76, 8136, 3021, 588, 2126, 77, 80, 8144, 7124, 7638, 590, 87, 2139, 2654, 4192, 1128, 6251, 624, 627, 4065, 5240, 3194, 4236, 1009, 8177, 7309, 7671, 1684, 3582, 3232, 8360, 5812, 1212, 192, 4801, 3778, 5827, 271, 2327, 6428, 4901, 1836, 7469, 1841, 1842, 1847, 2359, 833, 3400, 6988, 7502, 5971, 4436, 7006, 3959, 893, 1928, 5512, 1418, 1419, 6027, 4493]"
0.35,0.02,0.3625921727115421,"[4354, 132, 260, 1285, 4359, 1928, 5512, 6027, 5388, 4493, 1419, 271, 8463, 8590, 4492, 4496, 2708, 4497, 2327, 920, 8093, 7584, 8097, 1443, 4901, 806, 8487, 2983, 2472, 171, 172, 1836, 7469, 7343, 3374, 428, 4015, 819, 433, 1970, 7091, 1847, 2359, 951, 2489, 4411, 4926, 446, 3400, 1480, 8136, 6988, 3021, 214, 856, 220, 3804, 2654, 4192, 614, 1384, 4713, 6251, 1397, 8446, 7167]"
0.6,0.02,0.3901318866042107,"[769, 5505, 2054, 1546, 1804, 14, 527, 20, 24, 7704, 162, 35, 163, 2214, 40, 553, 42, 1068, 173, 1326, 49, 54, 58, 59, 4925, 62, 67, 1092, 70, 1098, 75, 2250, 77, 590, 80, 220, 97, 231, 624, 1907, 1663]"
0.88,0.01,0.2694635544305538,"[8449, 2, 1, 132, 4481, 392, 4488, 1546, 8458, 8460, 1553, 402, 3505]"
0.92,0.0,0.2907073387507697,"[1026, 2054, 1546, 12, 5262, 17, 5781, 5755, 7693]"
0.23,0.02,0.3959075922405515,"[8200, 14, 527, 2065, 5143, 24, 4636, 2654, 4192, 5729, 6251, 5240, 3194, 202, 769, 7946, 4977, 5505, 4236, 7311, 1684, 3232, 8360, 5812, 1212, 192, 4801, 3778, 5827, 1419, 1248, 1785, 3323, 6910, 8434, 5860, 2762, 2255, 6028, 8590, 4497, 8093, 7584, 8097, 6052, 4354, 260, 1285, 4359, 1928, 5512, 428, 6027, 5388, 5370, 271, 2327, 920, 6428, 4901, 1836, 7469, 893, 1841, 1842, 1847, 2359, 833, 6988, 5971, 7006, 4436, 7502, 3400, 951, 2489, 4411, 4926]"
0.33,0.03,0.4303586917086476,"[2, 1026, 132, 8, 904, 1546, 4491, 4492, 13, 141, 15, 16, 1553, 529, 17, 1556, 144, 150, 24, 920, 3227, 1694, 1697, 1443, 36, 171, 172, 173, 1582, 1324, 49, 51, 564, 392, 54, 4493, 62, 192, 64, 67, 452, 1475, 1094, 6598, 2760, 8136, 1098, 75, 2506, 1480, 590, 3021, 208, 209, 1231, 1872, 7502, 4048, 86, 8144, 220, 734, 1254, 1128, 880, 627, 1016, 4952]"
0.74,0.01,0.2771243461826235,"[2696, 2953, 5258, 1680, 7069, 1443, 1326, 4015, 2994, 7091, 951, 2489, 446, 1480, 2505, 8136, 3021, 8144, 7890, 7124, 7638, 4065, 1521, 1009, 8177, 7671, 3582]"
0.78,0.01,0.40602214353815613,"[1, 1026, 2054, 1546, 14, 527, 20, 24, 35, 40, 553, 1379, 1068, 54, 67, 590, 2126, 600, 1128, 124, 162, 172, 276]"
0.96,0.0,0.17576931145110763,"[5640, 4486, 6204, 1235, 845]"
0.22,0.02,0.3753895081378339,"[2993, 5626, 2, 13, 15, 16, 132, 7749, 138, 141, 8360, 5812, 1212, 192, 4801, 3778, 5827, 2762, 2255, 1248, 5860, 8434, 1785, 5370, 3323, 6910, 4354, 260, 1285, 4359, 8458, 5388, 271, 2327, 6428, 4901, 1836, 7469, 1841, 1842, 2359, 4411, 4926, 833, 3400, 6988, 7502, 5971, 4436, 7006, 893, 1928, 5512, 1418, 6027, 6028, 4493, 8590, 4497, 5013, 920, 8093, 7584, 8097, 1443, 6052, 2472, 4015, 2994, 1970, 7091, 951, 446, 1480, 8136, 3021, 4048, 8144, 1016]"
0.2,0.02,0.36931898730639867,"[1, 1026, 5893, 4485, 3127, 571, 1606, 7759, 4176, 1684, 2139, 2654, 4192, 6251, 5240, 3194, 4236, 7311, 3232, 8360, 5812, 1212, 192, 4801, 3778, 2993, 6517, 2762, 3405, 4317, 1248, 5860, 5898, 1785, 5370, 3323, 6910, 4354, 1045, 1285, 4359, 8422, 259, 2327, 6428, 4901, 2081, 7469, 1841, 1842, 1847, 5251, 4411, 4926, 833, 3402, 4749, 7502, 5971, 4020, 7006, 8133, 893, 1928, 5512, 1418, 1419, 6027, 4493, 8590, 6028, 4497, 920, 8093, 7069, 7584, 8097, 1443, 6052, 2472, 4015]"
0.57,0.02,0.3873382894798819,"[1907, 3225, 8561, 4489, 6023, 138, 8458, 97, 2026, 8438, 13, 141, 15, 5648, 17, 16, 144, 618, 8465, 276, 25, 132, 173, 1199, 192, 197, 1231, 713, 1254, 5904, 1299, 1324, 3374, 5938, 311, 824, 58, 446, 5831, 201, 4493, 6303, 946, 3507]"
0.61,0.02,0.3569105368949209,"[1, 2, 1026, 4485, 8456, 8459, 4496, 1553, 16, 144, 1684, 277, 150, 1697, 6562, 49, 290, 3490, 62, 1958, 38, 808, 172, 1324, 2993, 3507, 3394, 208, 209, 86, 1369, 4474, 1013, 6392, 5626, 127, 990, 231, 165, 173]"
0.73,0.01,0.2721254911856127,"[6272, 4354, 260, 1285, 4359, 1928, 5512, 1418, 7307, 5388, 1419, 6027, 7311, 271, 4493, 6802, 6028, 8590, 4497, 5013, 2327, 920, 6428, 8093, 7584, 8097, 1443, 5842]"
0.69,0.01,0.3301019262918905,"[2, 1026, 5378, 2054, 8458, 141, 527, 15, 4497, 8463, 7699, 6677, 5013, 2967, 920, 25, 8093, 7584, 8097, 1443, 37, 2472, 3497, 173, 5735, 3562, 3947, 1270, 7671, 8441, 3582, 862]"
0.12,0.04,0.44348936843557885,"[1, 1026, 2, 8, 13, 14, 15, 527, 17, 1553, 24, 30, 31, 32, 35, 38, 40, 553, 4139, 1068, 1582, 49, 51, 54, 55, 58, 62, 67, 1092, 582, 1098, 75, 588, 76, 2126, 86, 5216, 614, 1128, 632, 127, 144, 3227, 1697, 163, 165, 171, 172, 192, 208, 209, 231, 8447, 8456, 8459, 8460, 8463, 1299, 290, 806, 808, 1324, 1332, 1873, 851, 856, 1369, 1904, 370, 4474, 382, 4485, 904, 4489, 4490, 4495, 4496, 1443, 428, 433, 3507, 1461, 951, 442, 4538, 1987, 5065, 458, 1013]"
0.09,0.02,0.4471540012299162,"[553, 2605, 6190, 54, 2104, 58, 4163, 1092, 67, 70, 1609, 1098, 75, 76, 588, 77, 80, 3668, 87, 2650, 5729, 4193, 5734, 1128, 624, 627, 3703, 5755, 124, 6272, 5763, 132, 138, 7307, 6795, 7311, 6828, 6847, 1733, 769, 4354, 260, 1285, 4359, 5388, 271, 5926, 5414, 7982, 2865, 6450, 4922, 3902, 323, 4931, 6473, 4945, 850, 5984, 3430, 3439, 7027, 5505, 1928, 5512, 1418, 1419, 6027, 2442, 8588, 7048, 2961, 6547, 6035, 406, 8604, 2466, 2985, 1963, 2477, 1455, 436, 5565, 2510, 5073, 7134, 2017, 2531, 996, 484, 6123, 2448]"
0.24,0.02,0.39285457570887705,"[2568, 1037, 2597, 2605, 6190, 54, 2104, 58, 4163, 4359, 7946, 70, 5388, 1098, 75, 76, 588, 25, 8560, 80, 4977, 5505, 7584, 2477, 1521, 1928, 5512, 1418, 1419, 6027, 6028, 8590, 271, 4493, 4497, 2327, 920, 6428, 8093, 7069, 8097, 1443, 6052, 4901, 2472, 1836, 7469, 4015, 1841, 1842, 2994, 7091, 1847, 2359, 951, 2489, 6988, 5971, 4436, 7006, 7502, 893, 4926, 446, 833, 3400, 1480, 8136, 3021, 8144, 7124, 7638, 4065, 1009, 8177, 7671, 3582]"
0.27,0.02,0.36568222437550957,"[6272, 4354, 260, 1285, 4359, 1928, 5512, 1418, 7307, 4493, 6027, 7311, 271, 1419, 6802, 8590, 4497, 5013, 1785, 2327, 920, 6428, 8093, 7584, 8097, 1443, 6692, 7589, 4901, 6052, 2472, 1836, 7469, 428, 4015, 1841, 5938, 1842, 2994, 1970, 7091, 1847, 2359, 951, 2489, 4411, 8506, 4926, 446, 192, 833, 3400, 1993, 1480, 8136, 6988, 3021, 7502, 6910, 2640, 8144, 2762, 2255, 5971, 4436, 7006, 4448, 5860, 8434, 6028, 5370, 3323, 893, 4990]"
0.66,0.01,0.2987040409579299,"[768, 1025, 3078, 6281, 2571, 3725, 5774, 3344, 5649, 6674, 8211, 4882, 5907, 2841, 4249, 6812, 6172, 5277, 5792, 1315, 5668, 5797, 7459, 3880, 2345, 7214, 3758, 4144, 6833, 7982, 1248, 815, 4149, 3128, 4665]"
0.51,0.02,0.3773573369365236,"[2, 8451, 260, 8, 8460, 4493, 4492, 15, 16, 1553, 529, 527, 1299, 20, 1556, 277, 150, 3475, 25, 26, 8468, 920, 283, 31, 1443, 36, 172, 1324, 3374, 949, 54, 951, 569, 58, 2489, 12, 446, 64, 1475, 452, 141, 6598, 8136, 2760, 3021, 7502, 1231, 627, 247, 3235]"
0.79,0.01,0.24745294696908982,"[1, 6204, 1233, 4486, 7051, 1419, 8590, 4493, 4497, 6028, 6027, 188, 8093, 7069, 7584, 8097, 1443, 6052, 2472, 4015, 2993, 6351]"
0.66,0.02,0.4347365391643402,"[1, 1026, 2054, 1546, 14, 527, 5904, 1299, 20, 276, 24, 162, 35, 40, 553, 42, 1068, 172, 173, 1199, 1324, 3374, 54, 192, 67, 197, 713, 590, 2126, 1231, 600, 1254, 1128, 124, 4373]"
0.94,0.0,0.23414292834596384,"[8200, 6826, 527, 2065, 5143, 24, 4636]"
0.97,0.0,0.23905187135282024,"[1, 2, 8451, 1096]"
0.32,0.02,0.37301286760002306,"[13, 15, 7699, 6677, 25, 58, 1098, 75, 76, 77, 588, 80, 3668, 87, 2650, 5729, 4193, 5735, 1128, 624, 627, 3703, 5755, 124, 6272, 5763, 132, 138, 6795, 141, 6828, 173, 6847, 1733, 8449, 4354, 8451, 260, 1285, 769, 4359, 8463, 5926, 5414, 7982, 2865, 6450, 4922, 3902, 323, 4931, 6473, 4945, 850, 5984, 3430, 3439, 7027, 5505, 7048, 2442, 8588, 8590, 4497, 2961, 6547, 5013, 406, 920]"
0.8,0.01,0.3090974625189078,"[8449, 2, 1, 132, 4481, 1026, 392, 4488, 1546, 8458, 8460, 141, 1420, 8, 16, 1553, 402, 529, 8462, 1556, 1776]"
0.85,0.01,0.3122781373790793,"[1025, 4523, 2026, 8459, 13, 141, 15, 5648, 17, 16, 144, 618, 8467, 276, 25, 2250]"
0.08,0.03,0.42694049508545784,"[1, 1026, 138, 132, 529, 2, 527, 20, 26, 15, 16, 8463, 25, 30, 51, 54, 58, 1582, 5499, 67, 1092, 553, 42, 70, 3227, 1694, 1697, 171, 172, 36, 807, 193, 6346, 7372, 6871, 2775, 7897, 3294, 224, 7905, 3810, 5865, 5363, 5882, 4346, 768, 3344, 4882, 5907, 2841, 1315, 7459, 3880, 2345, 7982, 815, 316, 5448, 2381, 7502, 5969, 8018, 1874, 6996, 6998, 7511, 7517, 4958, 4449, 356, 2917, 8567, 888, 8058, 4474, 8595, 2451, 2965, 3991, 928, 5538, 1450, 7083, 7082, 6574, 402, 949, 1199, 4481, 392, 6598, 1443, 428]"
0.57,0.02,0.4194153225572763,"[3456, 8, 138, 1480, 35, 163, 40, 553, 42, 1068, 173, 172, 1199, 2993, 564, 54, 316, 1213, 3135, 193, 67, 1094, 2120, 5448, 6346, 75, 5707, 7372, 590, 2126, 1231, 2381, 7502, 3021, 8144, 7124, 7638, 600, 97, 1121, 8136, 1128, 5882, 124]"
0.98,0.0,0.1531143322492191,"[5640, 4486, 4458]"
0.55,0.02,0.36396292318137835,"[4354, 132, 1285, 260, 4359, 1928, 5512, 6027, 5388, 4493, 1419, 271, 8463, 8590, 4492, 4496, 2708, 4497, 5904, 2327, 920, 1299, 276, 6303, 162, 172, 173, 1324, 1199, 3374, 5938, 946, 3507, 311, 824, 58, 446, 192, 197, 5831, 713, 201, 1231, 1254, 124, 5001]"
0.97,0.0,0.17095211327163184,"[362, 4523, 1235, 1552]"
0.63,0.01,0.3329057985084275,"[2993, 13, 1555, 1068, 7729, 3127, 8, 14, 527, 2065, 5143, 205, 4636, 2182, 32, 97, 4642, 2255, 5460, 2654, 4960, 132, 4192, 4305, 227, 5860, 5735, 6251, 4474, 8434, 7160, 1785, 8058, 3323, 5240, 6910, 8582, 260]"
0.62,0.01,0.3745504172924664,"[1792, 6657, 5640, 7311, 6802, 7069, 6303, 7589, 6821, 5938, 946, 3507, 311, 824, 58, 1339, 446, 5831, 1993, 8265, 201, 2640, 1746, 3923, 254, 1626, 4448, 4960, 5858, 4065, 101, 6118, 2537, 3562, 3947, 1270, 7671, 8441, 3582]"
0.19,0.02,0.3724031300249202,"[2, 1026, 2054, 527, 15, 7699, 1045, 2081, 2139, 2654, 4192, 6251, 5240, 3194, 5251, 4236, 141, 4749, 7311, 1684, 3232, 8360, 5812, 1212, 192, 4801, 3778, 2762, 4317, 1248, 5860, 8422, 1785, 5370, 3323, 6910, 5378, 4354, 1285, 4359, 8458, 5898, 8463, 271, 2327, 6428, 4901, 7469, 1841, 1842, 1847, 4411, 4926, 833, 3402, 3405, 7502, 5971, 7006, 6517, 893, 5512, 1928, 1418, 1419, 6027, 4493, 8590, 6028, 4497, 920, 8093, 7069, 7584, 8097, 1443, 6052, 2472, 4015, 4020, 8133, 4328]"
0.69,0.01,0.3072148715475934,"[1792, 6657, 5640, 7311, 6802, 4990, 7069, 6821, 7589, 1339, 8265, 1993, 2640, 1746, 3923, 254, 1626, 4960, 4065, 5858, 4448, 101, 6118, 2537, 3562, 3947, 1270, 7671, 8441, 893, 3582, 3992]"
0.65,0.02,0.3304806329283635,"[1907, 3225, 2940, 4489, 6023, 138, 8458, 97, 4488, 16, 1546, 150, 8460, 141, 1420, 8, 529, 402, 8462, 1556, 4494, 2454, 15, 17, 24, 3227, 260, 1694, 8058, 8434, 4474, 7160, 1785, 3330, 5240, 3502]"
0.15,0.03,0.4218226934115098,"[527, 16, 15, 1045, 22, 25, 26, 32, 2081, 35, 1060, 553, 1068, 2605, 6190, 2610, 54, 2104, 58, 4163, 1092, 70, 1609, 1098, 75, 76, 588, 80, 5729, 4193, 5734, 6910, 769, 4354, 260, 1285, 4359, 7946, 5388, 271, 2327, 6428, 4901, 1836, 7469, 1841, 1842, 2359, 1847, 4926, 833, 3400, 6988, 7502, 5971, 4436, 7006, 4977, 893, 5505, 1928, 5512, 1418, 1419, 6028, 6027, 4493, 8590, 4497, 920, 8093, 7069, 7584, 8097, 1443, 6052, 2472, 2477, 4015, 2994, 7091, 951, 2489, 4065, 7671, 3582]"
0.48,0.01,0.31953604070900143,"[1792, 1025, 3456, 3078, 6281, 2571, 3725, 5774, 3344, 5649, 6674, 8211, 4882, 5907, 4249, 2841, 6172, 6812, 5277, 5792, 1315, 5668, 5797, 7459, 3880, 2345, 7214, 3758, 4144, 6833, 7982, 1075, 815, 3128, 4665, 316, 1213, 3135, 193, 2120, 5448, 6346, 5707, 7372, 2381, 7502, 1480, 8136, 3021, 8144, 7124, 7638, 5882]"
0.52,0.02,0.3577843700206639,"[768, 1025, 3078, 6281, 2571, 3725, 5774, 3344, 5649, 6674, 8211, 4882, 5907, 2841, 4249, 6812, 6172, 5277, 5792, 2143, 5668, 5797, 7459, 3880, 2345, 7214, 3758, 4144, 6833, 7982, 1248, 815, 4149, 3128, 4665, 8460, 8463, 1299, 276, 678, 294, 806, 3368, 808, 1326, 1332, 318, 1873, 851]"
0.4,0.02,0.3473082529505048,"[392, 1326, 1546, 80, 3668, 87, 2650, 5729, 4193, 5735, 1128, 624, 627, 3703, 5755, 124, 6272, 5763, 132, 138, 6795, 141, 6828, 173, 6847, 1733, 8449, 4354, 8451, 7494, 1285, 769, 4359, 8463, 5926, 5414, 7982, 2865, 6450, 4922, 3902, 323, 4931, 6473, 4945, 850, 5984, 3430, 3439, 7027, 5505, 7048, 2442, 8588, 8590, 4497, 2961, 6547, 5013, 406, 920]"
0.27,0.03,0.43009729597566204,"[1, 1026, 2054, 1546, 14, 527, 20, 24, 35, 40, 553, 42, 1068, 54, 67, 590, 2126, 600, 1128, 124, 162, 172, 173, 1199, 192, 197, 713, 1231, 1254, 5904, 1299, 276, 1324, 3374, 5938, 1847, 318, 3923, 851, 5462, 3416, 360, 7529, 1904, 881, 370, 1907, 4468, 4470, 4472, 889, 8136, 6988, 3021, 7502, 6910, 2640, 8144, 2762, 2255, 5971, 4436, 7006, 4448, 5860, 8434, 6028, 5370, 5880, 893, 4990, 920, 4493, 1443]"
0.59,0.01,0.3355314153857136,"[6272, 4354, 260, 1285, 4359, 1928, 5512, 1418, 7307, 5388, 1419, 6027, 271, 4493, 6802, 6028, 8590, 4497, 5013, 2327, 920, 6428, 8093, 7584, 8097, 1443, 7589, 1847, 192, 3778, 5827, 3651, 2762, 1098, 2255, 2654, 4192, 1248, 5860, 1254, 1907, 5370]"
0.83,0.01,0.2893432514301254,"[1285, 4359, 2696, 2953, 5258, 1055, 141, 15, 8463, 8590, 4497, 7699, 6677, 5013, 920, 25, 8093, 7584]"
0.7,0.01,0.34845740361261524,"[37, 2, 2696, 2953, 5258, 13, 141, 8590, 15, 4497, 7699, 1180, 8463, 5013, 920, 25, 1443, 8093, 7584, 8097, 2472, 3497, 173, 5735, 3562, 3947, 1270, 7671, 8441, 3582, 2967]"
0.74,0.01,0.2860910473546261,"[1792, 3560, 5640, 7311, 6802, 7069, 7589, 6821, 1339, 1993, 8265, 2640, 1746, 3923, 1626, 4448, 4960, 5858, 4065, 2016, 1254, 1128, 4468, 165, 1404, 4478, 8447]"
0.56,0.02,0.35489094765134443,"[4354, 260, 132, 1285, 4359, 1928, 5512, 5001, 6027, 5388, 4493, 1419, 271, 8463, 8590, 4492, 4496, 2708, 4497, 5904, 2327, 920, 1299, 5396, 6303, 162, 1324, 173, 3374, 1199, 2224, 5938, 946, 3507, 311, 824, 446, 192, 6214, 5831, 201, 1231, 5005, 1254, 2423]"
0.85,0.01,0.28522631924476316,"[685, 8026, 3135, 8468, 26, 370, 220, 734, 2016, 1254, 1128, 4468, 247, 1404, 4478, 8447]"
0.15,0.03,0.4600374602857482,"[1, 1026, 2, 8, 14, 15, 527, 24, 30, 31, 35, 40, 553, 1068, 54, 67, 2126, 590, 1121, 1128, 124, 162, 172, 173, 1199, 192, 197, 713, 1231, 1254, 5904, 1299, 276, 1324, 3374, 5938, 1847, 318, 3923, 851, 5462, 3416, 360, 7529, 1904, 881, 370, 1907, 4468, 4470, 4472, 889, 4476, 4477, 4478, 386, 4482, 4483, 4484, 1414, 4486, 4488, 4487, 906, 7051, 1420, 4491, 8078, 4494, 4492, 4493, 4499, 920, 413, 3490, 1443, 429, 2993, 433, 946, 3507, 1461, 442, 458, 2016, 2026]"
0.57,0.02,0.33919888446339486,"[1, 6204, 1233, 4486, 7051, 1419, 8590, 4493, 4497, 6028, 6027, 188, 8093, 7069, 7584, 8097, 1443, 6052, 193, 67, 2993, 1094, 2120, 5448, 6346, 17, 5707, 7372, 590, 2126, 1231, 2381, 7502, 3021, 8144, 7124, 7638, 600, 97, 1121, 8136, 1128, 5882, 124]"
0.84,0.01,0.30261737625931984,"[6272, 1, 1026, 5893, 4485, 3127, 571, 1606, 42, 175, 54, 59, 64, 7696, 3848, 97, 590]"
0.6,0.02,0.38349055638349006,"[1615, 2, 4481, 132, 14, 527, 20, 7704, 162, 1546, 35, 163, 2214, 40, 553, 42, 1068, 173, 1326, 49, 58, 59, 4925, 62, 24, 67, 1092, 70, 2250, 77, 80, 220, 97, 624, 1907, 1663, 231, 75, 1098, 590, 54]"
0.96,0.0,0.15871541224720387,"[5729, 5735, 6158, 1235, 845]"
0.89,0.0,0.25968507124737394,"[769, 5505, 132, 2182, 8200, 8, 7946, 1270, 5626, 4990, 4217, 7087]"
0.87,0.01,0.29460799923764414,"[4486, 392, 8, 1546, 4488, 8460, 141, 16, 529, 1556, 2095, 1694, 428, 173]"
0.94,0.01,0.28137733976723156,"[4493, 54, 75, 590, 851, 220, 407]"
0.72,0.01,0.29594803444991713,"[4448, 4960, 5858, 4065, 7671, 101, 6118, 5735, 2537, 3562, 3947, 3497, 2993, 1270, 1522, 8441, 1626, 422, 3582, 446, 1480, 8136, 3021, 8144, 7124, 7638, 1521, 1009, 8177]"
0.14,0.03,0.45285459997855904,"[32, 1026, 2054, 1546, 14, 527, 20, 24, 35, 40, 553, 42, 1068, 54, 67, 590, 2126, 600, 1128, 124, 162, 5904, 8136, 6988, 172, 173, 197, 1231, 1254, 713, 192, 1199, 3021, 7502, 6910, 2640, 8144, 2762, 3923, 851, 5462, 360, 7529, 1904, 881, 370, 1907, 4468, 4470, 4472, 889, 3416, 2255, 5971, 1324, 3374, 1847, 318, 5938, 4478, 906, 901, 7051, 4491, 4492, 8078, 4494, 276, 1299, 1420, 4499, 413, 3490, 429, 433, 946, 3507, 2993, 1461, 442, 3013, 458, 2016, 2026, 4493, 920, 1443]"
0.49,0.03,0.3819187535086531,"[8454, 2, 4481, 132, 1, 1553, 392, 1026, 4488, 1546, 8458, 8460, 141, 1420, 16, 8, 529, 402, 8462, 1556, 4494, 2454, 15, 17, 24, 3227, 150, 1694, 1443, 36, 807, 1697, 2479, 428, 1582, 51, 564, 172, 1332, 1324, 54, 1461, 8456, 4489, 4490, 192, 13, 904, 1094, 1098, 75, 458]"
0.76,0.01,0.40342459803439634,"[1, 1026, 1553, 24, 26, 35, 1060, 38, 553, 49, 62, 736, 590, 86, 97, 618, 4734, 6272, 1166, 144, 1684, 150, 6305, 1697, 165]"
0.55,0.02,0.4576133727411352,"[8200, 13, 14, 527, 2065, 5143, 24, 3490, 163, 1443, 806, 40, 553, 42, 4139, 1068, 428, 171, 1199, 172, 433, 1332, 1461, 54, 951, 4538, 442, 67, 582, 5065, 458, 75, 2126, 590, 851, 600, 856, 5216, 97, 1121, 614, 1128, 1904, 632, 124, 382]"
0.26,0.02,0.39078097054368943,"[8200, 14, 527, 2065, 5143, 24, 4636, 2654, 4192, 5729, 6251, 5240, 3194, 4236, 7311, 1684, 3232, 8360, 5812, 1212, 192, 4801, 3778, 5827, 202, 2762, 2255, 1248, 5860, 8434, 1785, 5370, 3323, 6910, 769, 4354, 260, 1285, 4359, 7946, 5388, 271, 2327, 6428, 4901, 1836, 7469, 1841, 1842, 1847, 2359, 4411, 4926, 833, 3400, 6988, 7502, 5971, 4436, 7006, 4977, 893, 5444, 1928, 5512, 1418, 1419, 6028, 6027, 8590, 4497, 920, 8093, 7584, 8097]"
0.23,0.02,0.3826569967311151,"[75, 76, 588, 80, 5729, 4193, 132, 4236, 5370, 3323, 6910, 769, 4354, 260, 1285, 4359, 7946, 5388, 271, 2327, 6428, 4901, 1836, 7469, 1841, 1842, 1847, 2359, 4411, 4926, 833, 3400, 6988, 7502, 5971, 4436, 7006, 8560, 4977, 893, 5505, 1928, 5512, 1418, 6027, 1419, 6028, 8590, 4493, 4497, 920, 8093, 7069, 7584, 8097, 1443, 6052, 2472, 2477, 4015, 2994, 7091, 951, 2489, 446, 8136, 1480, 3021, 8144, 7124, 7638, 4065, 1521, 1009, 8177, 7671, 3582, 2655]"
0.22,0.02,0.36701031686474184,"[392, 1326, 1546, 80, 3668, 87, 2650, 5729, 4193, 1212, 192, 4801, 3778, 5827, 2762, 2255, 1248, 5860, 132, 138, 8434, 141, 1785, 5370, 3323, 6910, 260, 8458, 5388, 271, 4354, 2327, 1285, 6428, 4359, 4901, 1836, 7469, 1841, 1842, 2359, 4411, 4926, 833, 3400, 6988, 7502, 5971, 4436, 7006, 893, 1927, 5512, 1418, 8590, 4497, 6027, 6028, 5013, 4493, 920, 8093, 7584, 8097, 1443, 6052, 2472, 4015, 2994, 1970, 7091, 951, 446, 1480, 8136, 3021, 4048, 8144, 1016]"
0.27,0.02,0.39250672423427657,"[2993, 5626, 2, 13, 15, 16, 132, 6482, 138, 141, 8360, 5812, 1212, 192, 4801, 3778, 5827, 2762, 2255, 1248, 5860, 8434, 1785, 5370, 3323, 6910, 4354, 260, 1285, 4359, 8458, 5388, 271, 2327, 6428, 4901, 1836, 7469, 1841, 1842, 2359, 4411, 4926, 833, 851, 5462, 3416, 360, 7529, 1904, 6988, 893, 5971, 4436, 7006, 7502, 881, 370, 1907, 4468, 4470, 4472, 889, 2640, 4448, 5880, 4990, 6028, 4493, 920, 1443, 8136, 3021, 8144]"
0.14,0.03,0.4599808195639308,"[2568, 1037, 2597, 2605, 6190, 54, 2104, 58, 4163, 4359, 7946, 70, 5388, 1098, 75, 590, 2126, 600, 1128, 124, 162, 172, 173, 1229, 192, 197, 713, 1231, 1254, 5904, 1299, 276, 1324, 3374, 4493, 5938, 920, 318, 3923, 851, 5462, 3416, 360, 7529, 1443, 1904, 881, 370, 1907, 4468, 4470, 4472, 889, 1847, 4476, 4477, 4478, 386, 4482, 4483, 4484, 1414, 4486, 4488, 4487, 906, 7051, 1420, 4491, 8078, 4494, 4492, 4499, 413, 3490, 429, 2993, 433, 946, 3507, 1461, 442, 3013, 458, 2016, 2026, 1121]"
0.05,0.02,0.4227682186985363,"[1792, 1025, 3456, 3078, 6281, 2571, 3725, 5774, 3344, 5649, 6674, 2721, 4882, 5907, 4249, 2841, 6172, 6812, 5277, 5792, 946, 4015, 7069, 3507, 1970, 2994, 7091, 951, 2489, 4411, 4926, 1993, 446, 76, 588, 2126, 77, 80, 590, 87, 2139, 2654, 4192, 1128, 6251, 7502, 624, 1480, 8136, 8144, 7124, 7638, 3021, 627, 4065, 5240, 3194, 4236, 1009, 8177, 7309, 7671, 1684, 3582, 3232, 8360, 5812, 1212, 192, 4801, 3778, 5827, 271, 2327, 6428, 4901, 1836, 7469, 1841, 1842, 1847, 2359, 833, 3400, 6988, 5971, 4436, 7006, 3959, 893, 1928, 5512, 1418, 1419, 6027, 4493]"
0.51,0.01,0.3679549428956933,"[2993, 13, 1555, 1068, 7729, 3127, 571, 1606, 7759, 4176, 2139, 2654, 4192, 6251, 5240, 3194, 4236, 7311, 1684, 3232, 8360, 5812, 1212, 192, 4801, 3778, 3056, 2762, 3405, 4317, 1248, 5860, 5898, 1785, 5370, 3323, 6910, 4354, 1045, 1285, 4359, 8422, 271, 2327, 6428, 4901, 2081, 7469, 1841, 1842]"
0.87,0.0,0.2465089461491129,"[8097, 6052, 2472, 1480, 362, 4523, 1101, 4015, 1970, 2994, 7091, 951, 2489, 4193]"
0.89,0.01,0.2541243475422277,"[8449, 2, 1, 978, 4481, 8, 7946, 1270, 5626, 4990, 4217, 7087]"
0.68,0.01,0.2800340157442598,"[768, 1025, 3078, 6281, 2571, 3725, 5774, 3344, 5649, 6674, 8211, 4882, 5907, 2841, 4249, 6812, 6172, 5277, 5792, 1315, 6489, 5797, 7459, 3880, 2345, 7214, 3758, 4144, 6833, 7982, 1075, 815, 4149]"
0.57,0.02,0.4682660924475561,"[1680, 163, 1443, 35, 806, 40, 553, 42, 4139, 172, 1068, 428, 171, 1199, 2993, 433, 1332, 1461, 54, 951, 4538, 442, 67, 582, 5065, 458, 75, 2126, 590, 3923, 851, 600, 856, 5216, 97, 1121, 614, 1128, 3947, 1904, 1651, 632, 124, 382]"
0.6,0.02,0.42979509327925025,"[1, 1026, 2054, 1546, 14, 527, 5904, 1299, 20, 276, 24, 172, 1199, 1324, 3374, 192, 162, 35, 40, 42, 1068, 553, 173, 54, 197, 713, 2126, 3221, 2250, 77, 590, 80, 220, 97, 624, 1907, 67, 1663, 231, 75, 1098]"
0.3,0.03,0.4197722859154437,"[1285, 4359, 2696, 2953, 5258, 13, 141, 15, 8463, 8590, 4497, 7699, 6677, 5013, 920, 25, 8093, 7584, 8097, 2472, 1443, 3497, 173, 5735, 1697, 4642, 36, 4006, 171, 428, 172, 1582, 1324, 51, 564, 1332, 54, 1461, 192, 904, 1094, 1098, 75, 458, 590, 2255, 4305, 198, 1873, 5460, 86, 220, 2654, 734, 4960, 97, 4192, 227, 5860, 2016, 1254, 231, 1128, 6251, 1907, 4468, 247, 1404, 4478, 8447, 2538]"
0.57,0.01,0.3633922189289497,"[2, 4354, 132, 260, 1285, 4359, 138, 5370, 8458, 13, 141, 15, 16, 5388, 271, 2327, 6428, 4901, 8360, 1836, 7469, 2993, 1841, 1842, 5812, 2359, 4411, 1212, 4926, 192, 4801, 3778, 5827, 7749, 2762, 2255, 1248, 5860, 8434, 1785, 5626, 3323, 6910, 4516]"
0.44,0.03,0.40913035227302874,"[8448, 5505, 8200, 4489, 8586, 6028, 13, 8590, 904, 4495, 4497, 4496, 4493, 277, 6806, 792, 3227, 1694, 1697, 3490, 1443, 36, 165, 807, 171, 172, 428, 1582, 1324, 51, 564, 1332, 54, 1461, 192, 1094, 1098, 75, 458, 209, 594, 1873, 86, 220, 734, 2016, 1254, 231, 1128, 7529, 2026, 370, 4468, 247, 1404, 4478, 8447]"
0.24,0.02,0.4256918364979291,"[1, 1026, 2054, 1546, 14, 527, 20, 24, 35, 40, 553, 42, 1068, 54, 67, 76, 588, 25, 8560, 80, 4977, 5505, 7584, 2477, 1521, 1928, 5512, 1772, 1419, 6027, 6028, 8590, 271, 4497, 2327, 1847, 6428, 8093, 7069, 8097, 6052, 4901, 2472, 1836, 7469, 4015, 1841, 1842, 2994, 7091, 2359, 951, 2489, 6988, 5971, 4436, 7006, 7502, 893, 4926, 446, 833, 3400, 1480, 8136, 3021, 8144, 7124, 7638, 4065, 1009, 920, 4493, 8177, 7671, 3582, 1443]"
0.4,0.03,0.3998779166673373,"[1, 1026, 8447, 5893, 4485, 8456, 8459, 144, 1553, 4496, 1684, 277, 150, 8468, 24, 26, 6305, 6562, 3490, 1697, 165, 1958, 38, 808, 290, 172, 173, 1324, 49, 3507, 1461, 951, 442, 4538, 62, 3394, 1987, 5065, 458, 208, 209, 214, 86, 1369, 220, 734, 4832, 2016, 1254, 231, 1128, 370, 7668, 4468, 1013, 247, 4474, 1404, 4478, 127, 7937]"
0.22,0.03,0.4334809184332251,"[1, 1026, 2054, 1546, 14, 527, 20, 24, 35, 40, 553, 42, 1068, 54, 67, 590, 2126, 600, 1128, 124, 162, 172, 173, 1199, 192, 197, 713, 1231, 1254, 5904, 588, 276, 1324, 3374, 5938, 1847, 318, 3923, 3400, 1928, 5512, 1418, 6027, 8590, 4497, 5013, 8093, 7584, 8097, 6052, 2472, 8136, 6988, 3021, 7502, 6910, 4015, 2994, 8144, 1970, 7091, 5971, 4436, 7006, 2255, 5860, 8434, 951, 5370, 446, 893, 2762, 1480, 4048, 1016, 6028, 4493, 920, 1443]"
0.67,0.02,0.38636362209317265,"[1, 2, 1026, 2054, 155, 14, 527, 20, 24, 35, 40, 553, 42, 1068, 49, 54, 58, 59, 62, 67, 1092, 70, 1098, 75, 77, 590, 80, 97, 2214, 624, 1663, 162, 163, 1326]"
0.37,0.02,0.4327684899116958,"[4354, 260, 1285, 4359, 2055, 1928, 5512, 1418, 5388, 6027, 7311, 271, 1684, 2327, 920, 6428, 3232, 1443, 4901, 8360, 1836, 7469, 1841, 1842, 5812, 1847, 2359, 951, 2489, 4411, 1212, 4926, 446, 192, 4801, 3778, 5827, 833, 70, 3400, 1609, 1098, 2762, 6988, 8136, 7502, 2255, 3021, 5971, 4436, 7006, 2654, 4192, 1248, 5860, 6251, 8434, 5240, 1785, 3194, 3323, 893, 6910, 2787]"
0.24,0.02,0.3781536582908065,"[6662, 1609, 1098, 75, 76, 588, 80, 5729, 4193, 3323, 6910, 769, 4354, 260, 1285, 4359, 7946, 5388, 271, 2327, 6428, 4901, 1836, 7469, 1841, 1842, 1847, 2359, 4411, 4926, 833, 3400, 6988, 4405, 5971, 4436, 7006, 8560, 4977, 893, 5505, 1928, 5512, 1418, 1419, 6027, 6028, 8590, 4493, 4497, 920, 8093, 7069, 7584, 8097, 1443, 6052, 2472, 2477, 4015, 2994, 7091, 951, 2489, 446, 1480, 8136, 3021, 8144, 7124, 7638, 4065, 1521, 1009, 8177, 7671, 3582]"
0.93,0.0,0.2547615121996424,"[769, 5505, 132, 2182, 8200, 8, 7946, 1037]"
0.31,0.02,0.37755985301901873,"[5505, 4354, 132, 1285, 260, 4359, 1928, 5512, 1418, 6027, 4236, 5388, 7048, 7311, 271, 2442, 8588, 8590, 1684, 4497, 2961, 2327, 920, 6547, 5013, 406, 6428, 3232, 1443, 4901, 8360, 1836, 7469, 7982, 1841, 1842, 2865, 5812, 6450, 1847, 2359, 951, 2489, 4411, 1212, 4922, 4926, 446, 192, 4801, 3778, 5827, 833, 3902, 323, 4931, 3400, 8136, 2762, 6473, 6988, 3021, 4945, 850, 5984, 3430, 3439, 7027, 5370, 3180]"
0.96,0.0,0.1820825482521785,"[1233, 362, 4523, 4486, 4791]"
0.79,0.0,0.26537847646137347,"[7659, 6657, 5640, 7311, 6802, 4990, 7069, 6821, 7589, 1339, 8265, 6027, 188, 8093, 7584, 8097, 1443, 6052, 2472, 4015, 2993, 6351]"
0.65,0.02,0.36640955025547106,"[8448, 2434, 260, 904, 4489, 4490, 13, 4494, 15, 4493, 17, 2454, 150, 24, 3227, 1694, 1697, 1443, 36, 807, 171, 172, 1582, 1324, 51, 564, 1332, 54, 1461, 192, 1094, 1098, 75, 458, 209, 594]"
0.86,0.01,0.3212711534663636,"[32, 35, 1060, 553, 1068, 2605, 6190, 15, 16, 527, 1045, 22, 25, 26, 8447]"
0.18,0.03,0.4519273964742768,"[1, 1026, 2054, 1546, 14, 527, 20, 24, 35, 40, 553, 42, 1068, 54, 67, 590, 2126, 2640, 600, 1128, 124, 3210, 162, 172, 173, 1199, 192, 197, 713, 2762, 2255, 1254, 5904, 1299, 276, 1324, 3374, 5938, 1847, 318, 3923, 851, 5971, 5462, 3416, 360, 7529, 1904, 881, 370, 1907, 4468, 4470, 4472, 889, 4476, 4477, 4478, 901, 906, 7051, 4491, 4492, 8078, 4494, 1420, 4493, 4499, 920, 413, 3490, 1443, 429, 433, 946, 2993, 1461, 442, 3013, 458, 8144, 2016, 2026]"
0.16,0.02,0.37510162703033534,"[6272, 4354, 260, 1285, 4359, 1928, 5512, 1418, 7307, 5391, 4493, 6027, 7311, 271, 1419, 2065, 5143, 8590, 4497, 24, 2327, 920, 6428, 8093, 7584, 8097, 6028, 4636, 2654, 4901, 4192, 2472, 1836, 7469, 4015, 1841, 6052, 1842, 2994, 1970, 7091, 1847, 2359, 951, 2489, 4411, 4926, 5729, 192, 833, 3400, 6251, 1480, 5240, 6988, 3194, 7502, 4236, 1684, 3232, 8360, 5812, 1212, 4801, 3778, 5827, 202, 2762, 2255, 1248, 5860, 8434, 1785, 5370, 3323, 6910, 769, 7946, 5971, 4436, 7006, 4977, 893, 5505, 1101]"
0.92,0.0,0.17457222018873242,"[7073, 7589, 6821, 5640, 7311, 6802, 1339, 7069, 4710]"
0.41,0.03,0.4007997959397711,"[8454, 2, 4481, 132, 1, 1553, 575, 392, 1094, 4488, 1546, 8458, 8460, 141, 1420, 8, 529, 402, 8462, 1556, 4494, 2454, 15, 16, 17, 1026, 3227, 24, 1694, 36, 807, 150, 1697, 171, 428, 1582, 54, 564, 1443, 1332, 172, 1324, 1461, 8456, 4489, 4490, 192, 13, 904, 1098, 75, 590, 1873, 4495, 458, 4493, 209, 86, 231, 4496]"
0.9,0.01,0.3029348022910616,"[1, 2, 8, 15, 16, 5938, 3923, 1270, 5626, 4990, 4936]"
0.22,0.02,0.3552173017939273,"[768, 1025, 3078, 6281, 2571, 3725, 5774, 3344, 5649, 6674, 8211, 4882, 5907, 2841, 4249, 6812, 6172, 5277, 5792, 2143, 5668, 5797, 7459, 3880, 2345, 7214, 3758, 4144, 6833, 7982, 1248, 815, 4149, 3128, 4665, 8460, 8463, 1299, 276, 678, 294, 806, 3368, 4497, 5013, 8093, 318, 7584, 8097, 6052, 2472, 8136, 6988, 3021, 7502, 6910, 4015, 2994, 8144, 4199, 7091, 5971, 4436, 7006, 2255, 5860, 8434, 951, 5370, 446, 893, 2762, 1480, 4048, 1016, 6028, 4493, 920, 1443]"
0.64,0.02,0.4270895558766793,"[132, 1546, 138, 14, 527, 16, 144, 20, 24, 25, 26, 30, 35, 40, 553, 42, 1068, 49, 54, 58, 59, 62, 67, 1092, 70, 1094, 582, 1098, 75, 77, 590, 80, 97, 614, 624, 1663, 1259]"
0.52,0.02,0.454770757827777,"[4354, 1285, 4359, 8200, 5898, 13, 14, 527, 271, 2065, 1045, 5143, 24, 2327, 6428, 2081, 3490, 163, 1443, 4901, 806, 40, 553, 42, 4139, 428, 1068, 171, 1199, 172, 433, 7469, 1841, 1332, 1461, 54, 951, 1842, 4538, 2762, 3405, 4317, 1248, 8422, 3056, 1785, 5370, 3323, 6910]"
0.44,0.01,0.3587183123779547,"[1928, 5512, 1418, 1419, 5010, 3987, 5013, 7445, 7957, 7190, 8348, 3485, 4254, 676, 932, 5798, 4647, 7589, 4141, 6574, 5167, 3504, 6065, 8498, 7089, 4020, 8117, 3126, 3894, 4664, 441, 3129, 4918, 8632, 5176, 4153, 5689, 5695, 6460, 63, 4160, 6977, 5698, 3522, 4033, 1989, 3144, 1480, 3658, 1993, 8165, 6118, 1462, 877, 8179, 5887, 7532]"
0.19,0.03,0.4259324540761771,"[1, 1026, 2054, 1546, 14, 527, 20, 24, 35, 40, 553, 42, 1068, 54, 67, 590, 1697, 880, 1128, 38, 904, 1098, 1872, 172, 141, 12, 627, 58, 1231, 64, 951, 8451, 36, 31, 1556, 569, 1324, 3374, 247, 1553, 276, 624, 8454, 382, 881, 294, 1907, 4468, 4470, 8456, 1296, 392, 8450, 4478, 1369, 5971, 7006, 6517, 893, 5512, 1928, 1418, 1419, 6027, 8590, 2, 6028, 4497, 8093, 7069, 7584, 8097, 6052, 2472, 4015, 4020, 8133, 4328, 1443, 4493, 8463, 920]"
0.64,0.01,0.27894259400821053,"[132, 260, 8582, 1928, 5512, 1418, 1419, 6027, 4749, 8590, 1680, 6028, 6802, 4497, 920, 7069, 8093, 4642, 2993, 2255, 4305, 5460, 2654, 8058, 4960, 4192, 227, 5860, 5735, 6251, 8434, 7160, 1785, 4474, 3323, 5240, 6910]"
0.29,0.02,0.37820376577845494,"[75, 76, 588, 80, 4193, 5729, 132, 4236, 5370, 3323, 6910, 769, 387, 260, 1285, 4359, 7946, 5388, 271, 2327, 6428, 4901, 1836, 7469, 1841, 1842, 1847, 2359, 4411, 4926, 833, 3400, 6988, 7502, 5971, 4436, 7006, 8560, 4977, 893, 5505, 1928, 5512, 1418, 6027, 1419, 6028, 8590, 4493, 4497, 920, 8093, 7069, 7584, 8097, 6052, 1443, 2472, 2477, 4015, 2994, 7091, 951, 2489, 446, 8136, 1480, 3021, 8144, 7124, 7638, 4065]"
0.88,0.01,0.35003016335083226,"[1, 2, 1026, 2054, 155, 14, 527, 20, 24, 35, 40, 553, 1274]"
0.55,0.02,0.43998493187017695,"[527, 16, 15, 1045, 22, 25, 26, 32, 2081, 35, 1060, 2605, 553, 1068, 6190, 2610, 54, 2104, 58, 4163, 1092, 70, 1609, 1098, 76, 588, 582, 75, 5065, 458, 2126, 590, 851, 600, 856, 5216, 87, 1121, 614, 1128, 1904, 632, 124, 382, 1443, 951]"
0.2,0.03,0.44055957592626016,"[1, 1026, 2054, 1546, 14, 527, 20, 24, 35, 40, 553, 42, 1068, 54, 67, 590, 2126, 600, 1128, 124, 5938, 1847, 318, 3923, 851, 5462, 3416, 360, 172, 173, 1254, 3210, 197, 713, 1199, 7529, 192, 1904, 881, 370, 162, 1907, 4468, 4470, 1324, 3374, 4472, 889, 7469, 1841, 1842, 5251, 4411, 4926, 833, 3402, 4749, 7502, 5971, 4020, 7006, 8133, 893, 1928, 5512, 1418, 1419, 6027, 4493, 8590, 6028, 4497, 920, 8093, 7069, 7584, 8097, 1443, 6121, 2472, 4015]"
0.99,0.0,0.1562314645145183,"[4493, 7430]"
0.29,0.03,0.4300619848376812,"[904, 2953, 1546, 5258, 13, 14, 527, 141, 15, 8590, 4497, 7699, 6677, 5013, 8463, 920, 25, 8093, 7584, 8097, 1697, 4642, 36, 1443, 4006, 2472, 3497, 171, 1324, 172, 1582, 173, 428, 51, 564, 1332, 54, 1461, 192, 1094, 198, 1098, 75, 458, 590, 2255, 4305, 1873, 5460, 86, 220, 2654, 734, 4960, 97, 4192, 227, 5860, 2016, 1254, 5735, 231, 1128, 2538, 6251, 1907, 4468, 247, 1404, 4478, 8447, 3845]"
0.6,0.02,0.37108752481915874,"[4354, 260, 132, 1285, 4359, 1928, 5512, 6027, 5388, 8460, 8463, 1299, 144, 1461, 1873, 15, 6642, 1443, 13, 1332, 4491, 8078, 4492, 8449, 4499, 24, 920, 413, 429, 2, 4757, 2993, 172, 433, 946, 442, 808, 1026, 1697, 1324, 2016]"
0.69,0.01,0.36796164200407244,"[75, 76, 588, 80, 4193, 5729, 132, 4236, 5370, 3323, 6910, 769, 387, 260, 1285, 4359, 4960, 5858, 4448, 101, 6118, 2537, 3562, 3947, 661, 7671, 8441, 3582, 3992, 4065, 893, 7069]"
0.61,0.02,0.4318447816745987,"[1, 1026, 2, 2054, 8, 1546, 14, 527, 16, 20, 24, 25, 26, 30, 35, 40, 553, 42, 1068, 1582, 54, 67, 1094, 582, 75, 590, 2126, 80, 600, 614, 1128, 124, 132, 3210, 162, 866, 172, 173, 1199, 192]"
0.63,0.01,0.3122513088432797,"[769, 4354, 132, 1285, 260, 1928, 5512, 1418, 1419, 4236, 6027, 6028, 8590, 4497, 920, 7069, 8093, 75, 76, 588, 80, 4960, 5729, 4193, 4192, 227, 5860, 5735, 6251, 4474, 8434, 7160, 1785, 5370, 3323, 5240, 6910, 7189]"
0.78,0.0,0.2912469134424104,"[6657, 392, 5640, 6027, 7311, 6802, 8093, 7069, 7584, 8097, 1443, 6052, 6821, 7589, 2472, 4015, 2993, 1339, 188, 8265, 6351, 4990, 705]"
0.77,0.01,0.3313495570293622,"[2054, 1546, 12, 4493, 5262, 17, 5781, 31, 32, 38, 442, 7482, 6907, 3703, 7890, 8537, 1128, 5484, 4848, 624, 627, 247, 5755, 124]"
0.27,0.03,0.40291339162927153,"[1, 1026, 1553, 24, 26, 35, 1060, 38, 553, 49, 62, 736, 590, 86, 97, 618, 4734, 6272, 1166, 144, 1684, 150, 6305, 1464, 3323, 6910, 4354, 260, 1285, 4359, 8458, 5388, 271, 2327, 6428, 4901, 1836, 7469, 1841, 1842, 2359, 4411, 4926, 833, 851, 5462, 3416, 360, 7529, 1904, 6988, 893, 5971, 4436, 7006, 7502, 881, 370, 1907, 4468, 4470, 4472, 889, 2640, 4448, 5880, 4990, 6028, 4493, 920, 1443, 8136, 3021, 8144]"
0.02,0.03,0.4157751465766746,"[8200, 8, 14, 527, 5143, 24, 4636, 30, 32, 4642, 5155, 35, 1060, 553, 2605, 6190, 54, 2104, 58, 4163, 1092, 67, 70, 1609, 1098, 75, 76, 588, 77, 80, 3668, 87, 2650, 4193, 5734, 1128, 1285, 4359, 5388, 5729, 271, 2327, 6428, 4901, 1836, 7469, 1841, 1842, 1847, 2359, 4411, 4926, 833, 6988, 7502, 769, 260, 5971, 4436, 7006, 3400, 4977, 893, 1418, 1928, 5512, 1419, 6027, 6028, 8590, 4497, 920, 8093, 7584, 5505, 8097, 6052, 2472, 4015, 1480, 1658, 7091, 951, 2489, 446, 8136, 3021, 4493, 8144, 7124, 7638, 4065, 1521, 1443, 1009, 8177, 7671, 3582, 7069]"
0.08,0.04,0.45406120705010433,"[1, 1026, 2, 2054, 1546, 13, 14, 527, 15, 17, 20, 24, 35, 40, 553, 42, 1068, 54, 67, 588, 590, 600, 1128, 124, 132, 144, 4757, 1697, 162, 172, 173, 1199, 192, 197, 713, 1231, 1254, 231, 8449, 5904, 276, 808, 1324, 3374, 5938, 1332, 1847, 318, 3400, 6988, 1873, 3923, 4472, 4473, 889, 4476, 4477, 386, 4482, 4483, 4484, 4486, 1928, 5512, 1418, 6027, 4491, 4492, 8590, 8078, 906, 4497, 4493, 4499, 5013, 920, 8093, 413, 7584, 8097, 4515, 6052, 1443, 2472, 429, 2993, 433, 946, 1461, 442, 8136, 2016, 6642]"
0.57,0.02,0.41359283375365263,"[904, 13, 8462, 15, 527, 7311, 7646, 529, 6802, 402, 1556, 2454, 17, 150, 24, 3227, 1694, 30, 31, 1697, 8609, 1443, 6692, 7589, 36, 807, 42, 171, 2092, 172, 1582, 1324, 428, 5938, 2099, 51, 564, 1332, 1847, 54, 1461, 192, 1094, 1993]"
0.24,0.02,0.38626663897868596,"[1, 2, 8, 15, 2655, 5729, 4193, 132, 4236, 5370, 3323, 6910, 769, 4354, 260, 1285, 4359, 7946, 5388, 271, 2327, 6428, 4901, 1836, 7469, 1841, 1842, 1847, 2359, 4411, 4926, 833, 3400, 6988, 7502, 5971, 4436, 7006, 8560, 4977, 893, 5505, 1928, 5512, 1418, 6027, 1419, 6028, 8590, 4493, 4497, 920, 8093, 7069, 7584, 8097, 1443, 6052, 2472, 4015, 2994, 7091, 951, 2489, 446, 8136, 1480, 3021, 8144, 7124, 7638, 4065, 1521, 1009, 8177, 7671, 3582]"
0.87,0.0,0.2586316537338046,"[132, 260, 1285, 4359, 552, 1928, 4773, 6027, 8460, 5220, 1103, 144, 1299, 7494]"
0.85,0.01,0.3059272451080035,"[1026, 2, 4098, 2054, 8, 13, 14, 3490, 163, 1443, 4468, 247, 1404, 4478, 8447, 668]"
0.73,0.01,0.3714822277168195,"[13, 15, 7699, 6677, 529, 58, 1098, 75, 76, 77, 588, 80, 3668, 87, 2650, 5729, 4193, 5735, 1128, 624, 627, 3703, 5755, 124, 6272, 5763, 132, 138]"
0.21,0.02,0.3822738817270782,"[1025, 1026, 3078, 8, 2571, 5649, 6674, 8211, 6172, 5668, 7214, 4144, 1075, 6281, 3725, 5774, 4249, 6812, 5277, 5792, 163, 5797, 172, 173, 3758, 6833, 2762, 2255, 5860, 8434, 5370, 6910, 768, 8458, 8462, 3344, 4882, 5907, 2841, 1305, 1315, 7459, 294, 806, 3880, 2345, 3368, 1324, 7982, 815, 824, 318, 7502, 851, 5971, 4436, 5462, 7006, 360, 1904, 881, 1907, 893, 6028, 4493, 4494, 920, 1443, 4015, 2994, 1970, 7091, 951, 446, 1480, 3021, 8144, 4048, 1016, 8551]"
0.9,0.01,0.2963598391480494,"[75, 76, 588, 80, 16, 5938, 3923, 1270, 5626, 1563, 4936]"
0.16,0.03,0.43867209724940315,"[1, 1026, 2054, 1546, 14, 527, 20, 24, 35, 40, 553, 42, 1068, 67, 54, 2126, 600, 590, 124, 162, 1199, 197, 1128, 713, 172, 173, 1231, 5904, 588, 276, 3374, 192, 5938, 1847, 1324, 318, 1254, 3923, 8085, 1928, 5512, 1418, 6027, 8590, 4497, 5013, 8093, 7584, 8097, 6052, 2472, 8136, 6988, 3021, 7502, 6910, 4015, 2994, 8144, 1970, 7091, 5971, 4436, 7006, 2255, 5860, 8434, 951, 5370, 446, 893, 2762, 1480, 4048, 1016, 6028, 1461, 1245, 4493, 920, 458, 2016, 2026, 7615, 1443]"
0.76,0.01,0.3528844195797405,"[2993, 5626, 232, 13, 15, 16, 132, 6482, 138, 141, 8360, 5812, 1212, 192, 4801, 3778, 5827, 2762, 2255, 1248, 5860, 8434, 1785, 5370, 165]"
0.45,0.03,0.47090665779038754,"[1026, 2, 4098, 2054, 8, 13, 14, 3490, 163, 1443, 35, 806, 40, 553, 42, 4139, 1068, 428, 171, 1199, 1332, 433, 172, 1461, 54, 951, 4538, 442, 67, 582, 5065, 458, 75, 2126, 590, 851, 600, 856, 5216, 97, 1121, 614, 1128, 1904, 632, 124, 382, 920, 1375, 429, 946, 2993, 3013, 8144, 2016, 2026]"
0.66,0.02,0.39792011594991417,"[1, 2, 1026, 2054, 1546, 14, 527, 20, 24, 545, 162, 35, 163, 2214, 40, 553, 42, 1068, 1326, 49, 54, 58, 59, 62, 67, 1092, 1098, 77, 590, 80, 7511, 97, 624, 1663, 1238]"
0.36,0.01,0.40292350253348075,"[1792, 6657, 5640, 7311, 6802, 4990, 7069, 6821, 7589, 1339, 8265, 1993, 2640, 1746, 3923, 254, 4960, 376, 5858, 4065, 4448, 101, 6118, 2537, 3562, 3947, 1270, 7671, 8441, 3582, 893, 3992, 1443, 6052, 4901, 2472, 1836, 7469, 2477, 4015, 1841, 1842, 2994, 7091, 1847, 2359, 951, 2489, 4411, 4926, 446, 833, 3400, 8136, 6988, 1480, 7502, 3021, 8144, 5971, 7124, 7638, 7006, 8560, 4977]"
0.8,0.01,0.3746615981861394,"[1, 2, 1026, 2054, 2958, 14, 527, 20, 24, 35, 40, 553, 42, 1068, 49, 54, 58, 59, 62, 97, 590]"
0.94,0.0,0.2063492352845726,"[132, 5735, 2696, 2505, 5258, 7890, 7618]"
0.49,0.02,0.4708004554517746,"[1026, 8200, 13, 14, 527, 144, 2065, 5143, 24, 1697, 3490, 163, 1443, 806, 40, 553, 42, 4139, 1068, 428, 171, 1199, 172, 433, 1324, 1332, 1461, 54, 951, 4538, 442, 67, 582, 5065, 458, 75, 2126, 590, 851, 600, 856, 5216, 97, 1121, 2016, 614, 1128, 1904, 632, 124, 382, 4902]"
0.79,0.01,0.32321720636291995,"[4486, 392, 8, 1546, 4488, 8460, 16, 529, 1556, 24, 1404, 1694, 428, 173, 54, 75, 590, 851, 220, 252, 4478, 8447]"
0.98,0.0,0.058492616944585185,"[768, 8026, 5817]"
0.91,0.0,0.21689373031607118,"[3947, 1680, 2993, 1651, 1270, 3923, 6802, 7671, 8441, 259]"
0.06,0.03,0.38076168246083886,"[1025, 3078, 8, 2571, 5649, 6674, 8211, 17, 6172, 76, 588, 2126, 77, 80, 590, 87, 2139, 2654, 4192, 1128, 6251, 624, 627, 3194, 6281, 4236, 3725, 5774, 7309, 144, 1684, 4249, 6812, 5277, 5792, 3232, 8360, 5812, 1212, 192, 4801, 3778, 5827, 768, 8458, 8462, 271, 3344, 4882, 5907, 2327, 2841, 6428, 4901, 1836, 7469, 1841, 1842, 1847, 2359, 833, 3400, 6988, 7502, 5971, 4436, 7006, 3959, 893, 386, 4483, 4482, 4484, 4486, 1928, 5512, 906, 1418, 1419, 4493, 4494, 6027, 446, 1480, 1993, 8136, 3021, 8144, 7124, 7638, 4065, 1009, 8177, 7671, 3582]"
0.26,0.02,0.4223996735578823,"[1, 1026, 2054, 1546, 14, 527, 20, 24, 35, 40, 553, 5240, 3194, 4236, 7311, 1684, 3232, 8360, 5812, 1212, 4801, 3778, 1847, 5827, 202, 2762, 2255, 1248, 5860, 8434, 1785, 5370, 3323, 6910, 769, 6001, 260, 1285, 192, 4359, 7946, 5388, 271, 2327, 6428, 4901, 1836, 7469, 1841, 1842, 2359, 4411, 4926, 833, 3400, 6988, 7502, 5971, 4436, 7006, 4977, 893, 5444, 1928, 5512, 1418, 1419, 6028, 6027, 8590, 4497, 920, 8093, 7584, 8097]"
0.49,0.02,0.4071948796276963,"[32, 1026, 2054, 1546, 14, 527, 20, 24, 35, 40, 553, 42, 1068, 54, 67, 590, 2126, 600, 1128, 124, 162, 5904, 8136, 6988, 1480, 173, 197, 1231, 1254, 713, 192, 1199, 3021, 7502, 6910, 2640, 8144, 2762, 3923, 851, 5462, 360, 7529, 1904, 881, 370, 1907, 4468, 4470, 4472, 889, 3416]"
0.71,0.02,0.34852130309681906,"[6272, 1, 1026, 5893, 4485, 3127, 571, 1606, 42, 175, 54, 59, 64, 7696, 3848, 67, 1092, 70, 590, 97, 804, 75, 77, 80, 2214, 624, 1663, 162, 163, 1326]"
0.89,0.0,0.2204337029673905,"[4354, 132, 260, 1285, 4359, 1928, 5512, 6027, 5388, 8460, 8463, 5809]"
0.96,0.0,0.2363827482014823,"[144, 1299, 362, 4523, 4577]"
0.2,0.03,0.4283188321893915,"[1, 2, 1026, 2054, 1546, 14, 527, 20, 24, 545, 162, 35, 163, 2214, 40, 553, 42, 1068, 1326, 49, 54, 58, 59, 62, 67, 1092, 1098, 77, 590, 80, 1248, 5860, 5898, 1785, 2123, 3323, 6910, 4354, 1045, 1285, 4359, 8422, 271, 2327, 6428, 4901, 2081, 7469, 1841, 1842, 1847, 5251, 4411, 4926, 833, 3402, 4749, 7502, 5971, 4020, 7006, 8133, 893, 1928, 5512, 1418, 1419, 6027, 4493, 8590, 6028, 4497, 920, 8093, 7069, 7584, 8097, 1443, 6052, 2472, 4015]"
0.38,0.02,0.3722955125642087,"[768, 1025, 1026, 8, 6281, 8458, 2571, 3725, 5774, 8462, 3344, 5649, 6674, 8211, 4882, 5907, 920, 4249, 2841, 1305, 6812, 6172, 5277, 5792, 163, 5668, 5797, 1315, 7459, 294, 806, 3880, 2345, 172, 173, 7214, 3758, 4144, 6833, 1075, 951, 446, 3194, 2762, 3021, 7502, 2255, 5971, 4436, 1443, 7006, 4192, 1248, 2787, 5860, 6251, 8434, 5240, 1785, 5370, 3323, 893, 6910]"
0.64,0.01,0.28762113369502984,"[8200, 14, 527, 1680, 6802, 7069, 4642, 2654, 4192, 2993, 6251, 5240, 4305, 5460, 8058, 4960, 227, 5735, 7160, 4474, 260, 1928, 5512, 1418, 1419, 6027, 6028, 8590, 4497, 920, 1785, 8434, 3323, 6910, 5860, 138, 8093]"
0.19,0.03,0.40564923720140056,"[1, 2, 8, 7051, 8460, 4493, 4492, 15, 16, 529, 1299, 527, 20, 1556, 277, 150, 3475, 25, 26, 8468, 920, 276, 1694, 413, 6305, 3490, 163, 806, 4139, 171, 428, 1443, 1324, 429, 433, 5938, 946, 376, 1461, 54, 951, 3507, 2993, 4538, 442, 318, 8078, 4491, 582, 5065, 3529, 75, 1847, 4411, 4926, 8463, 833, 3402, 3405, 7502, 5971, 7006, 6517, 893, 5512, 1928, 1418, 1419, 6027, 8590, 6028, 4497, 8093, 7069, 7584, 8097, 6052, 2472, 4015, 4020, 8133, 4328]"
0.86,0.0,0.19403040224656398,"[1792, 6657, 5505, 5640, 1928, 7946, 5512, 5388, 1418, 6027, 7311, 271, 1419, 6674, 8447]"
0.46,0.03,0.47516696106229994,"[2, 1026, 4098, 2054, 8, 13, 14, 920, 3490, 163, 35, 1443, 806, 40, 553, 42, 4139, 1068, 428, 171, 1199, 172, 433, 429, 2993, 1332, 1461, 54, 951, 946, 4538, 442, 67, 3013, 582, 5065, 458, 75, 2126, 590, 851, 600, 856, 1375, 5216, 97, 1121, 2016, 614, 1128, 1904, 632, 124, 382, 2714]"
0.14,0.03,0.4756679082289552,"[1285, 4359, 8, 1546, 13, 16, 141, 15, 1553, 529, 17, 1556, 24, 36, 1582, 49, 51, 920, 564, 62, 54, 596, 4491, 1098, 4492, 75, 86, 132, 144, 590, 150, 3227, 273, 6428, 3374, 5938, 1847, 318, 3923, 851, 3416, 360, 7529, 1904, 881, 4470, 192, 4472, 889, 4476, 4477, 1254, 4482, 4483, 4484, 901, 370, 1414, 1907, 4468, 3490, 4478, 1461, 1324, 442, 3013, 458, 2016, 2026, 3056, 4486, 4487, 4488, 906, 7051, 8078, 4493, 4494, 1420, 4499, 413, 1443, 429, 2993, 433, 946, 3507]"
0.39,0.03,0.409020179696474,"[1, 1026, 2054, 1546, 14, 527, 20, 24, 35, 40, 553, 42, 1068, 54, 67, 590, 1697, 1131, 1128, 38, 904, 1098, 1872, 141, 172, 12, 627, 58, 1231, 64, 951, 8451, 36, 31, 1556, 569, 1324, 3374, 247, 1553, 276, 624, 8454, 382, 881, 294, 1907, 4468, 4470, 8456, 1296, 392, 8455, 4478, 2640, 8144, 4448, 4990, 8506, 920, 1443, 4493]"
0.08,0.04,0.46206662395279297,"[75, 76, 588, 80, 2054, 1546, 5938, 3923, 13, 14, 527, 15, 17, 20, 24, 35, 40, 553, 42, 1068, 54, 67, 590, 600, 1128, 124, 132, 144, 4757, 1697, 162, 172, 173, 1199, 192, 197, 713, 1231, 1254, 231, 8449, 5904, 276, 808, 1324, 3374, 1332, 1847, 318, 3400, 6988, 1873, 4472, 4473, 889, 4476, 4477, 386, 4482, 4483, 4484, 4486, 1928, 5512, 1418, 6027, 4491, 4492, 8590, 8078, 906, 4497, 4493, 4480, 5013, 920, 8093, 413, 7584, 8097, 4515, 6052, 1443, 2472, 429, 2993, 433, 946, 1461, 442, 8136, 2016, 6642]"
0.02,0.02,0.4209465414679707,"[2, 1026, 2054, 527, 15, 7699, 1045, 2081, 2139, 2654, 4192, 6251, 5240, 3194, 5251, 24, 4636, 1970, 5827, 2255, 8434, 4236, 5388, 7311, 1684, 3232, 8360, 5812, 1212, 192, 4801, 3778, 1248, 1785, 3323, 6910, 5860, 2762, 1836, 2359, 260, 6988, 4436, 3400, 4977, 1480, 2994, 7091, 951, 2489, 446, 8136, 3021, 8144, 1235, 5370, 7638, 4065, 1521, 1009, 4354, 893, 1285, 2327, 7469, 833, 1841, 7502, 7006, 5971, 1847, 6027, 4926, 4411, 1842, 4901, 6428, 271, 4359, 8177, 7671, 3582, 5512, 1928, 1418, 1419, 6028, 4493, 8590, 4497, 920, 8093, 7069, 7584, 8097, 1443, 6052, 2472, 4015]"
0.83,0.0,0.26420990710490955,"[4523, 7925, 1626, 4960, 4065, 5858, 4448, 101, 6118, 2537, 3562, 3947, 1270, 501, 8441, 893, 3582, 3992]"
0.48,0.03,0.38327713729992563,"[1, 2, 4481, 132, 1413, 8454, 1026, 392, 4488, 1546, 8458, 8460, 13, 141, 1420, 8, 1553, 529, 402, 8462, 1556, 2454, 4494, 16, 17, 24, 150, 276, 1694, 1697, 1443, 36, 807, 1299, 171, 428, 172, 1582, 1324, 8456, 51, 564, 1332, 54, 1461, 5904, 4489, 4490, 192, 904, 15, 590, 4478]"
0.12,0.03,0.4289928813457071,"[768, 1025, 3078, 6281, 2571, 3725, 5774, 3344, 5649, 6674, 8211, 4882, 5907, 2841, 4249, 6812, 6172, 5277, 5792, 1315, 5668, 5797, 7459, 582, 1098, 75, 588, 76, 2126, 86, 5216, 614, 1128, 632, 127, 806, 3227, 163, 165, 8, 171, 192, 208, 851, 209, 8447, 5653, 8456, 8459, 8460, 8463, 1299, 290, 856, 1369, 370, 4474, 382, 4485, 904, 4489, 4490, 4495, 4496, 428, 3507, 1461, 1873, 17, 951, 4538, 1987, 5065, 1443, 1332, 15, 458, 231, 1013, 1026, 13, 2, 144, 1697, 808, 172, 1324, 433, 442]"
0.92,0.0,0.3129996838936415,"[904, 2953, 1546, 5251, 13, 14, 1339, 7069, 4710]"
0.54,0.02,0.3628582475466967,"[4486, 392, 8, 1546, 4488, 8460, 141, 16, 529, 1556, 24, 1694, 428, 851, 252, 54, 159, 1418, 220, 1419, 590, 6027, 75, 2442, 8588, 7048, 2961, 6547, 6035, 406, 8604, 2466, 2985, 1963, 2477, 1455, 436, 5565, 2510, 5073, 7134, 2017, 2531, 996, 484, 6123, 2448]"
0.96,0.0,0.2165538839001383,"[1026, 14, 4523, 4486, 4791]"
0.21,0.03,0.41583717518093055,"[1, 2, 8, 15, 1045, 2081, 40, 553, 42, 1068, 49, 54, 58, 59, 62, 67, 1092, 1098, 2123, 77, 590, 80, 5729, 4193, 5251, 132, 4236, 4749, 1248, 5860, 8422, 1785, 5370, 3323, 6910, 769, 4354, 260, 1285, 4359, 7946, 5898, 5388, 271, 2327, 6428, 4901, 7469, 1326, 1841, 1842, 1847, 4411, 4926, 833, 3402, 7502, 5971, 7006, 893, 1928, 5512, 1418, 6027, 1419, 4493, 8590, 6028, 4497, 920, 8093, 7069, 7584, 8097, 1443, 6052, 2472, 4015, 4020, 8133]"
0.13,0.03,0.46128380356176546,"[1026, 2054, 1546, 14, 527, 20, 24, 32, 35, 40, 553, 42, 1068, 5240, 3194, 5257, 4236, 7311, 1684, 3232, 8360, 1199, 5812, 1212, 192, 4801, 3778, 713, 1231, 1254, 1299, 276, 6428, 1324, 3374, 5938, 1847, 318, 3923, 851, 3416, 360, 7529, 1904, 881, 370, 1907, 4468, 4470, 4472, 889, 4476, 4477, 4478, 4482, 4483, 4484, 901, 4486, 4487, 4488, 1414, 906, 7051, 4491, 4492, 8078, 4493, 4494, 1420, 4499, 920, 413, 3490, 1443, 429, 2993, 433, 946, 3507, 1461, 442, 3013, 458, 2016, 2026, 3056, 7127]"
0.53,0.02,0.39003926384497045,"[1, 2, 1026, 2054, 906, 4492, 4493, 2958, 14, 527, 8590, 8078, 4497, 20, 4499, 5013, 24, 920, 8093, 413, 7584, 8097, 35, 4515, 6052, 1443, 40, 553, 42, 2472, 1068, 429, 49, 2993, 433, 946, 1461, 54, 58, 59, 442, 62, 8136, 590, 2016, 97, 6642, 3787]"
0.39,0.01,0.40939677481693904,"[1792, 6657, 5640, 7311, 6802, 4990, 7069, 6821, 1339, 8265, 1746, 7589, 3923, 254, 2640, 1993, 1626, 4960, 4065, 5858, 101, 6118, 2537, 3562, 3947, 1270, 4448, 7671, 8093, 7584, 8097, 1443, 6692, 4901, 2755, 2472, 1836, 7469, 4015, 1841, 5938, 1842, 2994, 1970, 7091, 1847, 2359, 951, 2489, 4411, 4926, 446, 192, 833, 3400, 1480, 8136, 6988, 3021, 7502, 8144, 8506]"
0.37,0.03,0.4349450606937164,"[904, 2953, 1546, 5258, 13, 14, 527, 141, 15, 8590, 4497, 7699, 6677, 5013, 8463, 920, 25, 8093, 7584, 8097, 4642, 36, 1443, 4006, 2472, 3497, 171, 1324, 172, 1582, 173, 428, 51, 564, 1332, 54, 1461, 192, 1094, 198, 1098, 75, 458, 590, 2255, 4305, 1873, 5460, 86, 220, 2654, 734, 4960, 97, 4192, 227, 5860, 2016, 1254, 5735, 231, 1128, 2538, 6251]"
0.13,0.02,0.4502564516013282,"[1025, 3078, 2571, 5649, 6674, 8211, 6172, 5668, 7214, 4144, 1075, 4149, 3128, 4665, 3135, 2120, 5707, 594, 2660, 5732, 108, 8300, 5232, 3184, 5239, 638, 6281, 3725, 5774, 4249, 6812, 5277, 5792, 5797, 3758, 6833, 1213, 193, 6346, 7372, 6871, 2775, 7897, 3294, 224, 7905, 3810, 5865, 5363, 5882, 4346, 768, 3344, 4882, 5907, 2841, 1315, 7459, 3880, 2345, 7982, 815, 316, 5448, 2381, 7502, 5969, 8018, 1874, 6996, 6998, 7511, 7517, 4958, 3490, 1443, 429, 433, 946, 3507, 2993, 1461, 442, 3013, 458, 2016, 2026, 4926]"
0.55,0.01,0.3320988083470485,"[2054, 7179, 1676, 5134, 5010, 3987, 5013, 7445, 7957, 7190, 8348, 3485, 4254, 676, 932, 5798, 4647, 7589, 4141, 6574, 5167, 3504, 6065, 8498, 7089, 4020, 8117, 3126, 3894, 4664, 441, 3129, 4918, 8632, 5176, 4153, 5689, 5695, 6460, 63, 4160, 6977, 5698, 3522, 4033, 5440]"
0.35,0.01,0.4080086730791985,"[1792, 6657, 5640, 7311, 6802, 4990, 7069, 6821, 7589, 562, 8265, 1993, 2640, 1746, 3923, 254, 4960, 376, 5858, 4065, 4448, 101, 6118, 2537, 3562, 3947, 1270, 7671, 8441, 3582, 3992, 893, 2477, 8177, 1443, 6052, 4901, 2472, 1836, 7469, 4015, 1841, 1842, 2994, 7091, 2359, 951, 1847, 2489, 4411, 446, 4926, 833, 3400, 8136, 1480, 6988, 3021, 7502, 8144, 5971, 7124, 7638, 7006, 8560, 4977]"
0.16,0.03,0.43916569618789614,"[260, 1026, 2054, 1546, 14, 527, 20, 24, 35, 40, 553, 42, 1068, 67, 54, 2126, 600, 590, 124, 162, 1199, 197, 1128, 713, 172, 173, 1231, 5904, 588, 276, 3374, 192, 5938, 1847, 1324, 318, 1254, 3923, 8085, 1928, 5512, 1418, 6027, 8590, 4497, 5013, 8093, 7584, 8097, 6052, 2472, 8136, 6988, 3021, 7502, 6910, 4015, 2994, 8144, 1970, 7091, 5971, 4436, 7006, 2255, 5860, 8434, 951, 5370, 446, 893, 2762, 1480, 4048, 1016, 6028, 1461, 1245, 4493, 920, 458, 2016, 7171, 7615, 1443]"
0.24,0.02,0.40645065194767005,"[1, 2, 1026, 2054, 155, 14, 527, 20, 24, 35, 40, 553, 42, 1068, 49, 54, 58, 59, 62, 67, 1092, 70, 1847, 2359, 4411, 4926, 833, 3400, 6988, 7502, 5971, 5460, 4436, 7006, 8560, 4977, 8058, 893, 5505, 8582, 1928, 5512, 1418, 1419, 6027, 6028, 8590, 4493, 4497, 920, 7069, 8093, 7584, 8097, 1443, 6052, 2472, 2477, 4015, 2993, 2994, 7091, 951, 2489, 2107, 8136, 1480, 3021, 8144, 7124, 7638, 4065, 1521, 1009, 8177, 7671, 3582]"
0.49,0.02,0.3899967590821164,"[1037, 5904, 162, 1068, 173, 1199, 7729, 54, 3127, 571, 192, 67, 197, 1606, 8136, 1480, 713, 7755, 6988, 3021, 590, 7759, 4176, 2126, 1231, 7502, 2640, 8144, 5462, 3923, 600, 851, 3416, 2139, 2654, 4192, 1254, 1128, 360, 7529, 6251, 2762, 1904, 881, 370, 1907, 4468, 4470, 4472, 889, 124, 6910, 360]"
0.36,0.02,0.3789550630609916,"[1037, 1068, 7729, 3127, 571, 1606, 7755, 7759, 4176, 2139, 2654, 4192, 6251, 5240, 3194, 5257, 4236, 7309, 1684, 3232, 8360, 1199, 5812, 1212, 192, 4801, 3778, 713, 1231, 1254, 1299, 276, 6428, 1324, 3374, 5938, 318, 1847, 851, 3416, 3923, 360, 7529, 1904, 881, 370, 1907, 4468, 4470, 4472, 833, 3400, 8136, 6988, 1480, 7502, 3021, 8144, 5971, 7124, 7638, 7006, 8560, 4977, 1443]"
0.29,0.03,0.4187774978153238,"[7073, 7589, 6821, 5640, 7311, 6802, 527, 141, 15, 8590, 4497, 7699, 6677, 5013, 8463, 920, 25, 8093, 7584, 8097, 1697, 4642, 36, 1443, 4006, 2472, 3497, 171, 1324, 172, 1582, 173, 428, 51, 564, 1332, 54, 1461, 192, 1094, 198, 1098, 75, 458, 590, 2255, 4305, 1873, 5460, 86, 220, 2654, 734, 4960, 97, 4192, 227, 5860, 2016, 1254, 5735, 231, 1128, 2538, 6251, 1907, 4468, 247, 555, 4478, 8447, 3845]"
0.25,0.03,0.4303562580020016,"[1, 1026, 2054, 1546, 14, 527, 20, 24, 35, 40, 553, 42, 1068, 54, 67, 590, 2126, 600, 1128, 124, 162, 172, 173, 1199, 192, 197, 713, 1231, 2255, 1254, 6910, 5904, 276, 1324, 1847, 3400, 6988, 7502, 5971, 4436, 7006, 893, 1928, 5512, 1418, 6027, 6028, 4493, 8590, 4497, 920, 8093, 7584, 8097, 1443, 6052, 2472, 4015, 2993, 2994, 7091, 951, 2489, 446, 8136, 1480, 3021, 8144, 7124, 7638, 4065, 1521, 1009, 8177, 7671, 3582]"
0.64,0.01,0.3038487518223053,"[2, 1026, 2054, 527, 8592, 1680, 6802, 4642, 2993, 2654, 4192, 6251, 5240, 2255, 4305, 5460, 8058, 4960, 227, 8434, 7156, 4749, 4474, 1928, 5512, 1418, 1419, 6027, 6028, 4497, 920, 7069, 1785, 5860, 3323, 6910, 8093]"
0.32,0.03,0.4300458783686095,"[1, 1026, 2054, 1546, 14, 527, 20, 24, 35, 40, 553, 42, 1068, 54, 67, 590, 2126, 2640, 600, 1128, 124, 3210, 162, 172, 173, 1199, 192, 197, 713, 2762, 2255, 1254, 5904, 1299, 276, 1324, 3374, 5938, 1847, 318, 3923, 851, 5971, 5462, 3416, 360, 7529, 1904, 881, 370, 1907, 4468, 4494, 4472, 889, 2016, 1443, 906, 458, 4493, 8078, 429, 2993, 433, 4499, 946, 1461, 2026, 413]"
0.46,0.03,0.4783140927033075,"[1026, 2054, 1546, 14, 527, 20, 24, 32, 35, 40, 553, 42, 1068, 5240, 3194, 5257, 4236, 172, 1332, 54, 951, 1199, 4538, 67, 582, 5763, 75, 2126, 590, 600, 856, 1375, 5216, 97, 1121, 614, 1128, 632, 124, 851, 382, 2714, 920, 1904, 3490, 1443, 429, 433, 2993, 946, 1461, 442, 3013, 458, 2016]"
0.89,0.0,0.22910289868573286,"[2054, 7179, 1676, 5135, 5010, 3987, 5013, 1270, 5626, 4990, 4217, 7087]"
0.47,0.02,0.3729114064310156,"[1037, 5904, 162, 1068, 173, 1199, 7729, 54, 3127, 571, 67, 197, 192, 1606, 8136, 1480, 713, 7755, 6988, 3021, 7759, 4176, 8029, 2126, 1231, 7502, 2640, 8144, 5462, 3923, 600, 851, 3416, 2139, 2654, 4192, 1254, 1128, 360, 7529, 6251, 2762, 172, 1461, 1324, 8456, 4489, 4490, 4476, 889, 4477, 4478, 1299, 276]"
0.05,0.03,0.46023710876423163,"[7073, 7589, 6821, 5640, 7311, 6802, 527, 141, 15, 8590, 4497, 7699, 6677, 5013, 25, 920, 8463, 8093, 7584, 8097, 1697, 4642, 36, 4006, 1443, 2472, 3497, 171, 1324, 172, 1582, 173, 428, 51, 564, 1332, 54, 1461, 192, 1094, 198, 1098, 75, 458, 590, 2255, 4305, 1873, 5460, 86, 220, 2654, 734, 4960, 97, 4192, 227, 1299, 276, 806, 807, 231, 808, 3374, 824, 1907, 4468, 851, 856, 4478, 1904, 881, 4470, 4472, 4473, 889, 4475, 4476, 382, 5505, 4484, 4486, 904, 4489, 4490, 906, 4492, 4493, 4495, 4496, 402, 914, 3490, 433, 951, 442]"
0.71,0.01,0.34110578151418136,"[3939, 1, 1026, 5893, 4485, 3127, 571, 1606, 42, 175, 54, 65, 64, 7696, 3848, 67, 914, 3978, 590, 97, 804, 8416, 77, 80, 2214, 624, 1663, 162, 163, 7978]"
0.36,0.02,0.4100134827233358,"[4354, 1285, 4359, 8200, 5898, 13, 14, 527, 271, 2065, 1045, 5143, 24, 2327, 6428, 2081, 3490, 163, 4901, 1443, 806, 40, 553, 42, 4139, 428, 1068, 171, 1199, 172, 433, 7469, 1841, 1332, 1461, 54, 951, 1842, 4538, 2762, 3416, 3923, 360, 7529, 1904, 881, 370, 1907, 4468, 4470, 4472, 833, 3400, 8136, 6988, 1480, 7502, 6948, 8144, 5971, 7124, 7638, 7006, 8560, 4977]"
0.38,0.03,0.4562130772381827,"[1, 2, 1026, 132, 8449, 2054, 1546, 13, 14, 527, 15, 17, 5904, 20, 4757, 24, 155, 1697, 162, 35, 40, 553, 42, 1068, 172, 173, 1199, 1324, 1332, 54, 192, 67, 197, 1094, 198, 713, 1098, 75, 588, 458, 590, 1231, 2255, 4305, 1873, 5460, 86, 220, 2654, 734, 4960, 97, 4192, 227, 5860, 2016, 1254, 231, 1128, 5735, 2538, 6251, 124]"
0.52,0.01,0.4190225794271849,"[1037, 1068, 7729, 3127, 571, 1606, 7755, 7759, 4176, 2139, 2654, 4192, 6251, 5240, 3194, 5257, 4236, 7309, 1684, 3232, 8360, 1199, 5812, 1212, 192, 4801, 3778, 713, 1231, 1254, 1299, 276, 1324, 3374, 1925, 5938, 318, 1847, 851, 3405, 4317, 1248, 8422, 3056, 1785, 5370, 3323, 6910, 1443]"
0.96,0.0,0.16949161375243393,"[1285, 4359, 4523, 4577, 137]"
0.03,0.02,0.40641284998462257,"[8200, 14, 527, 5143, 24, 4636, 2654, 4192, 5729, 6251, 5240, 3194, 5251, 4236, 7311, 1684, 3232, 8360, 5812, 1212, 192, 4801, 3778, 5827, 202, 2762, 2255, 1235, 1248, 5860, 8434, 1785, 5370, 3323, 6910, 769, 4354, 260, 1285, 4359, 7946, 5388, 271, 2327, 6428, 4901, 1836, 7469, 1841, 1842, 1847, 2359, 4411, 4926, 833, 3400, 6988, 7502, 5971, 4436, 7006, 4977, 893, 1928, 5512, 1418, 6027, 1419, 4493, 6028, 8590, 4497, 920, 7069, 8093, 7584, 8097, 1443, 6052, 2472, 4015, 1970, 2994, 7091, 951, 2489, 446, 1480, 8136, 3021, 8144, 7638, 4065, 1521, 1009, 8177, 7671, 3582]"
0.83,0.0,0.2985580525724707,"[144, 1299, 4960, 4523, 4065, 5858, 4448, 101, 6118, 2537, 6518, 3947, 1270, 501, 8441, 893, 3582, 3992]"
0.13,0.03,0.4678379718854747,"[2, 1026, 4098, 2054, 8, 13, 14, 920, 3490, 163, 35, 1443, 806, 40, 553, 42, 4139, 1068, 428, 171, 1199, 7311, 433, 1684, 2993, 3232, 1461, 429, 8360, 5812, 946, 442, 1212, 3013, 192, 4801, 458, 3778, 713, 1231, 851, 1254, 1299, 276, 6428, 1324, 3374, 2016, 5938, 1847, 1904, 318, 3923, 3416, 360, 7529, 881, 370, 1907, 4468, 4470, 4472, 889, 4476, 4477, 4478, 4482, 4483, 4484, 901, 4486, 4487, 4488, 1414, 906, 7051, 4491, 4492, 8078, 4493, 4494, 1420, 4499, 413, 3507, 2026, 3056, 70]"
0.35,0.02,0.378896242669188,"[4486, 392, 8, 1546, 4488, 8460, 141, 16, 529, 1556, 24, 1694, 428, 173, 54, 254, 4960, 376, 5858, 4065, 4448, 101, 6118, 2537, 3562, 3947, 1270, 7671, 8441, 7753, 3992, 893, 2477, 8177, 1443, 6052, 4901, 2472, 1836, 7469, 4015, 1841, 1842, 2994, 7091, 2359, 951, 1847, 2489, 4411, 446, 4926, 833, 3400, 8136, 1480, 6988, 3021, 7502, 8144, 5971, 7124, 7638, 7006, 8560, 4977]"
0.4,0.03,0.4032845809911084,"[8449, 2, 1, 8451, 382, 8454, 8455, 904, 8456, 1546, 392, 12, 141, 14, 527, 1296, 1553, 4478, 4493, 20, 1556, 276, 24, 920, 31, 1697, 35, 36, 1443, 38, 294, 40, 553, 42, 172, 1324, 3374, 54, 951, 569, 58, 8506, 64, 67, 1098, 590, 1231, 1872, 2640, 8144, 4448, 1128, 1131, 624, 881, 627, 1907, 4468, 4470, 247, 4990]"
0.13,0.02,0.44157017774743945,"[1, 1026, 2, 132, 8458, 138, 13, 141, 15, 16, 1075, 4149, 3128, 4665, 3135, 2120, 5707, 594, 2660, 5732, 108, 8300, 5232, 3184, 5239, 638, 6281, 3716, 5774, 4249, 6812, 5277, 5792, 5797, 3758, 6833, 1213, 193, 6346, 7372, 6871, 2775, 7897, 3294, 224, 7905, 3810, 5865, 5363, 5882, 4346, 768, 3344, 4882, 5907, 2841, 1315, 7459, 3880, 2345, 7982, 815, 316, 5448, 2381, 7502, 5969, 8018, 1874, 6996, 6998, 7511, 7517, 4958, 3013, 458, 4926, 2016, 3490, 1443, 2026, 429, 433, 946, 3507, 2993, 1461, 442]"
0.76,0.01,0.2607686446506845,"[2054, 4493, 4495, 7069, 8097, 1443, 6052, 2472, 4015, 2994, 7091, 951, 446, 1480, 8136, 3021, 8144, 7124, 7638, 4065, 1521, 1009, 8177, 7671, 3582]"
0.37,0.03,0.4395794588156332,"[4523, 2953, 1546, 5258, 13, 14, 527, 141, 15, 8590, 4497, 7699, 6677, 5013, 8463, 920, 25, 8093, 7584, 8097, 4642, 36, 1443, 4006, 2472, 3497, 171, 1324, 172, 1582, 1597, 428, 51, 564, 1332, 54, 1461, 192, 1094, 198, 1098, 75, 458, 590, 2255, 4305, 1873, 5460, 86, 220, 2654, 734, 4960, 97, 4192, 227, 5860, 2016, 1254, 5735, 231, 1128, 2538, 6251]"
0.54,0.02,0.4036029732241484,"[1, 1026, 2, 2054, 1546, 906, 4492, 4493, 14, 527, 4497, 4499, 20, 5013, 24, 920, 413, 7584, 1697, 8097, 35, 4515, 6052, 1443, 40, 553, 42, 2472, 1068, 429, 49, 2993, 946, 433, 1461, 54, 58, 59, 442, 62, 67, 8136, 3787, 590, 2016, 97, 6642]"
0.26,0.02,0.39723807987464543,"[5729, 769, 5505, 8200, 7946, 202, 14, 527, 2065, 5143, 24, 4636, 2654, 4192, 6251, 5240, 3194, 4236, 7311, 1684, 3232, 8360, 5812, 1212, 3168, 1970, 4801, 3778, 5827, 2762, 2255, 1248, 5860, 8434, 1785, 5370, 3323, 6910, 4354, 1285, 4359, 5388, 271, 2327, 6428, 4901, 1836, 7469, 1841, 1842, 1847, 2359, 4411, 4926, 260, 833, 6988, 7502, 5971, 4436, 7006, 3400, 4977, 893, 1418, 6027, 1928, 1419, 5512, 6028, 8590, 4497, 920, 8093, 1480]"
0.67,0.02,0.360667676009513,"[6272, 1, 1026, 5893, 4485, 3127, 571, 1606, 42, 175, 54, 59, 64, 7696, 3848, 67, 1092, 70, 590, 97, 1068, 49, 58, 75, 80, 624, 1663, 6037, 62, 1098, 162, 163, 2214, 1326]"
0.54,0.01,0.3121732324617913,"[1025, 3078, 6281, 2571, 3725, 5649, 6674, 8211, 6172, 5668, 7214, 6574, 4144, 1075, 4149, 4918, 3128, 4665, 4664, 441, 3129, 8632, 5176, 3135, 4153, 5689, 5695, 6460, 63, 4160, 6977, 5698, 2120, 3522, 4033, 5707, 594, 2660, 5732, 5440, 108, 8300, 5232, 3184, 5239, 638, 5401]"
0.32,0.02,0.3683344210791585,"[2054, 1546, 1418, 4493, 5262, 1419, 4749, 1680, 8590, 6027, 6028, 6802, 4497, 920, 8093, 7069, 4642, 2993, 4305, 5460, 2654, 2255, 4960, 4192, 227, 5735, 6251, 4474, 7160, 1785, 8058, 8434, 3323, 3030, 5512, 6910, 5013, 7584, 5860, 8097, 6052, 2472, 8136, 6988, 3021, 7502, 4015, 2994, 8144, 1970, 7091, 5971, 4436, 7006, 951, 5370, 446, 893, 2762, 1480, 4048, 1016, 1461, 1245, 458, 2016, 7171, 7615, 1443]"
0.14,0.03,0.4594777897649118,"[1, 1026, 2054, 1546, 14, 527, 20, 24, 35, 40, 553, 42, 1068, 67, 54, 2126, 600, 590, 1128, 124, 162, 172, 173, 1199, 197, 713, 1231, 5904, 192, 588, 276, 3400, 1254, 1928, 5512, 3374, 318, 1847, 5938, 1324, 1418, 3923, 6027, 8590, 4497, 5013, 8093, 4470, 4472, 902, 4476, 4477, 4482, 4483, 4484, 901, 370, 1414, 1907, 4468, 3490, 4478, 1461, 442, 3013, 458, 2016, 2026, 3056, 4486, 4487, 4488, 906, 7051, 8078, 4494, 1420, 4499, 413, 429, 2993, 920, 433, 946, 3507, 4493, 1443]"
0.99,0.0,0.17330252105819455,"[4486, 3369]"
0.56,0.02,0.37034061474374325,"[4481, 2, 1026, 132, 1, 8454, 392, 4488, 1546, 8458, 8460, 141, 1420, 8, 16, 1553, 529, 402, 8462, 1556, 4494, 17, 24, 150, 3227, 1694, 1697, 1443, 36, 807, 171, 428, 1582, 51, 564, 1332, 54, 5904, 192, 590, 360, 1904, 881, 2674, 7683]"
0.69,0.02,0.35121028715483704,"[769, 8, 8460, 4493, 4492, 15, 527, 16, 529, 1299, 20, 277, 150, 3475, 25, 26, 8468, 276, 920, 162, 163, 2214, 1326, 54, 75, 77, 590, 80, 5729, 97, 624, 1663]"
0.89,0.01,0.2630294430672475,"[4486, 392, 8, 1399, 4488, 8460, 141, 16, 529, 4990, 4217, 7087]"
0.96,0.0,0.16658775264220282,"[6662, 1680, 2993, 6802, 3923]"
0.84,0.0,0.24461330339576126,"[8441, 6118, 7179, 1676, 893, 5134, 5010, 3987, 5013, 7445, 7957, 7190, 501, 3992, 8348, 3485, 3582]"
0.2,0.02,0.3877025717522228,"[1, 1026, 132, 2, 8458, 138, 13, 141, 15, 16, 1075, 4149, 3128, 4665, 3135, 2120, 5707, 594, 2660, 5732, 108, 8300, 5232, 3184, 5239, 638, 6281, 3716, 5774, 4249, 6812, 5277, 5792, 5797, 3758, 6833, 1213, 193, 6346, 7372, 6871, 2775, 271, 2327, 6428, 4901, 2081, 7469, 1841, 1842, 1847, 5251, 25, 833, 3402, 4749, 5971, 4020, 7006, 8133, 893, 1928, 5512, 1418, 1419, 7502, 6027, 4493, 8590, 6028, 4497, 920, 8093, 7069, 7584, 8097, 4926, 6052, 2472, 4015, 1443]"
0.16,0.02,0.43882292260611766,"[1792, 6657, 5640, 7311, 6802, 7069, 7589, 6821, 1339, 1993, 8265, 2640, 1746, 3923, 1626, 5722, 4960, 5858, 4065, 101, 6118, 3582, 2537, 3562, 3947, 1270, 7671, 8441, 2654, 4901, 4192, 2472, 1836, 7469, 4015, 1841, 6052, 1842, 2994, 1970, 7091, 1847, 2359, 951, 2489, 4411, 4926, 5729, 192, 833, 3400, 6251, 1480, 5240, 6988, 3194, 7502, 4236, 1684, 3232, 8360, 5812, 1212, 4801, 3778, 5827, 202, 2762, 2255, 1248, 5860, 8434, 1785, 5370, 3323, 6910, 769, 7946, 5971, 4436, 7006, 4977, 893, 5505, 1101]"
0.03,0.02,0.3990532344952442,"[768, 1025, 4478, 3078, 6281, 2571, 3725, 5774, 3344, 5649, 5240, 3194, 5251, 4236, 7311, 1684, 3232, 8360, 5812, 1212, 192, 4801, 3778, 5827, 202, 2762, 2255, 1235, 1248, 5860, 8434, 1785, 5370, 3323, 6910, 769, 4354, 260, 1285, 4359, 7946, 5388, 271, 2327, 6428, 4901, 7502, 1836, 7469, 1841, 1842, 1847, 2359, 4411, 4926, 833, 3400, 6988, 5971, 4436, 7006, 4977, 893, 1928, 5512, 1418, 6027, 1419, 4493, 6028, 8590, 4497, 920, 7069, 8093, 7584, 8097, 1443, 6052, 2472, 4015, 420, 2994, 7091, 951, 2489, 446, 1480, 8136, 3021, 8144, 7638, 4065, 1521, 1009, 8177, 7671, 3582]"
0.27,0.02,0.39860320871741395,"[5505, 1, 2, 4354, 1285, 260, 4359, 8200, 1928, 7946, 5370, 4236, 5388, 14, 527, 7311, 2065, 271, 1418, 1684, 6028, 8590, 5143, 24, 920, 2327, 4636, 6428, 8093, 3232, 4901, 8360, 1836, 7469, 1841, 1970, 1842, 5812, 1847, 2359, 4411, 1212, 4926, 4801, 3778, 5827, 833, 3400, 1480, 202, 2762, 6988, 7502, 2255, 5971, 4436, 2654, 7006, 4192, 3168, 1248, 4497, 5860, 1419, 6251, 4977, 8434, 6027, 5240, 1785, 3194, 3323, 893, 6910]"
0.94,0.0,0.21959698317887344,"[4486, 392, 220, 2505, 5258, 7890, 7618]"
0.74,0.02,0.3241571709051869,"[8454, 2, 132, 4481, 1, 282, 392, 1026, 4488, 1546, 8458, 8460, 141, 1420, 16, 529, 402, 8, 8462, 1556, 4494, 2674, 15, 17, 24, 3227, 150]"
0.65,0.01,0.27859703886391696,"[4642, 2654, 2655, 132, 260, 4359, 4749, 1680, 3323, 6910, 2255, 6802, 7946, 5388, 227, 5860, 5735, 6251, 4474, 5146, 7160, 1785, 5240, 1418, 1419, 6027, 4493, 8590, 6028, 4497, 920, 8093, 7069, 2993, 5460, 8058]"
0.78,0.01,0.3089219917913604,"[7190, 4647, 4141, 6027, 7311, 6802, 8093, 6821, 2993, 920, 188, 8265, 6351, 4990, 705, 7584, 8097, 1443, 6052, 7589, 2472, 4015, 7069]"
0.99,0.0,0.08122207351340482,"[3947, 3135]"
0.67,0.02,0.35544668295265236,"[2054, 7179, 1676, 5134, 4497, 3127, 571, 1606, 42, 175, 54, 59, 64, 7696, 3848, 67, 1092, 70, 590, 97, 1068, 49, 58, 75, 80, 624, 1663, 6037, 62, 1098, 162, 163, 2214, 1326]"
0.88,0.01,0.34282253639412164,"[1, 2, 1026, 2054, 155, 14, 527, 20, 24, 35, 40, 1416, 42]"
0.55,0.01,0.38953758766031443,"[1, 1026, 2054, 1546, 14, 527, 20, 7957, 7190, 8348, 3485, 4254, 676, 932, 5798, 4647, 7589, 4141, 6574, 5167, 3504, 6065, 8498, 7089, 4020, 8117, 3126, 3894, 4664, 441, 3129, 4918, 8632, 5176, 4153, 5689, 5695, 6460, 63, 4160, 6977, 3209, 3522, 4033, 5440, 5013]"
0.64,0.02,0.38629688773297155,"[5251, 904, 2953, 1546, 13, 14, 7069, 172, 1324, 3374, 54, 951, 569, 8506, 58, 1339, 64, 67, 1098, 590, 1231, 1872, 2640, 8144, 4448, 4710, 1128, 1131, 624, 881, 627, 1907, 4468, 4470, 247, 4990, 4139]"
0.98,0.0,0.2087444776150289,"[1, 8026, 3132]"
0.8,0.01,0.32036826529412754,"[32, 35, 1060, 553, 1068, 2605, 6190, 15, 16, 527, 1045, 22, 25, 26, 8447, 4160, 6977, 5698, 3522, 4033, 5447]"
0.99,0.0,0.14059980220981205,"[4493, 8038]"
0.29,0.03,0.4360000612049667,"[75, 76, 588, 80, 2054, 1546, 5938, 3923, 13, 14, 6765, 527, 20, 15, 24, 35, 40, 3497, 171, 1582, 428, 54, 590, 51, 1128, 564, 1094, 198, 1098, 458, 2255, 4305, 5460, 1697, 86, 172, 173, 192, 220, 1254, 231, 2654, 734, 4960, 97, 4192, 227, 5860, 5735, 2538, 6251, 1907, 4468, 1332, 1873, 1324, 247, 555, 4478, 8447, 3845, 8590, 4497, 5013, 920, 8093, 7584, 8097, 1443, 2472, 1461, 2016]"
0.29,0.02,0.40313269236584615,"[1, 2, 8, 15, 1045, 2081, 40, 553, 42, 1068, 49, 54, 58, 59, 62, 67, 1092, 1098, 2123, 77, 590, 80, 5729, 4193, 5251, 132, 4236, 4749, 1248, 5860, 8422, 1785, 5370, 3323, 6910, 769, 4354, 260, 1285, 4359, 7946, 5898, 5388, 271, 2327, 6428, 4901, 7469, 1326, 1841, 1842, 1847, 4411, 4926, 833, 3402, 7502, 5971, 1165, 893, 1928, 5512, 1418, 6027, 1419, 4493, 8590, 6028, 4497, 920, 8093, 7069]"
0.24,0.02,0.3464161043941183,"[1792, 6657, 5640, 7311, 5966, 7069, 7589, 6821, 1339, 1993, 8265, 2640, 1746, 3923, 1626, 4448, 4960, 5858, 101, 4065, 6118, 3582, 2537, 3562, 70, 1847, 7671, 2359, 4411, 4926, 833, 3400, 6988, 7502, 5971, 5460, 4436, 7006, 8560, 4977, 8058, 893, 5505, 8582, 1928, 5512, 1418, 1419, 6027, 6028, 8590, 4493, 4497, 920, 8093, 7584, 8097, 1443, 6052, 2472, 2477, 4015, 2993, 2994, 7091, 951, 2489, 2107, 8136, 1480, 3021, 8144, 7124, 7638, 1521, 1009, 8177]"
0.97,0.0,0.20126833343222172,"[4486, 362, 75, 4523]"
0.23,0.02,0.3973699808704655,"[8200, 14, 527, 2065, 5143, 24, 4636, 2654, 4192, 5729, 6251, 202, 2255, 3323, 6910, 769, 260, 4359, 7946, 5388, 271, 2327, 6428, 4901, 1836, 7469, 1841, 1842, 1847, 2359, 4411, 4926, 833, 3400, 6988, 7502, 5971, 4436, 7006, 4977, 893, 5505, 1928, 5512, 1418, 1419, 6028, 6027, 8590, 4497, 920, 8093, 7584, 8097, 1443, 6052, 2472, 2477, 4015, 2993, 2994, 7091, 951, 2489, 446, 8136, 1480, 3021, 8144, 7124, 7638, 4065, 1521, 1009, 8177, 7671, 3582, 3289]"
0.58,0.01,0.3014149439919288,"[4642, 2654, 2655, 132, 4749, 1680, 6802, 5460, 3323, 6910, 2255, 8560, 8058, 7761, 260, 4359, 7946, 5388, 271, 2327, 6428, 4901, 1836, 7469, 1841, 1842, 1847, 2359, 4411, 4926, 833, 3400, 6988, 5971, 7502, 7006, 4436, 4977, 893, 4493, 3133, 5240, 3194]"
0.06,0.04,0.4694321787390868,"[1, 2, 1026, 5122, 2054, 1546, 13, 14, 527, 15, 17, 20, 24, 35, 40, 553, 42, 1068, 51, 564, 54, 1094, 1098, 75, 590, 86, 2654, 4192, 97, 5760, 132, 4757, 1697, 162, 172, 173, 1199, 192, 198, 2255, 4305, 220, 734, 227, 231, 8449, 5904, 1299, 276, 806, 807, 808, 1324, 3374, 1332, 824, 1873, 851, 5460, 856, 4960, 1904, 881, 1907, 4468, 4470, 4472, 4473, 889, 4475, 4476, 4478, 5505, 386, 4483, 4484, 4486, 904, 4489, 1418, 4490, 906, 4492, 4493, 4495, 4496, 402, 914, 3490, 4529, 433, 1461, 951, 442, 458]"
0.1,0.03,0.43928082128377566,"[5640, 527, 15, 7699, 6677, 25, 4642, 36, 1582, 51, 564, 54, 1094, 1098, 75, 590, 86, 2654, 4192, 97, 141, 7311, 6802, 1697, 6821, 171, 172, 173, 192, 198, 2255, 4305, 220, 734, 227, 231, 8463, 1299, 276, 806, 807, 808, 1324, 3374, 1332, 5460, 4960, 5505, 7048, 2442, 1419, 6027, 8588, 8590, 4495, 2448, 4497, 2961, 6547, 6035, 5013, 406, 920, 8604, 8093, 7584, 7073, 8097, 1443, 2466, 7589, 4006, 2472, 3497, 2985, 1963, 428, 2477, 1455, 436, 1461, 5565, 458, 2510, 5073, 7134, 2017, 2531, 996, 484, 6123]"
0.43,0.01,0.35313329055809417,"[2993, 7552, 1418, 1684, 6028, 8590, 5143, 24, 920, 2327, 4636, 6428, 8093, 3232, 4901, 8360, 4561, 7469, 1841, 1970, 1842, 5812, 1847, 2359, 4411, 1212, 4926, 4801, 3778, 5827, 833, 3400, 1480, 202, 2762, 6988, 7502, 2255, 5971, 4436, 2654, 7006, 4192, 3168, 1248, 4497, 5860, 1419, 6251, 4977, 8434, 6027, 5240, 1785, 3194, 3323, 893, 6910]"
0.56,0.02,0.37497822314648976,"[6662, 1680, 1026, 132, 1, 8454, 3691, 4488, 1546, 8458, 8460, 141, 1420, 8, 16, 1553, 529, 402, 8462, 1556, 4494, 17, 24, 150, 3227, 1694, 1697, 1443, 36, 807, 171, 428, 1582, 51, 564, 1332, 54, 5904, 192, 590, 360, 1904, 881, 2674, 7683]"
0.31,0.01,0.3921505410015693,"[1928, 5512, 1418, 1419, 5010, 3987, 5013, 7445, 7957, 7190, 8348, 3485, 4254, 676, 932, 5798, 4647, 7589, 949, 1450, 7083, 7082, 4141, 6574, 5167, 3504, 6065, 8498, 7089, 4020, 8117, 3126, 3894, 4664, 441, 3129, 4918, 8632, 5176, 4153, 5689, 5695, 6460, 63, 4160, 6977, 5698, 3522, 4033, 1989, 3144, 1480, 3658, 1993, 452, 6598, 2506, 3030, 3544, 4571, 8165, 6118, 1462, 7532, 877, 8179, 3062, 2039, 5887, 1619]"
0.24,0.03,0.42100196878913,"[4486, 392, 220, 2505, 5258, 7890, 7618, 1315, 5668, 5797, 7459, 582, 1098, 75, 588, 76, 2126, 86, 5216, 614, 1128, 632, 127, 806, 3227, 2238, 165, 8, 171, 192, 208, 851, 209, 8447, 5653, 8456, 8459, 8460, 8463, 1299, 290, 856, 1369, 370, 4474, 382, 4485, 904, 4489, 4490, 4495, 4496, 428, 3507, 1461, 1873, 17, 951, 4538, 1987, 5065, 1443, 1332, 15, 458, 231, 1013, 1026, 13, 2, 144, 1697, 808, 172, 1324, 433, 442]"
0.67,0.01,0.30346256982228037,"[5505, 4354, 1285, 1928, 5512, 1418, 1419, 4236, 6027, 6028, 7311, 8590, 4497, 1684, 920, 8093, 3232, 8360, 4523, 1970, 5812, 1212, 4801, 3778, 5827, 1480, 2762, 3168, 1248, 5860, 8434, 1785, 5370, 3123]"
0.78,0.02,0.31409784410044084,"[664, 2, 132, 4481, 1, 282, 392, 1026, 4488, 1546, 8458, 8460, 141, 1420, 16, 529, 402, 8462, 1556, 4494, 2674, 15, 8]"
0.09,0.02,0.3557070741596662,"[1025, 3078, 2571, 5649, 6674, 2774, 6172, 5668, 7214, 4144, 1075, 4149, 3128, 4665, 3135, 2120, 5707, 594, 2660, 5732, 108, 8300, 5232, 3184, 5239, 638, 6281, 3725, 5774, 4249, 6812, 5277, 5792, 5797, 3758, 6833, 1213, 193, 6346, 7372, 6871, 2775, 7897, 3294, 224, 7905, 3810, 5865, 5363, 4346, 5882, 768, 3344, 4882, 5907, 2841, 1315, 7459, 3880, 2345, 7982, 815, 316, 5448, 2381, 7502, 5969, 8018, 1874, 6996, 6998, 7511, 7517, 4958, 4449, 356, 2917, 8567, 888, 8058, 4474, 8595, 2451, 2965, 3991, 928, 5538, 1450, 7083, 7082, 6574, 949]"
0.13,0.02,0.35228780755823297,"[1025, 3078, 2571, 5649, 6674, 8211, 6172, 5668, 1271, 4144, 1075, 4149, 3128, 4665, 3135, 2120, 5707, 594, 2660, 5732, 108, 8300, 5232, 3184, 5239, 638, 6281, 3725, 5774, 4249, 6812, 5277, 5792, 5797, 3758, 6833, 1213, 193, 6346, 7372, 6871, 2775, 7897, 3294, 224, 7905, 3810, 5865, 5363, 4346, 5882, 768, 3344, 4882, 5907, 2841, 1315, 7459, 3880, 2345, 7982, 815, 316, 5448, 2381, 7502, 5969, 8018, 1874, 6996, 6998, 7511, 7517, 4958, 4449, 356, 2917, 8567, 888, 8058, 4474, 8595, 2451, 2965, 3991, 928, 5538, 6574]"
0.73,0.01,0.2877399571197031,"[4523, 6988, 3021, 7502, 6910, 4015, 2994, 8144, 1970, 7091, 5971, 4436, 7006, 2255, 5860, 8434, 951, 5370, 446, 893, 2762, 1480, 4048, 914, 6028, 4493, 920, 1443]"
0.75,0.01,0.2971812260029637,"[4523, 5127, 247, 1553, 8559, 624, 8454, 382, 881, 294, 1907, 4468, 4470, 8456, 1296, 392, 8455, 4478, 2640, 8144, 4448, 4990, 8506, 920, 1443, 4493]"
0.33,0.03,0.41114609934209656,"[8454, 2, 132, 4481, 1, 282, 392, 1026, 4488, 1546, 8458, 8460, 141, 1420, 16, 529, 402, 8, 8462, 1556, 4494, 2674, 7834, 162, 24, 172, 173, 1199, 806, 4139, 171, 428, 163, 1332, 951, 3507, 4537, 582, 5065, 1324, 3529, 5938, 318, 851, 8463, 4495, 856, 5216, 614, 1904, 4459, 4497, 632, 382, 4491, 8078, 413, 3490, 1443, 429, 433, 946, 2993, 1461, 442, 458, 2016, 2026]"
0.48,0.02,0.3470999321938636,"[1324, 1928, 5512, 1418, 1419, 8456, 4489, 4490, 5904, 5010, 3987, 1299, 5013, 7445, 7957, 7190, 1582, 276, 8348, 3485, 4254, 676, 932, 5798, 4647, 7589, 428, 4141, 6574, 5167, 3504, 6065, 8498, 7089, 4020, 8117, 3126, 3894, 4664, 441, 3129, 4918, 51, 1461, 54, 192, 590, 172, 1332, 889, 4476, 4477, 4478]"
0.21,0.03,0.42960487358180555,"[904, 2, 8, 5251, 15, 1045, 2081, 7069, 40, 553, 42, 1068, 49, 54, 58, 59, 62, 67, 1092, 1098, 2123, 77, 590, 80, 5729, 4193, 132, 4236, 4749, 1248, 5860, 8422, 1785, 5370, 3323, 6910, 769, 4354, 260, 1285, 4359, 7946, 5898, 5388, 271, 2327, 6428, 4901, 7469, 1326, 1841, 1842, 1847, 25, 4926, 833, 3402, 7502, 5971, 7006, 893, 1928, 5512, 1418, 6027, 1419, 4493, 8590, 6028, 4497, 920, 8093, 7584, 8097, 1443, 6052, 2472, 4015, 4020, 8133]"
0.99,0.0,0.15031367795894202,"[4493, 2278]"
0.88,0.01,0.2824271411297826,"[4481, 2, 1026, 132, 1, 8454, 392, 4488, 1546, 8458, 8460, 1420, 24]"
0.86,0.01,0.3401618189501652,"[1, 65, 1026, 2054, 155, 14, 527, 20, 24, 35, 40, 1416, 42, 3582, 3992]"
0.36,0.02,0.40069078752257037,"[2993, 7552, 4359, 8200, 5898, 13, 14, 527, 271, 2065, 1045, 5143, 24, 2327, 6428, 2081, 3490, 163, 4901, 1443, 806, 40, 553, 42, 4139, 428, 1068, 171, 1199, 172, 433, 7469, 1841, 1332, 1461, 54, 951, 1842, 4538, 2762, 3416, 3923, 360, 7529, 1904, 881, 370, 1907, 4468, 4470, 4472, 833, 3400, 8136, 6988, 5909, 7502, 6948, 8144, 5971, 7124, 7638, 7006, 8560, 4977]"
0.9,0.0,0.28333825936171264,"[1026, 2, 8, 7087, 5010, 3987, 5013, 1270, 4217, 5626, 4990]"
0.63,0.02,0.4251035256315676,"[1, 1096, 2054, 1546, 14, 527, 20, 24, 35, 40, 553, 42, 1068, 54, 67, 590, 1697, 1131, 1128, 38, 904, 1098, 1872, 141, 172, 12, 627, 58, 1231, 64, 951, 8451, 36, 31, 1556, 569, 1324, 3374]"
0.61,0.01,0.3596908854736899,"[5724, 769, 5505, 8200, 7946, 202, 14, 527, 2065, 5143, 24, 4636, 2654, 4192, 6251, 5240, 3194, 4236, 7311, 1684, 3232, 8360, 5812, 1212, 192, 1970, 4801, 3778, 5827, 2762, 2255, 1248, 5860, 8434, 1785, 5370, 3323, 6910, 4354, 1285]"
0.24,0.02,0.4141721898168911,"[1, 1026, 2054, 1546, 14, 527, 20, 7190, 4647, 4141, 5167, 8348, 4254, 676, 5798, 3289, 7957, 2327, 6428, 4901, 1836, 7469, 1841, 1842, 1847, 2359, 4411, 4926, 833, 3400, 6988, 7502, 5971, 4436, 7006, 4977, 893, 5505, 1928, 5512, 1418, 1419, 6028, 6027, 8590, 4497, 920, 3485, 8093, 7584, 8097, 1443, 932, 7589, 6052, 2477, 6574, 4015, 3504, 2993, 2994, 7091, 951, 2489, 446, 8136, 1480, 3021, 8144, 7124, 7638, 4065, 1521, 1009, 8177, 7671, 3582]"
0.88,0.0,0.25018532584540343,"[1, 2, 8451, 1096, 1480, 3658, 1993, 8165, 6118, 1462, 8179, 5887, 3981]"
0.9,0.0,0.22865696058390395,"[4481, 2, 7087, 1026, 5010, 3987, 5013, 1270, 4217, 5626, 2081]"
0.53,0.02,0.43931351897967963,"[1026, 1925, 2054, 5257, 1546, 5370, 12, 5262, 7309, 17, 1299, 1684, 5781, 276, 31, 32, 3232, 1443, 38, 8360, 1324, 3374, 1199, 5938, 5812, 1847, 442, 7482, 1212, 318, 192, 4801, 3778, 713, 3405, 1231, 3323, 7890, 851, 4317, 1248, 1254, 8422, 3056, 1785, 3194, 5755, 6910]"
0.96,0.0,0.2382618166511975,"[3947, 8618, 24, 3227, 150]"
0.75,0.01,0.3102429373148854,"[1037, 1068, 7729, 3127, 571, 1606, 3703, 7755, 7759, 4176, 8537, 2139, 2654, 4192, 231, 1128, 6251, 5484, 4848, 624, 627, 247, 5240, 6907, 124, 5510]"
0.22,0.03,0.4322985304903253,"[7073, 7589, 6802, 5640, 7311, 6821, 527, 141, 15, 7699, 4497, 8590, 6677, 5013, 25, 920, 8463, 8093, 1697, 4642, 36, 4006, 3497, 171, 1324, 172, 7584, 8097, 1582, 173, 2472, 428, 51, 1443, 564, 1332, 54, 1461, 192, 1094, 198, 1098, 75, 458, 590, 2255, 4305, 1873, 86, 220, 2603, 2654, 734, 97, 4192, 227, 1299, 276, 806, 807, 231, 808, 3374, 824, 1907, 4468, 4960, 851, 856, 4478, 1904, 881, 4470, 4472, 4473, 889, 5505, 4493, 951]"
0.5,0.02,0.34731836356829815,"[1, 1026, 2, 132, 3716, 6281, 8458, 138, 1418, 13, 141, 15, 16, 5774, 6027, 1419, 4749, 4493, 8590, 4497, 920, 4249, 6812, 5277, 7069, 8093, 5792, 5797, 3758, 6833, 1075, 4149, 3128, 4665, 1213, 3135, 193, 2120, 6346, 5707, 594, 2660, 5732, 108, 8300, 5232, 3184, 5239, 6028, 638, 6730]"
0.25,0.03,0.44791654983847773,"[5760, 1, 2, 1026, 5122, 132, 2054, 8449, 1928, 5512, 1546, 1419, 6028, 13, 14, 527, 15, 17, 5904, 1299, 20, 4757, 276, 8590, 24, 4497, 920, 8093, 7584, 1697, 162, 35, 8097, 806, 807, 40, 553, 42, 808, 1068, 172, 173, 1199, 51, 564, 54, 4926, 192, 833, 5444, 1094, 198, 3400, 1098, 75, 6988, 590, 2255, 7502, 4305, 5971, 4436, 86, 220, 2654, 734, 4192, 97, 7006, 227, 1418, 231, 4977, 6027, 893, 3384]"
0.85,0.01,0.3390903817195168,"[1, 1026, 35, 2054, 553, 1546, 1068, 14, 527, 16, 1045, 22, 25, 26, 8447, 696]"
0.57,0.02,0.3828937848345927,"[8449, 2, 8451, 1, 382, 8454, 8455, 904, 8456, 1546, 12, 392, 141, 14, 527, 1296, 1553, 4478, 4476, 20, 1556, 276, 24, 920, 31, 1697, 35, 36, 713, 1443, 1254, 1299, 1913, 5938, 318, 1847, 1324, 3374, 851, 3405, 4317, 1248, 8422, 3056]"
0.04,0.02,0.3980782448924408,"[5729, 769, 5505, 8200, 7946, 202, 14, 527, 2065, 5143, 24, 4636, 2654, 4192, 6251, 5240, 3194, 4236, 7311, 1684, 3232, 8360, 5812, 1212, 192, 4801, 3778, 5827, 1970, 1248, 4354, 1285, 2762, 8434, 1785, 5370, 3323, 6910, 5860, 2255, 4359, 5388, 271, 2327, 6428, 4901, 1836, 7469, 1841, 1842, 2900, 2359, 4411, 4926, 260, 833, 3400, 4977, 1928, 2489, 7124, 7638, 4065, 1521, 893, 1009, 8177, 6988, 5971, 7006, 4436, 7502, 5512, 1418, 1419, 6027, 4493, 8590, 6028, 4497, 920, 8093, 7069, 7584, 8097, 1443, 6052, 2472, 4015, 2994, 7091, 951, 446, 8136, 1480, 3021, 8144]"
1.0,0.0,0.032328124364593536,[2278]
0.62,0.02,0.41202987563310844,"[8451, 2054, 904, 1546, 12, 4493, 14, 527, 141, 20, 1556, 24, 31, 1697, 35, 36, 38, 40, 553, 42, 1068, 172, 1324, 3374, 54, 951, 569, 58, 64, 67, 1096, 1098, 590, 1231, 1872, 1128, 1131, 627, 5011]"
0.35,0.02,0.40517592989854545,"[7552, 1285, 4359, 8200, 5898, 13, 14, 527, 271, 2065, 1045, 5909, 5143, 24, 2327, 6428, 2081, 3490, 163, 6948, 4901, 1443, 806, 40, 553, 42, 4139, 1068, 7469, 171, 1199, 428, 1841, 1842, 172, 433, 1332, 54, 1461, 951, 4538, 833, 3400, 8136, 2762, 6988, 7502, 8144, 3923, 5971, 7124, 7638, 3416, 7006, 360, 7529, 1904, 881, 370, 8560, 4977, 1907, 4470, 4468, 4472, 4588]"
0.3,0.02,0.37249143488025993,"[2054, 1546, 1418, 4493, 5262, 4749, 1419, 1680, 8590, 6802, 6028, 4642, 4497, 920, 8093, 7069, 6027, 2993, 4305, 5460, 1406, 4960, 2255, 4192, 227, 5735, 6251, 4474, 7160, 1785, 8058, 3030, 3323, 8434, 5013, 6910, 4048, 1016, 1461, 1245, 458, 2016, 7171, 5860, 7615, 7671, 7584, 3582, 8097, 6052, 2472, 8136, 6988, 3021, 7502, 5512, 8144, 5370, 893, 1443, 4015, 5971, 7006, 4436, 2994, 1970, 7091, 951, 446, 1480, 2762]"
0.71,0.01,0.2774531472159074,"[1928, 5512, 1418, 1419, 8456, 4489, 4490, 5904, 5010, 3987, 1299, 5013, 7445, 7957, 7190, 276, 8348, 3485, 4254, 676, 932, 5798, 4647, 7589, 1324, 1582, 7671, 8441, 254, 2428]"
0.45,0.03,0.47367082672839156,"[5763, 5257, 4236, 15, 16, 527, 24, 920, 2714, 32, 3490, 35, 1060, 1443, 40, 553, 42, 1068, 2605, 6190, 172, 1199, 429, 433, 2993, 1332, 946, 54, 951, 1461, 4538, 442, 67, 3013, 582, 458, 75, 2126, 590, 851, 600, 856, 1375, 5216, 97, 1121, 2016, 614, 1128, 632, 1904, 5240, 3194, 124, 382, 5105]"
0.9,0.0,0.2527020012387331,"[1, 2, 8451, 1096, 1480, 3658, 1993, 8165, 6118, 3774, 4990]"
0.28,0.02,0.393349527898714,"[5505, 2, 1, 260, 1285, 4354, 4359, 8200, 1928, 7946, 1418, 4236, 5388, 14, 527, 7311, 2065, 271, 6028, 3220, 1684, 8590, 5143, 24, 920, 2327, 4636, 6428, 8093, 3232, 4901, 8360, 1836, 7469, 1841, 1970, 1842, 5812, 1847, 2359, 4411, 1212, 4926, 4801, 3778, 5827, 833, 3194, 3400, 202, 2762, 6988, 7502, 2255, 5971, 2132, 4436, 7006, 4192, 3168, 1248, 4497, 5860, 6251, 4977, 8434, 6027, 1785, 5370, 3323, 893, 6910, 7039]"
0.4,0.03,0.48103166029695243,"[1026, 2, 132, 8, 13, 14, 15, 527, 17, 1553, 16, 144, 24, 25, 26, 920, 30, 162, 35, 163, 165, 2214, 3490, 40, 553, 1443, 171, 1068, 173, 172, 49, 433, 1332, 1461, 54, 951, 58, 442, 62, 190, 67, 1092, 70, 582, 1094, 1098, 75, 2250, 590, 1231, 80, 458, 851, 214, 856, 97, 614, 624, 1904, 382, 1663]"
0.94,0.0,0.1655741931974437,"[4493, 2288, 8093, 7069, 2993, 5460, 8058]"
0.98,0.0,0.1804641643845002,"[4486, 3369, 3919]"
0.9,0.01,0.34157924778558657,"[1175, 1026, 2, 8, 13, 14, 15, 527, 17, 1553, 24]"
0.83,0.01,0.3622189224939738,"[3232, 1, 1026, 35, 2054, 40, 553, 1546, 4236, 14, 527, 7311, 20, 1684, 24, 3194, 5240, 3273]"
0.29,0.02,0.363521001440964,"[5729, 769, 5505, 8200, 7946, 202, 14, 527, 2065, 5143, 24, 4636, 2654, 4192, 6251, 5240, 3194, 4236, 7311, 1684, 3232, 8360, 5812, 1212, 192, 1970, 4801, 3778, 5827, 2762, 2255, 1248, 5860, 8434, 1785, 5370, 3323, 6910, 4354, 1285, 4359, 5388, 271, 2327, 6428, 4901, 1836, 7469, 1841, 1842, 1848, 2359, 4411, 4926, 260, 833, 6988, 7502, 5971, 4436, 7006, 3400, 4977, 893, 1418, 1928, 5512, 1419, 6027, 6028, 8590, 4497]"
0.94,0.01,0.25909008159722124,"[4481, 2, 1, 132, 664, 282, 2578]"
0.44,0.02,0.3795904731911547,"[1026, 2, 8, 1418, 1419, 6027, 13, 14, 15, 527, 4497, 24, 6428, 4636, 8093, 3232, 4901, 8360, 7469, 1841, 1970, 1842, 5812, 1847, 2359, 4411, 1212, 4926, 4801, 3778, 5827, 833, 3400, 1480, 202, 2762, 6988, 7502, 2255, 4561, 5971, 4436, 2654, 7006, 4192, 3168, 1248, 5860, 6251, 4977, 8434, 5240, 1785, 3194, 3323, 893, 6910]"
0.67,0.02,0.3784796125852522,"[2278, 1420, 31, 16, 1553, 529, 402, 8462, 1556, 4494, 17, 24, 150, 3227, 1694, 1697, 1443, 36, 807, 171, 428, 1582, 51, 564, 1332, 54, 5904, 192, 590, 360, 1904, 881, 2674, 7683]"
0.46,0.01,0.35183085469625164,"[2054, 1842, 7179, 1676, 5134, 5010, 3987, 5013, 7445, 7957, 7190, 8348, 3485, 4254, 676, 932, 5798, 4647, 7589, 4141, 6574, 5167, 1841, 6065, 8498, 7089, 4020, 8117, 3126, 3894, 441, 3129, 4918, 8632, 4664, 1970, 5812, 1847, 4160, 6977, 5698, 3522, 4033, 1989, 3144, 1480, 3658, 1993, 2359, 8165, 6118, 1462, 877, 8179, 5887]"
0.87,0.01,0.3138822377202759,"[1, 1026, 35, 553, 1068, 2605, 6190, 15, 527, 16, 1045, 22, 25, 8447]"
0.96,0.0,0.19070074487350763,"[3947, 1680, 2993, 92, 6802]"
0.74,0.01,0.3476298532459807,"[1037, 5904, 162, 1068, 173, 1199, 7729, 54, 3127, 571, 67, 197, 192, 1606, 8136, 1480, 713, 7755, 6988, 3021, 7759, 4176, 8029, 2140, 1231, 7502, 2640]"
0.3,0.02,0.368963155154566,"[1, 2, 8451, 1096, 1480, 3658, 1993, 8165, 6118, 1462, 8179, 5887, 3981, 8360, 5812, 1212, 4801, 3778, 1847, 5827, 202, 2762, 2255, 1248, 5860, 8434, 1785, 5370, 3323, 6910, 769, 6001, 260, 1285, 192, 3275, 7946, 5388, 271, 2327, 6428, 4901, 1836, 7469, 1841, 1842, 2359, 4411, 4926, 833, 3400, 6988, 7502, 5971, 4436, 7006, 4977, 893, 5444, 1928, 5512, 1418, 1419, 6028, 6027, 8590, 4497, 920, 8093, 7584, 8097]"
0.46,0.03,0.3898255516473723,"[4481, 2, 1, 132, 1026, 8454, 392, 4488, 1546, 8458, 8460, 141, 1420, 16, 8, 1553, 529, 402, 8462, 1556, 4494, 17, 24, 150, 3227, 1694, 36, 807, 1582, 51, 914, 54, 1443, 428, 171, 5904, 1332, 1697, 590, 360, 1904, 881, 2674, 1907, 4468, 4470, 370, 4472, 889, 124, 6910, 192, 1324, 433, 442]"
0.99,0.0,0.03746248449504852,"[2993, 842]"
0.99,0.0,0.20274657972854504,"[2278, 38]"
0.27,0.03,0.40343069868531223,"[4481, 2, 1026, 132, 1, 8454, 4354, 392, 4488, 1546, 8458, 8460, 141, 1420, 8, 16, 1553, 529, 402, 8462, 1556, 4494, 17, 24, 150, 4497, 3227, 920, 8093, 1694, 3232, 1697, 1443, 36, 807, 8360, 171, 428, 1582, 1970, 51, 564, 1332, 54, 5904, 5812, 5505, 1212, 192, 4801, 3778, 5827, 1285, 1480, 2762, 590, 8590, 1418, 3168, 1248, 6028, 5860, 1928, 1419, 360, 1904, 881, 2674, 370, 8434, 6027, 1785, 5370, 6910]"
0.28,0.02,0.4045753081399305,"[5505, 2, 1, 260, 1285, 4354, 4359, 8200, 1928, 7946, 1418, 4236, 5388, 14, 527, 7311, 2065, 271, 6028, 3220, 1684, 8590, 5143, 24, 920, 2327, 4636, 6428, 8093, 8263, 4901, 8360, 1836, 7469, 1841, 1970, 1842, 5812, 1847, 2359, 4411, 1212, 2124, 4801, 3778, 5827, 833, 3194, 3400, 202, 2762, 6988, 7502, 2255, 5971, 2132, 3677, 7006, 4192, 2104, 1248, 4497, 4034, 6251, 4977, 8434, 6027, 1785, 5370, 3323, 3303, 6910, 7039]"
0.45,0.02,0.4718565718214043,"[5763, 1928, 5512, 1418, 1419, 5257, 4236, 5010, 3987, 24, 920, 2714, 32, 3490, 35, 1443, 40, 553, 42, 1068, 172, 429, 1199, 433, 2993, 946, 1332, 1461, 54, 951, 4538, 442, 67, 3013, 582, 458, 75, 2126, 590, 851, 600, 856, 1375, 5216, 97, 1121, 2016, 614, 1128, 632, 1904, 5240, 3194, 124, 382, 8635]"
0.97,0.0,0.1733354216909635,"[7073, 7589, 8458, 1096]"
0.72,0.01,0.3198283118450409,"[8456, 4489, 4490, 1037, 5904, 1299, 276, 162, 1068, 173, 1582, 1199, 1324, 7729, 54, 3127, 571, 192, 67, 197, 1606, 8136, 1480, 713, 7755, 6988, 8441, 2428, 254]"
0.85,0.01,0.33261186746818017,"[32, 35, 1060, 553, 1068, 2054, 1546, 14, 16, 64, 1045, 22, 25, 26, 8447, 527]"
0.49,0.02,0.3554653490830443,"[4481, 2, 1, 132, 1026, 8454, 392, 4488, 1546, 8458, 8460, 141, 1420, 8, 8462, 1553, 529, 402, 1556, 4494, 2454, 15, 16, 17, 24, 3227, 1694, 36, 3128, 4665, 1213, 575, 3135, 193, 13, 1094, 2120, 6346, 5707, 6730, 4493, 594, 2660, 5732, 108, 8300, 5232, 3184, 5239, 6028, 638, 5937]"
0.39,0.03,0.4880959821383548,"[1, 2054, 904, 1546, 12, 141, 14, 527, 20, 24, 1697, 162, 35, 163, 165, 38, 2214, 40, 553, 42, 3490, 1068, 172, 171, 173, 49, 433, 1332, 1461, 54, 951, 58, 442, 62, 190, 67, 1092, 70, 582, 1096, 1094, 1098, 75, 2250, 458, 590, 1231, 1872, 80, 851, 214, 856, 1443, 97, 614, 1128, 1131, 624, 1904, 382, 1663, 4315]"
0.09,0.03,0.43109517659870444,"[2993, 7552, 1418, 1684, 6028, 874, 5643, 920, 24, 2327, 1553, 16, 25, 26, 30, 35, 2999, 553, 1068, 49, 54, 58, 62, 582, 1094, 590, 67, 1092, 861, 97, 1098, 75, 77, 614, 80, 1663, 144, 5507, 162, 163, 165, 2214, 171, 172, 173, 190, 132, 1419, 2250, 1231, 214, 6027, 220, 231, 8446, 8459, 1804, 8460, 8463, 1299, 276, 806, 808, 2682, 7027, 5505, 1928, 5512, 2442, 8588, 7048, 2961, 6547, 6035, 406, 8604, 2466, 2985, 1963, 2477, 1455, 436, 1514, 2510, 5073, 7134, 2017, 2531, 996, 484, 6123, 2448]"
0.92,0.0,0.2724595563948641,"[7552, 1285, 4359, 1173, 5898, 13, 14, 527, 271]"
0.42,0.02,0.4072310457259083,"[1, 1026, 2, 8, 1419, 6027, 13, 14, 15, 527, 17, 1553, 4497, 24, 30, 31, 32, 35, 38, 40, 553, 4139, 1068, 1582, 49, 51, 54, 4411, 1212, 4926, 4801, 3778, 5827, 833, 3400, 1480, 202, 2762, 6988, 7502, 2255, 5971, 4436, 2654, 7006, 4192, 3168, 1248, 5860, 6251, 4977, 8434, 5240, 1785, 3194, 3323, 893, 6910, 7244]"
0.9,0.0,0.22693581154070142,"[132, 260, 4359, 7946, 1418, 5388, 4749, 1419, 6027, 7274, 4493]"
0.54,0.02,0.42707345024597765,"[4486, 392, 8, 1546, 8460, 527, 16, 17, 1553, 20, 1299, 276, 24, 25, 26, 30, 35, 1443, 40, 553, 42, 428, 173, 1068, 3374, 49, 54, 58, 442, 62, 67, 1092, 70, 75, 590, 1231, 851, 220, 4317, 1248, 1254, 8422, 3056, 1785, 3194, 5755, 6910]"
0.77,0.01,0.2730150105956115,"[6028, 8590, 4497, 6802, 920, 5146, 4642, 38, 2255, 2256, 2654, 2655, 227, 5860, 2278, 5735, 6251, 7160, 1785, 4474, 3323, 5240, 6910, 8577]"
0.29,0.03,0.4233027586862893,"[4486, 392, 8, 1546, 527, 8460, 15, 16, 17, 1553, 24, 20, 25, 26, 428, 54, 173, 30, 220, 35, 851, 590, 40, 553, 75, 42, 1068, 49, 58, 62, 67, 1092, 70, 1094, 582, 1098, 77, 80, 97, 614, 624, 1663, 132, 144, 162, 163, 165, 2214, 171, 172, 190, 2250, 1231, 214, 231, 8446, 8459, 1804, 8463, 1299, 276, 806, 808, 1326, 3374, 1332, 824, 1873, 856, 1904, 881, 1907]"
0.24,0.02,0.3538164515643426,"[768, 1025, 4478, 3078, 6281, 2571, 3725, 5774, 3344, 5649, 5240, 3194, 5251, 4236, 7311, 1684, 3232, 8360, 5812, 1212, 192, 4801, 3778, 5827, 8058, 5505, 8582, 2477, 2993, 2107, 7124, 1928, 5512, 1418, 1419, 6025, 6028, 8590, 4493, 4497, 920, 7069, 8093, 7584, 8097, 1443, 7502, 6052, 2472, 4015, 2994, 7091, 1847, 2359, 4411, 4926, 833, 3400, 5971, 4436, 7006, 4977, 893, 6988, 951, 2489, 8136, 1480, 3021, 8144, 7638, 4065, 1521, 1009, 8177, 7671, 3582]"
0.65,0.01,0.3916006886589064,"[7552, 1285, 4359, 8200, 5898, 13, 14, 527, 271, 2065, 1045, 2941, 5143, 24, 2327, 6428, 2081, 3490, 163, 6948, 4901, 1443, 806, 40, 553, 42, 4139, 8590, 6028, 4497, 920, 8093, 7069, 2993, 5460, 8058]"
0.26,0.02,0.4803631325920109,"[1792, 6657, 5505, 1285, 5640, 1928, 1418, 1419, 6028, 6027, 8590, 7311, 5904, 6802, 920, 7069, 8093, 1694, 3232, 1697, 1443, 36, 7589, 6821, 807, 8360, 171, 428, 1582, 1970, 51, 564, 1332, 54, 5812, 1339, 1212, 192, 4801, 3778, 5827, 1480, 1993, 8265, 2762, 590, 6910, 2640, 1746, 3923, 1626, 4448, 4960, 5858, 4065, 3168, 101, 6118, 1248, 5860, 2537, 3562, 3947, 360, 1904, 881, 2674, 370, 8434, 1270, 7671, 1785, 5370, 3582, 4047]"
0.89,0.0,0.248538583164008,"[4642, 2654, 2655, 132, 260, 4359, 4749, 1680, 3330, 6910, 2255, 5735]"
0.98,0.0,0.062118342088250844,"[842, 6662, 4432]"
0.73,0.01,0.3417448699026373,"[5763, 1928, 4490, 1037, 5904, 1299, 276, 162, 1324, 1582, 1068, 1199, 7729, 54, 3127, 571, 192, 67, 197, 1606, 8136, 1480, 713, 7755, 6988, 8441, 2428, 254]"
0.33,0.03,0.4628178837857001,"[1026, 2, 132, 8, 13, 14, 15, 527, 17, 1553, 16, 144, 24, 25, 26, 920, 30, 162, 35, 163, 165, 2214, 3490, 40, 555, 49, 171, 1068, 173, 172, 58, 433, 1332, 1461, 54, 951, 1443, 442, 62, 190, 67, 1092, 70, 582, 1094, 1098, 75, 2250, 590, 1231, 80, 214, 851, 458, 856, 97, 614, 1420, 1904, 382, 8078, 4494, 413, 429, 946, 2993, 2016, 2026]"
0.56,0.02,0.3734369193298308,"[2993, 1680, 1026, 132, 1, 8454, 3691, 4488, 1546, 8458, 8460, 141, 1420, 8, 16, 1553, 529, 402, 8462, 1556, 4494, 17, 24, 150, 3227, 1694, 1697, 1443, 36, 807, 171, 428, 1582, 51, 564, 1332, 63, 5904, 192, 590, 360, 1904, 881, 2674, 7683]"
0.12,0.03,0.43293359613752425,"[2993, 7552, 1418, 1684, 6028, 8590, 5143, 24, 920, 2327, 4636, 6428, 8093, 3232, 4901, 8360, 4561, 7469, 1841, 1970, 1842, 5812, 1847, 2359, 55, 58, 62, 67, 1092, 582, 2741, 75, 588, 76, 2126, 86, 5216, 614, 1128, 632, 127, 144, 3227, 1697, 163, 165, 171, 172, 192, 208, 209, 231, 8447, 8456, 8459, 8460, 8463, 1299, 290, 806, 808, 1324, 1332, 1873, 851, 856, 1369, 1904, 370, 4474, 382, 4485, 904, 4489, 4490, 4495, 4496, 1443, 428, 433, 3507, 1461, 951, 442, 4538, 1987, 5065, 458, 1013]"
0.3,0.02,0.42482922657751143,"[1, 1026, 2, 8, 13, 14, 15, 527, 17, 1553, 24, 379, 31, 32, 35, 38, 40, 553, 124, 1068, 132, 2255, 1248, 5860, 8434, 1785, 5370, 3323, 6910, 769, 6001, 260, 1285, 3275, 7946, 5388, 271, 2327, 6428, 4901, 1847, 1836, 7469, 3400, 6988, 1841, 1842, 2359, 25, 4926, 833, 7502, 5971, 4436, 7006, 4977, 893, 5444, 1928, 5512, 1418, 1419, 6028, 6027, 8590, 4497, 192, 920, 8093, 7584, 8097]"
0.16,0.02,0.38165293603887496,"[8200, 4636, 1101, 2654, 2655, 4192, 5729, 6251, 5240, 3194, 132, 4236, 4749, 7311, 1680, 6802, 1684, 3232, 8360, 5812, 1212, 192, 4801, 3778, 5827, 2762, 202, 2255, 1248, 5860, 8434, 1785, 5370, 3323, 769, 4354, 260, 1285, 4359, 7946, 271, 2327, 6428, 4901, 1836, 7469, 1841, 1842, 1847, 2359, 4411, 4926, 833, 3400, 6988, 7502, 5971, 4436, 7006, 5997, 4977, 893, 5505, 1928, 5512, 1418, 1419, 6028, 6027, 8590, 4493, 4497, 920, 8093, 7584, 8097, 6052, 2472, 4015, 2994, 7091, 1970, 951, 2489, 1480]"
0.21,0.03,0.40357898080727694,"[4481, 2, 1, 132, 8454, 1026, 392, 4488, 1546, 8458, 8460, 141, 1420, 8, 16, 1553, 529, 402, 8462, 1556, 8113, 17, 24, 150, 3227, 1694, 1697, 36, 807, 1443, 171, 428, 1582, 51, 564, 1332, 54, 360, 192, 1904, 590, 5898, 5388, 271, 2327, 6428, 4901, 7469, 1326, 1841, 1842, 6910, 1847, 25, 4926, 833, 904, 3402, 7502, 5971, 7006, 893, 1928, 5512, 1418, 6027, 1419, 4493, 8590, 6028, 4497, 920, 8093, 8376, 8097, 6052, 2472, 4015, 4020, 8133]"
0.22,0.03,0.4317365484294675,"[8456, 4489, 4490, 1037, 5904, 1299, 276, 162, 173, 1068, 1199, 1582, 7729, 3127, 54, 1324, 571, 197, 1606, 8136, 1480, 713, 7755, 6988, 1098, 192, 67, 75, 590, 76, 2126, 86, 5216, 614, 1128, 632, 127, 144, 3227, 1697, 163, 165, 171, 172, 208, 209, 231, 8447, 8459, 8460, 8463, 290, 806, 808, 1332, 1873, 851, 856, 1369, 1904, 370, 4474, 382, 4485, 904, 4495, 4496, 1443, 3052, 433, 3507, 1461, 951, 442, 4538, 1987, 5065, 458, 1013]"
0.88,0.01,0.3452001379174895,"[2278, 30, 31, 32, 35, 38, 40, 553, 328, 1068, 1582, 49, 51]"
0.47,0.02,0.37162830834457683,"[4481, 2, 1, 132, 173, 1199, 7729, 54, 3127, 571, 67, 197, 192, 1606, 8136, 1480, 707, 7755, 6988, 3021, 7759, 4176, 8029, 2126, 1231, 7502, 2640, 8144, 5462, 3923, 600, 851, 3416, 2139, 2654, 4192, 1254, 1128, 360, 7529, 6251, 2762, 172, 1461, 1324, 8456, 4489, 4490, 4476, 889, 4477, 4478, 1299, 276]"
0.69,0.02,0.38230316009515874,"[2993, 7552, 1418, 1684, 6028, 8590, 5143, 920, 24, 2327, 16, 1553, 25, 26, 30, 2999, 553, 49, 35, 54, 58, 1068, 62, 582, 1094, 590, 67, 1556, 70, 97, 1098, 8460]"
0.1,0.03,0.42447438870087817,"[16, 1553, 5143, 24, 25, 26, 30, 35, 553, 1068, 49, 54, 58, 62, 67, 1092, 582, 1094, 1098, 75, 77, 590, 80, 97, 614, 624, 1663, 132, 144, 1684, 162, 163, 165, 2214, 171, 172, 173, 190, 2250, 1231, 214, 220, 231, 8446, 8459, 1804, 8460, 8463, 1299, 276, 2327, 806, 808, 3369, 7027, 5505, 4486, 7048, 1928, 1418, 1419, 6028, 6027, 8590, 8588, 5512, 2961, 4495, 6035, 6547, 2448, 406, 920, 8604, 2466, 2985, 1963, 2477, 1455, 436, 2999, 5565, 2510, 5073, 7134, 2017, 2531, 996, 484, 6123, 2442]"
0.5,0.02,0.4494691805554123,"[4642, 2654, 2655, 132, 260, 4359, 4749, 1680, 3330, 6910, 2255, 5735, 1068, 2605, 6190, 172, 1199, 429, 433, 2993, 1332, 946, 1007, 951, 1461, 4538, 442, 67, 3013, 582, 458, 75, 2126, 590, 851, 600, 856, 1375, 5216, 97, 1121, 2016, 614, 1128, 632, 1904, 5240, 3194, 124, 382, 5105]"
0.86,0.01,0.2942712936543187,"[4481, 2, 1026, 132, 1, 8454, 4354, 392, 4488, 1546, 8458, 8452, 141, 1420, 8]"
0.37,0.03,0.4592830270688988,"[1420, 14, 15, 527, 17, 1553, 16, 144, 8078, 4494, 920, 24, 25, 26, 413, 30, 162, 35, 163, 165, 2214, 3490, 40, 1443, 555, 171, 1068, 173, 172, 429, 49, 433, 946, 1332, 1461, 54, 951, 2993, 58, 442, 62, 3135, 190, 1092, 70, 582, 1094, 1098, 75, 2250, 458, 590, 1231, 80, 851, 214, 856, 2016, 97, 614, 2026, 3947, 1904, 382]"
0.08,0.04,0.44554548048769493,"[1026, 2, 8, 13, 14, 15, 527, 17, 1553, 16, 24, 25, 26, 30, 35, 40, 555, 1068, 49, 54, 58, 62, 67, 1092, 70, 582, 1094, 1098, 75, 590, 80, 97, 614, 132, 144, 162, 163, 165, 2214, 171, 172, 173, 190, 2250, 1231, 214, 8459, 1804, 8460, 8463, 1299, 276, 806, 808, 1332, 7027, 5505, 7048, 1928, 5512, 2442, 8588, 4495, 2448, 2961, 6035, 6547, 406, 920, 8604, 3490, 1443, 2466, 2985, 1963, 2477, 1455, 433, 2993, 436, 1461, 951, 442, 5565, 2510, 5073, 7134, 2017, 2531, 996, 484, 6123, 4157]"
0.61,0.01,0.26411423974901316,"[768, 1025, 4478, 3078, 5010, 3987, 5013, 7445, 7957, 7190, 8348, 3485, 4254, 676, 932, 2801, 4647, 7589, 4141, 6575, 5167, 3504, 6065, 8498, 7089, 4020, 8117, 3126, 3894, 4664, 441, 3129, 4918, 8632, 5176, 4153, 5689, 5695, 6460, 63]"
0.31,0.02,0.39698190955115786,"[1928, 5257, 5370, 5512, 4236, 1037, 7309, 5388, 271, 1418, 1419, 1299, 1684, 6028, 8590, 2327, 4497, 920, 6428, 8093, 3232, 7584, 4901, 8360, 1068, 1836, 7469, 1199, 7729, 1841, 1842, 5812, 3127, 1847, 2359, 571, 1212, 4411, 4926, 192, 4801, 3778, 833, 5444, 1606, 3400, 713, 7755, 6988, 7502, 7759, 4176, 1231, 5971, 4436, 2139, 2654, 7006, 4192, 1248, 1254, 6251, 4977, 6027, 5240, 1785, 3194, 3323, 893, 6910]"
0.98,0.0,0.182262371538484,"[4486, 392, 5651]"
0.34,0.03,0.4303527063259702,"[7552, 382, 132, 1418, 1419, 6028, 6027, 8590, 1420, 16, 1553, 8078, 4494, 1684, 144, 5143, 920, 24, 26, 2327, 25, 413, 30, 162, 35, 163, 165, 2214, 553, 171, 1068, 429, 172, 173, 2993, 49, 946, 2999, 58, 62, 190, 67, 1092, 582, 1094, 70, 1098, 75, 458, 77, 590, 1231, 80, 2250, 851, 214, 856, 220, 2016, 97, 614, 231, 2026, 624, 1904, 8446, 1663]"
0.9,0.01,0.2769165734435687,"[1, 1026, 35, 553, 1418, 5390, 4749, 1419, 6027, 7274, 4493]"
0.38,0.03,0.4660838824375708,"[1, 1026, 8, 2, 13, 14, 15, 1553, 17, 527, 24, 30, 31, 32, 35, 38, 40, 553, 4139, 1068, 1582, 49, 51, 54, 55, 58, 62, 1335, 1092, 582, 1098, 75, 588, 76, 2126, 86, 5216, 614, 1128, 632, 127, 144, 2654, 734, 4960, 97, 4192, 227, 5860, 2016, 1254, 5735, 231, 2538, 6251, 192, 172, 1697, 124, 1324, 1332, 458, 1873]"
0.94,0.0,0.2425678864084152,"[4486, 3369, 1068, 1582, 49, 51, 1480]"
0.96,0.0,0.2780102198158968,"[1, 1026, 35, 553, 3531]"
0.25,0.03,0.4626915357215371,"[15, 16, 527, 24, 32, 35, 1060, 40, 553, 42, 1068, 2605, 6190, 54, 67, 582, 75, 2126, 590, 600, 5216, 97, 1121, 614, 1128, 632, 5240, 3194, 124, 5763, 5257, 4236, 2714, 172, 1199, 1332, 851, 856, 1375, 1904, 8058, 4474, 382, 8595, 2451, 2965, 3991, 920, 928, 3490, 1443, 5538, 1450, 7083, 7082, 429, 6574, 433, 2993, 946, 1461, 949, 4538, 442, 452, 3013, 6598, 458, 2506, 3030, 3544, 4571, 2016, 5105, 3062, 2039]"
0.66,0.02,0.38411676871234046,"[6028, 8590, 2065, 4497, 1045, 5143, 24, 2327, 920, 6428, 8093, 30, 31, 32, 2081, 3490, 35, 163, 6948, 38, 4901, 40, 553, 1443, 806, 42, 1582, 4139, 2993, 328, 5460, 2278, 7069, 8058, 2941]"
0.52,0.01,0.4233833604618784,"[1792, 6657, 5505, 1285, 5640, 1928, 1418, 1419, 6028, 6027, 8590, 7311, 6251, 5240, 3194, 5257, 4236, 7309, 3232, 1684, 1443, 1199, 713, 1231, 1254, 8360, 1299, 276, 1324, 3374, 1925, 5938, 318, 1847, 5812, 851, 1212, 3405, 4317, 8422, 3056, 192, 4934, 4801, 3323, 1248, 6910, 1785, 5370]"
0.09,0.03,0.4091013956009677,"[5505, 2, 1, 260, 1285, 4354, 4359, 8200, 1928, 7946, 1418, 4236, 5388, 14, 527, 7311, 2065, 4999, 6028, 3220, 1684, 4636, 5143, 24, 8590, 2327, 6428, 920, 8093, 8263, 4901, 8360, 1836, 75, 77, 614, 80, 1663, 144, 624, 162, 163, 165, 2214, 171, 172, 173, 190, 132, 1419, 2250, 1231, 214, 220, 231, 8446, 8459, 1804, 8460, 8463, 1299, 276, 806, 808, 4495, 7027, 5512, 2442, 8588, 7048, 2961, 6547, 6035, 6027, 406, 8604, 2466, 2985, 1963, 2477, 1455, 436, 5565, 2510, 5073, 7134, 2017, 2531, 996, 484, 6123, 2448]"
0.49,0.02,0.3581135360910862,"[1037, 5904, 162, 1068, 1026, 8454, 392, 4471, 1546, 8458, 8460, 141, 1420, 8, 8462, 1553, 529, 402, 1556, 4494, 2454, 15, 16, 17, 24, 3227, 1694, 36, 3128, 4665, 1213, 575, 3135, 193, 13, 1094, 2120, 6346, 5707, 6730, 4493, 594, 2660, 5732, 108, 8300, 5232, 3184, 5239, 6028, 638, 5937]"
0.82,0.01,0.3503439866300794,"[1, 2, 1026, 132, 8449, 2054, 1697, 1546, 13, 14, 527, 15, 17, 5904, 20, 4757, 24, 155, 7396]"
0.83,0.01,0.28809358126266316,"[2993, 1835, 1026, 132, 8454, 1, 3691, 4488, 1546, 8458, 527, 7311, 20, 1684, 3194, 5240, 3273, 24]"
0.97,0.0,0.24526915250543924,"[1, 2, 1268, 8175]"
0.91,0.0,0.20776923688771587,"[4359, 7946, 1418, 5388, 4749, 1419, 1680, 6027, 7274, 4493]"
0.19,0.03,0.43782516956123096,"[16, 1553, 529, 24, 31, 35, 40, 553, 42, 1068, 54, 67, 2126, 590, 2640, 600, 1128, 124, 3210, 162, 172, 173, 1199, 192, 197, 713, 2762, 2255, 2278, 1254, 8462, 5904, 1299, 276, 1324, 3374, 5938, 1847, 318, 3923, 851, 5971, 5462, 3416, 360, 7529, 1904, 881, 370, 1907, 4468, 4470, 4472, 889, 4476, 4477, 4478, 901, 906, 7051, 1420, 4491, 4494, 8078, 4492, 4493, 402, 4499, 920, 413, 3490, 1443, 429, 433, 946, 2993, 1461, 442, 458, 8144, 2016, 2026]"
0.57,0.02,0.4364821825124551,"[1, 2, 1026, 132, 8, 1546, 13, 141, 16, 529, 1553, 17, 1556, 144, 150, 24, 25, 3227, 1694, 1697, 162, 163, 36, 165, 2214, 171, 172, 1582, 54, 190, 70, 1094, 582, 1098, 2250, 77, 590, 1231, 80, 97, 614, 624, 1663, 4727]"
0.7,0.02,0.36012143185867496,"[8, 8460, 13, 4493, 14, 15, 527, 17, 1553, 24, 30, 31, 32, 35, 38, 40, 553, 4139, 1068, 1582, 49, 51, 54, 55, 58, 62, 67, 1092, 582, 1098, 6366]"
0.94,0.0,0.24454429909394182,"[132, 260, 2993, 6802, 1651, 3923, 1375]"
0.67,0.02,0.38214423367960504,"[6662, 31, 7683, 1420, 4494, 8462, 16, 1553, 529, 402, 2423, 17, 150, 5904, 24, 3227, 1694, 1697, 1443, 36, 807, 171, 428, 1582, 51, 564, 1332, 54, 192, 590, 360, 1904, 881, 2674]"
0.26,0.02,0.4398637025764266,"[1, 1026, 2, 8, 13, 14, 15, 527, 17, 1553, 24, 30, 31, 32, 38, 4139, 1068, 35, 1582, 40, 553, 49, 51, 5827, 582, 2762, 2255, 1248, 5860, 8434, 1785, 5370, 3323, 6910, 769, 6001, 260, 1285, 4359, 7946, 5388, 271, 2327, 6428, 4901, 1836, 7469, 1841, 1842, 2359, 4411, 4926, 833, 3400, 6988, 7502, 192, 5971, 4436, 7006, 4977, 893, 5444, 1928, 5512, 1418, 1419, 6028, 6027, 8590, 4497, 920, 8093, 7584, 8097]"
0.99,0.0,0.09934713047746957,"[842, 1740]"
0.84,0.01,0.2846710816532949,"[4493, 2605, 6190, 15, 9, 527, 1045, 22, 25, 26, 8447, 4160, 6977, 5698, 3522, 4033, 5447]"
0.79,0.01,0.3258733966202181,"[7552, 132, 1418, 1419, 527, 16, 1045, 22, 25, 26, 35, 553, 1068, 4160, 6977, 5698, 3522, 4033, 5447, 382, 8447, 2615]"
0.83,0.01,0.311597579495863,"[62, 67, 1092, 70, 582, 4488, 1546, 8458, 527, 7309, 20, 1684, 3194, 5240, 3273, 24, 132, 2993]"
0.12,0.03,0.4158138943770344,"[1, 1026, 2, 8, 13, 14, 15, 527, 17, 1553, 24, 25, 31, 32, 35, 38, 40, 553, 1068, 124, 132, 172, 192, 3275, 2255, 1248, 5860, 8434, 1785, 5370, 3323, 6910, 769, 260, 1285, 8456, 7946, 8459, 5388, 8460, 271, 2327, 6428, 4901, 808, 1836, 7469, 1324, 1841, 1842, 1847, 2359, 4926, 833, 5444, 3400, 6988, 7502, 1873, 5971, 4436, 7006, 6001, 4977, 1913, 379, 893, 1928, 5512, 904, 1419, 6028, 1418, 6027, 4489, 4490, 4495, 4496, 1443, 428, 1461, 951, 4538, 442, 1987, 5065, 458, 1013, 2904]"
0.63,0.02,0.4034142487980904,"[132, 6538, 14, 527, 144, 2065, 5143, 24, 3227, 4636, 4642, 162, 163, 165, 2214, 171, 172, 173, 49, 51, 54, 3773, 62, 190, 1094, 1098, 75, 202, 77, 590, 80, 596, 86, 2654, 5729, 97, 624, 1663]"
0.59,0.02,0.4140444709550174,"[4486, 392, 8, 1546, 8460, 527, 16, 17, 1553, 20, 1299, 276, 24, 25, 26, 30, 35, 40, 553, 1443, 42, 173, 1068, 428, 3374, 49, 54, 58, 442, 62, 67, 1092, 70, 75, 590, 1231, 220, 851, 5183, 1248, 382, 8447]"
0.53,0.01,0.4229025592490214,"[1792, 860, 5505, 1285, 5640, 1928, 1418, 1419, 6028, 6027, 8590, 7311, 6251, 5240, 3194, 5257, 4236, 7309, 3232, 1684, 1443, 1199, 713, 1231, 1254, 8360, 1299, 276, 1324, 3374, 1925, 5938, 318, 1847, 5812, 851, 1212, 3405, 4317, 8422, 3056, 192, 4934, 4801, 3323, 1248, 6910, 1785]"
0.03,0.04,0.454412748422086,"[1, 1026, 4222, 1546, 14, 527, 20, 24, 35, 40, 553, 42, 1068, 54, 67, 590, 2126, 2640, 600, 1128, 124, 3210, 1199, 192, 197, 75, 172, 173, 49, 58, 62, 1092, 162, 70, 1094, 582, 1098, 77, 80, 3374, 97, 851, 614, 624, 1663, 132, 144, 1904, 881, 163, 1907, 4468, 4470, 4472, 889, 4476, 276, 4478, 1299, 165, 2214, 171, 190, 2250, 1231, 214, 231, 8446, 8459, 1804, 8463, 806, 808, 1326, 1332, 824, 1873, 13, 4473, 4475, 382, 4482, 4495, 4496, 402, 914, 433, 906, 951, 442, 458, 1461, 1745, 4492, 3490, 1443, 920, 4493]"
0.5,0.02,0.452701310293107,"[2993, 7552, 1418, 1684, 6028, 8590, 5143, 920, 24, 2327, 16, 1553, 25, 26, 30, 2999, 553, 49, 35, 54, 58, 1007, 1068, 951, 1461, 2152, 590, 4538, 442, 3013, 67, 458, 75, 2126, 97, 851, 600, 856, 1375, 5216, 1121, 2016, 614, 1128, 632, 1904, 5240, 3194, 124, 382, 5105]"
0.89,0.01,0.2975982100120871,"[2278, 1420, 8462, 4494, 16, 1553, 529, 402, 1556, 17, 31, 920]"
0.68,0.02,0.4022149391274179,"[1, 1026, 7683, 1546, 1420, 14, 527, 4494, 17, 5904, 20, 1556, 150, 24, 3227, 1694, 1697, 1443, 36, 807, 171, 428, 1582, 51, 564, 1332, 54, 192, 590, 360, 1904, 881, 2674]"
0.45,0.03,0.46431241463036965,"[1026, 2, 8, 1418, 1419, 2714, 32, 3490, 15, 35, 527, 24, 1060, 1443, 40, 553, 42, 1068, 2605, 6190, 172, 1231, 429, 433, 2993, 1332, 946, 54, 951, 1461, 4538, 442, 67, 3013, 582, 458, 75, 2126, 590, 851, 600, 856, 1375, 5216, 97, 1121, 2016, 614, 1128, 632, 1904, 5240, 124, 382, 3194, 5105]"
0.08,0.03,0.3801252997020049,"[1026, 2, 8, 13, 14, 15, 527, 24, 4636, 2654, 4192, 3168, 6251, 5240, 3232, 8360, 5812, 1212, 4801, 3778, 5827, 202, 2762, 2255, 1248, 5860, 231, 8434, 1785, 8446, 8459, 1804, 8460, 8463, 1299, 276, 6428, 4901, 806, 808, 7469, 1841, 1842, 1847, 2359, 4411, 4926, 833, 3400, 6988, 7502, 5971, 4436, 7006, 4977, 7027, 5505, 7048, 1928, 1418, 1419, 6027, 8588, 5512, 4495, 2442, 4497, 2961, 6547, 6035, 2448, 406, 8604, 8093, 2466, 2985, 1963, 2477, 1455, 1970, 436, 5565, 1480, 2510, 4561, 5073, 7134, 2017, 2531, 996, 484, 6123, 4974]"
0.35,0.03,0.4324478627489454,"[6027, 6028, 1420, 8590, 15, 16, 1553, 8078, 4494, 1684, 144, 5143, 920, 25, 26, 24, 2327, 413, 30, 32, 162, 35, 1060, 163, 165, 2214, 553, 171, 1068, 2605, 6190, 429, 172, 173, 2993, 49, 946, 2999, 58, 62, 190, 67, 1092, 582, 1094, 70, 1098, 75, 458, 77, 590, 1231, 80, 2250, 851, 214, 856, 220, 2016, 614, 231, 2026, 624, 1904, 8446, 1663]"
0.16,0.03,0.4489377132640332,"[1, 1026, 2, 8, 13, 14, 15, 527, 17, 1553, 24, 30, 31, 32, 35, 38, 40, 553, 4139, 1068, 1582, 49, 51, 54, 55, 58, 62, 67, 1092, 582, 1098, 75, 588, 76, 2126, 86, 5216, 614, 1128, 632, 127, 144, 3227, 1697, 163, 165, 171, 172, 192, 208, 209, 231, 833, 3400, 6988, 7502, 5971, 4436, 7006, 5997, 4977, 893, 5505, 1928, 5512, 1418, 1419, 7190, 6027, 8590, 4493, 4497, 920, 8093, 7584, 8097, 6052, 2472, 4015, 2994, 7091, 1970, 951, 2489, 1480]"
0.28,0.03,0.44394549490514645,"[1, 1026, 2, 8, 13, 14, 15, 31, 17, 1553, 24, 30, 32, 527, 35, 38, 40, 553, 4139, 1068, 1582, 49, 51, 54, 55, 58, 62, 67, 1092, 582, 1098, 75, 588, 76, 2126, 86, 5216, 614, 1128, 632, 127, 3227, 1697, 192, 208, 209, 8447, 8456, 290, 806, 1324, 231, 851, 856, 1369, 1904, 370, 172, 171, 163, 165, 144, 4474, 382, 4485, 1873, 951, 4538, 1987, 5065, 433, 2993, 1332]"
0.48,0.02,0.3741327779438509,"[842, 1740, 2126, 799, 5216, 614, 1128, 632, 127, 144, 3227, 1697, 163, 165, 171, 172, 192, 208, 209, 231, 833, 3400, 6988, 7502, 5971, 4436, 7006, 5997, 4977, 893, 5505, 1928, 5512, 1418, 1419, 7190, 6027, 8590, 4493, 4497, 920, 8093, 7584, 8097, 6052, 2472, 4015, 2994, 7091, 1970, 951, 2489, 1480]"
0.54,0.01,0.3278671676529521,"[1025, 3078, 2571, 5649, 6674, 8211, 6172, 5668, 7214, 4144, 1075, 4149, 3128, 4665, 3135, 2120, 5707, 594, 2660, 5732, 108, 8300, 5232, 3184, 5239, 638, 6281, 3725, 5774, 4249, 6812, 5277, 5792, 5797, 3758, 6833, 1213, 193, 6346, 7372, 6871, 2775, 7897, 1959, 224, 7905, 3810]"
0.94,0.0,0.18096512895367622,"[3947, 7179, 1676, 5134, 5382, 3987, 5013]"
0.17,0.03,0.4157845973694362,"[16, 1553, 1556, 5143, 24, 25, 26, 30, 35, 553, 1068, 49, 54, 58, 62, 67, 582, 1094, 70, 590, 97, 1684, 5865, 5363, 5882, 4346, 768, 8460, 3344, 4882, 5907, 2327, 2841, 1315, 7459, 3880, 2345, 7982, 815, 316, 5448, 2381, 7502, 5969, 8018, 1874, 6996, 6998, 7511, 7517, 4958, 4449, 356, 2917, 8567, 888, 8058, 4474, 7552, 1418, 6028, 8590, 2451, 8595, 2965, 3991, 920, 928, 5538, 1450, 7083, 7082, 6574, 2993, 949, 2999, 452, 6598, 2506, 3030, 3544, 4571, 3062, 2039]"
0.72,0.01,0.42077546146270284,"[842, 6662, 4432, 1092, 70, 582, 1096, 1094, 1098, 75, 1209, 458, 590, 1231, 1872, 80, 851, 214, 856, 1443, 97, 614, 1128, 1131, 624, 1904, 382, 1663, 4315]"
0.64,0.02,0.44492940753203436,"[1, 2054, 904, 1546, 12, 141, 14, 527, 20, 24, 1697, 162, 35, 163, 165, 38, 2214, 40, 553, 42, 3490, 1068, 172, 171, 173, 49, 433, 1332, 1461, 54, 951, 58, 442, 62, 190, 67, 5381]"
0.57,0.02,0.4219984877991254,"[3947, 7179, 1676, 5134, 5010, 3987, 5013, 7445, 7957, 7190, 8348, 3485, 4254, 676, 932, 5798, 4648, 3227, 1694, 1697, 162, 163, 36, 2214, 1582, 54, 190, 70, 1094, 582, 1098, 2250, 77, 590, 1231, 80, 97, 614, 624, 1663, 4727, 171, 172, 165]"
0.21,0.03,0.43337634413122894,"[30, 31, 32, 35, 38, 40, 553, 4139, 1068, 1582, 49, 51, 54, 55, 58, 62, 67, 1092, 582, 1098, 75, 588, 76, 2126, 86, 5216, 614, 1128, 632, 127, 144, 3227, 1697, 163, 165, 171, 172, 192, 208, 209, 231, 8447, 8456, 8459, 8460, 8463, 1299, 290, 806, 808, 1324, 1332, 842, 1873, 851, 856, 1369, 1904, 370, 4474, 382, 4485, 904, 4489, 4490, 4495, 4496, 1443, 433, 3507, 1461, 951, 442, 4538, 1987, 5065, 458, 3052, 1013, 1087]"
0.95,0.0,0.22838524052153897,"[1792, 5505, 1285, 2578, 282, 860]"
0.98,0.0,0.165590223907357,"[1025, 428, 4432]"
0.38,0.03,0.46941025962980065,"[2993, 7552, 1418, 1684, 6028, 8590, 5143, 920, 24, 2327, 16, 25, 1553, 26, 30, 2999, 1094, 590, 67, 49, 553, 58, 54, 1556, 62, 70, 35, 1092, 1068, 75, 588, 76, 582, 2126, 86, 5216, 614, 1128, 14, 632, 127, 97, 144, 2654, 734, 4960, 4192, 227, 5860, 2016, 1254, 5735, 231, 2538, 6251, 192, 172, 1697, 124, 1324, 1332, 458, 1873]"
0.45,0.03,0.4264362741470257,"[1, 1026, 2, 8, 1419, 6027, 13, 14, 15, 17, 527, 1553, 4497, 24, 30, 31, 38, 4139, 1582, 32, 35, 49, 40, 553, 51, 1068, 4411, 54, 1212, 1461, 4537, 442, 67, 3013, 582, 458, 75, 2126, 590, 851, 600, 856, 1375, 5216, 97, 1121, 2016, 614, 1128, 632, 1904, 124, 5240, 382, 5105, 3194]"
0.68,0.01,0.36759062620904603,"[1925, 4493, 7309, 1299, 1684, 276, 3232, 1443, 8360, 1324, 3374, 1199, 5938, 5812, 1847, 1212, 318, 192, 4801, 4934, 713, 3405, 1231, 851, 4317, 1248, 1254, 8422, 3056, 1785, 3323, 6910, 2762]"
0.88,0.01,0.3065756722698122,"[4481, 2, 1420, 4494, 16, 1553, 529, 402, 1556, 17, 920, 31, 1642]"
0.43,0.02,0.3965135348976019,"[1, 1026, 2, 8, 1419, 6027, 13, 14, 15, 527, 17, 1553, 4497, 24, 30, 31, 32, 35, 38, 40, 553, 1842, 5812, 1847, 2359, 4411, 1212, 4926, 4801, 3778, 5827, 833, 3400, 1480, 202, 2762, 6988, 7502, 2255, 4561, 5971, 4436, 2654, 7006, 4192, 3168, 1248, 5860, 6251, 4977, 8434, 5240, 1785, 3194, 3323, 893, 6910, 192]"
0.87,0.01,0.2783267619097606,"[132, 260, 8452, 4359, 4488, 8, 7946, 5388, 4749, 1419, 1546, 8458, 141, 1420]"
0.9,0.0,0.29792811549396603,"[2993, 7552, 1418, 1690, 6028, 8590, 5143, 920, 24, 2327, 1553]"
0.84,0.0,0.21527721666970034,"[768, 1025, 4478, 3078, 6281, 2571, 3725, 5774, 3344, 5649, 2231, 3194, 5698, 3522, 4033, 5447, 4493]"
0.44,0.02,0.4647853294297317,"[132, 1419, 15, 527, 24, 2714, 32, 4642, 3490, 35, 1060, 1443, 40, 553, 42, 1068, 2605, 6190, 172, 429, 433, 2993, 946, 1332, 1461, 54, 951, 4538, 442, 67, 3013, 582, 458, 75, 2126, 1231, 590, 851, 600, 856, 2654, 2655, 1375, 5216, 97, 1121, 2016, 614, 1128, 1904, 124, 5105, 632, 3194, 5240, 382, 6404]"
0.13,0.03,0.4155851378341797,"[16, 25, 26, 30, 35, 553, 1068, 49, 54, 58, 62, 67, 1092, 582, 1094, 70, 1098, 75, 77, 590, 80, 5729, 97, 614, 5735, 624, 1663, 132, 2696, 5258, 144, 162, 163, 165, 2214, 171, 172, 173, 190, 2250, 1231, 7890, 214, 220, 231, 8446, 8459, 1804, 8460, 8463, 1299, 276, 806, 808, 7027, 5505, 7048, 1928, 5512, 1419, 6027, 8588, 2442, 4495, 2448, 2961, 6547, 6035, 406, 8604, 2466, 2985, 1963, 2477, 1455, 436, 2999, 5565, 2505, 2510, 5073, 7134, 2017, 2531, 996, 484, 6123, 5332]"
0.51,0.01,0.36566127470303766,"[1792, 6657, 769, 5505, 1285, 4359, 5640, 7946, 8459, 7311, 6802, 1299, 276, 1785, 7069, 1443, 7589, 6821, 3374, 1339, 1993, 8265, 2250, 6910, 1231, 2640, 1746, 3923, 254, 851, 214, 1626, 220, 4448, 4960, 5858, 4065, 101, 6118, 231, 2537, 3562, 3947, 1270, 7671, 8441, 5370, 3582, 8446, 3075]"
0.79,0.01,0.32531548980318403,"[132, 4488, 8, 1546, 8458, 7309, 4494, 527, 15, 20, 1684, 1556, 24, 2993, 62, 67, 1092, 582, 3273, 2674, 5240, 3194]"
0.07,0.03,0.4017086426475426,"[5505, 2, 260, 1, 1285, 4354, 4359, 8200, 1928, 7946, 1418, 4236, 5388, 14, 527, 7311, 2065, 271, 6028, 3220, 1684, 8590, 5143, 379, 920, 2327, 4636, 6428, 8093, 8263, 4901, 8360, 1836, 7469, 1841, 1970, 1842, 5812, 1847, 2359, 4411, 1212, 2124, 4801, 3778, 5827, 833, 3194, 3400, 202, 2762, 6988, 7502, 2255, 5971, 2132, 3677, 7006, 4192, 2104, 1248, 4497, 4034, 6251, 4977, 8434, 6027, 1785, 5370, 3323, 3303, 6910, 7039, 946, 7615, 808, 2016, 2026, 6595, 8463, 1299, 4489, 4490, 8459, 8460, 4495, 4496, 1443, 428, 433, 458, 3507, 1461, 442]"
0.12,0.03,0.4450481094418085,"[16, 1553, 529, 24, 31, 35, 40, 553, 42, 1068, 54, 67, 2126, 590, 2640, 600, 1128, 124, 3210, 162, 172, 173, 1199, 192, 197, 713, 2762, 2255, 2278, 1254, 8462, 5904, 1299, 276, 1324, 3374, 5938, 1847, 318, 3923, 851, 5971, 5462, 3416, 360, 7529, 1904, 881, 370, 1907, 4468, 4470, 4472, 889, 4476, 4477, 4478, 901, 906, 7051, 4491, 4492, 4494, 8078, 4493, 1420, 402, 4499, 920, 413, 3490, 1443, 429, 2993, 946, 433, 1461, 951, 441, 4538, 442, 1987, 5065, 458, 8144, 2016, 2026, 1013, 4164]"
0.86,0.01,0.2775505038313112,"[2278, 1420, 8462, 1026, 132, 1, 8454, 4354, 392, 4488, 1546, 8458, 8452, 141, 7085]"
0.11,0.04,0.45598306948109235,"[1026, 2054, 1546, 12, 13, 14, 15, 527, 17, 1553, 24, 30, 31, 32, 35, 38, 40, 553, 4139, 1068, 1582, 49, 51, 54, 55, 58, 62, 67, 1092, 4164, 582, 1098, 75, 588, 76, 2126, 86, 5216, 614, 1128, 632, 127, 144, 3227, 1697, 163, 165, 171, 172, 192, 208, 209, 231, 8447, 8456, 1299, 290, 806, 1324, 851, 856, 1369, 1904, 370, 4474, 382, 1420, 402, 4499, 920, 413, 3490, 1443, 429, 2993, 433, 946, 1461, 951, 441, 442, 4538, 1987, 5065, 458, 8144, 2016, 2026, 1013, 7145]"
0.1,0.03,0.44932725447758437,"[1, 1026, 2, 8, 13, 14, 15, 527, 17, 1553, 24, 25, 31, 32, 35, 38, 40, 553, 1068, 6027, 124, 132, 192, 3275, 2255, 1248, 5860, 8434, 1785, 5370, 3323, 6910, 769, 260, 1285, 7946, 5388, 271, 2327, 6428, 4901, 1836, 7469, 1842, 1847, 2359, 4926, 833, 5444, 3400, 6988, 7502, 5971, 4436, 7006, 6001, 4977, 379, 893, 7048, 5512, 2442, 1418, 8588, 6028, 8590, 1928, 1419, 4497, 2961, 6547, 6035, 2448, 406, 920, 8604, 2466, 2985, 1963, 2477, 1455, 436, 5565, 2510, 5073, 7134, 2017, 2531, 996, 484, 6123]"
0.46,0.02,0.37733323568386046,"[1, 2, 1026, 132, 8454, 8, 8456, 1546, 8458, 8459, 8460, 8462, 8463, 16, 1553, 529, 1299, 6027, 290, 165, 806, 808, 171, 172, 4141, 1324, 5167, 1841, 5812, 1332, 3126, 1207, 4664, 3129, 2359, 5689, 6460, 1462, 5695, 63, 4160, 6977, 5698, 3522, 4033, 1989, 3144, 1480, 3658, 1993, 8165, 6118, 877, 8179, 5887]"
0.2,0.04,0.4382758680630533,"[1, 1026, 2, 8, 13, 14, 15, 17, 1553, 24, 30, 31, 32, 35, 38, 40, 553, 4139, 1068, 1582, 49, 51, 54, 55, 58, 62, 67, 1092, 582, 1098, 75, 588, 76, 2126, 86, 5216, 614, 1128, 632, 127, 3227, 1697, 163, 171, 172, 192, 208, 209, 231, 8447, 8456, 290, 806, 1324, 851, 856, 1369, 1904, 370, 4491, 1420, 4492, 4494, 8078, 4493, 402, 4499, 920, 413, 3490, 1443, 429, 433, 946, 2993, 1461, 442, 458, 8144, 2016, 2026]"
0.15,0.03,0.4270351467291954,"[1026, 2, 8, 13, 14, 15, 527, 17, 1553, 16, 24, 25, 26, 30, 3194, 132, 4236, 7311, 6802, 1687, 3232, 8360, 5812, 1212, 192, 4801, 3778, 5827, 2762, 202, 1248, 5860, 8434, 1785, 5370, 3323, 769, 4354, 1285, 7946, 271, 2327, 6428, 4901, 1836, 7469, 1841, 1842, 1847, 2359, 4411, 4926, 833, 3400, 6988, 7502, 5971, 4436, 7006, 5997, 4977, 893, 5505, 1928, 5512, 1418, 1419, 6028, 6027, 8590, 4493, 4497, 920, 8093, 7584, 8097, 6052, 2472, 4015, 2994, 7091, 1970, 951, 2489, 1480, 1779]"
0.11,0.03,0.43844300000465763,"[1025, 3078, 2571, 35, 40, 553, 42, 1068, 54, 67, 4164, 2126, 590, 2640, 600, 1128, 124, 6281, 3210, 162, 172, 173, 1199, 192, 197, 713, 2762, 2255, 2278, 1254, 768, 8462, 5904, 1299, 276, 1324, 3374, 5938, 1847, 318, 3923, 851, 5971, 5462, 3416, 360, 7529, 1904, 881, 370, 1907, 4468, 4470, 4472, 889, 4476, 4477, 4478, 901, 906, 7051, 4491, 4492, 4494, 8078, 4493, 1420, 402, 4499, 920, 413, 3490, 1443, 429, 2993, 946, 433, 1461, 951, 441, 4538, 442, 1987, 5065, 458, 8144, 2016, 2026, 1013, 6011]"
0.53,0.01,0.3303720665420403,"[1025, 3078, 6281, 2571, 3725, 5774, 5649, 6674, 8211, 4249, 6812, 5277, 5792, 5668, 5797, 7214, 3758, 4144, 6833, 1075, 4149, 3128, 4665, 1213, 3135, 193, 2120, 6346, 5707, 7372, 594, 6871, 2775, 7897, 3294, 224, 7905, 3810, 2660, 5732, 5865, 108, 8300, 5232, 3184, 5363, 5239, 638]"
0.86,0.01,0.2658825651941248,"[1058, 8452, 132, 260, 4488, 8, 7946, 5388, 4749, 141, 7951, 1420, 5432, 6748, 4026]"
0.68,0.02,0.373513960355769,"[4481, 2, 1420, 4494, 16, 1553, 529, 402, 1556, 17, 920, 31, 1642, 851, 1372, 856, 2654, 2655, 1375, 5216, 97, 1121, 2016, 614, 1128, 1904, 124, 5105, 632, 3194, 5240, 382, 6404]"
0.6,0.02,0.4226883905789339,"[2993, 842, 1546, 8460, 527, 16, 17, 1553, 20, 1299, 276, 24, 25, 26, 30, 35, 40, 553, 1443, 42, 173, 1068, 428, 3374, 49, 54, 58, 442, 62, 67, 1092, 70, 75, 1411, 1231, 220, 851, 5183, 1248, 382, 8447]"
0.91,0.0,0.3036302716455771,"[3232, 1443, 1925, 8360, 1324, 7309, 3374, 1299, 1684, 276]"
0.6,0.01,0.2864065559190837,"[768, 3078, 16, 5010, 3987, 5013, 7445, 7957, 7190, 8348, 3485, 4254, 676, 932, 7589, 4647, 4141, 6575, 5167, 3504, 6065, 8498, 7089, 4020, 8117, 3126, 3894, 4664, 441, 3129, 4918, 8632, 5176, 4153, 5689, 5695, 6460, 63, 2801, 4478, 4736]"
0.26,0.03,0.4241394284850337,"[1, 1026, 4478, 132, 1546, 3210, 8459, 1804, 14, 527, 144, 8463, 13, 1299, 20, 276, 24, 920, 162, 35, 163, 165, 2214, 806, 40, 553, 42, 171, 1068, 172, 173, 1199, 3374, 49, 54, 58, 62, 190, 192, 67, 1092, 197, 70, 1094, 582, 1098, 75, 2250, 77, 590, 2126, 2640, 80, 1231, 851, 214, 600, 4476, 97, 614, 231, 1128, 8446, 624, 1904, 881, 1907, 4468, 4470, 4472, 889, 124, 4222, 1663, 3080]"
0.84,0.01,0.32441340765909144,"[1, 1026, 2, 8, 13, 1364, 15, 527, 17, 1553, 2231, 3194, 5698, 3522, 4033, 4493, 5447]"
0.88,0.01,0.2673413039473307,"[1792, 6657, 7589, 5640, 4488, 1546, 1419, 8458, 141, 5966, 7311, 1420, 7069]"
0.3,0.02,0.42055523388740024,"[5505, 2, 260, 4354, 1285, 4359, 1, 8200, 1928, 7946, 1418, 4238, 5388, 14, 527, 7311, 2065, 271, 31, 32, 35, 8590, 6028, 379, 38, 920, 40, 2327, 6428, 8093, 553, 4901, 124, 1836, 7469, 1841, 1068, 1842, 132, 1847, 2359, 5860, 769, 6001, 3275, 25, 4926, 833, 4436, 3400, 893, 5444, 6988, 7502, 2255, 5971, 5512, 1419, 7006, 192, 7584, 1248, 8097, 4497, 6027, 4977, 8434, 1785, 5370, 3323, 6910]"
0.77,0.01,0.30291741772521563,"[4493, 2278, 1199, 5936, 5812, 1847, 1212, 318, 192, 4801, 4934, 713, 3405, 1231, 851, 4317, 1248, 1254, 8422, 3056, 1785, 3323, 6910, 2762]"
0.9,0.01,0.295655992126973,"[8448, 1642, 1420, 4494, 1553, 529, 402, 1556, 17, 920, 31]"
0.4,0.01,0.3037879044781705,"[4359, 7946, 1418, 5388, 4749, 1419, 1680, 6027, 7274, 4493, 4346, 5882, 768, 3344, 4882, 5907, 2841, 1315, 7459, 3880, 2345, 7982, 815, 316, 5448, 2381, 7502, 5969, 8018, 1874, 6996, 6998, 7511, 7517, 4958, 4449, 356, 2917, 8567, 888, 8058, 4472, 8595, 2451, 2965, 3991, 928, 5538, 1450, 7083, 7082, 6574, 949, 452, 6598, 2506, 3030, 3544, 4571, 3062, 2039]"
0.66,0.01,0.29947481389708275,"[1, 2, 1418, 1419, 6028, 4493, 8590, 6025, 4497, 920, 8093, 7069, 7584, 8097, 1443, 6052, 420, 2472, 4015, 2993, 2994, 7091, 951, 2489, 8136, 8144, 7638, 4065, 3582, 3057, 1521, 1009, 8177, 7671, 4478]"
0.83,0.01,0.319269911642618,"[8449, 132, 2054, 8, 1546, 8460, 13, 4493, 14, 15, 17, 5904, 20, 4757, 24, 155, 1697, 7396]"
0.18,0.03,0.45574012712703893,"[3947, 1680, 2993, 1651, 1546, 3923, 14, 527, 20, 24, 35, 40, 553, 42, 1068, 54, 67, 590, 2126, 2640, 600, 1128, 124, 3210, 162, 172, 173, 1199, 192, 197, 713, 7615, 2255, 1254, 5904, 1299, 276, 1324, 3374, 5938, 1847, 318, 851, 5971, 5462, 3416, 360, 7529, 1904, 881, 370, 1907, 4468, 4470, 4472, 889, 4476, 4477, 4478, 901, 906, 7051, 4491, 4492, 8078, 4494, 1420, 4493, 4499, 920, 413, 3490, 1443, 429, 433, 946, 1461, 442, 3013, 458, 8144, 2016, 2026]"
0.65,0.01,0.34194987954082157,"[5729, 769, 5505, 8200, 7946, 202, 14, 527, 2065, 5143, 24, 4636, 2654, 4192, 6251, 5240, 3194, 2692, 7311, 1684, 3232, 8360, 5812, 1212, 192, 1970, 4801, 3778, 5827, 2762, 2255, 1248, 5860, 8434, 1785, 5370]"
0.31,0.03,0.42124702052382657,"[2278, 30, 31, 38, 40, 32, 35, 553, 4139, 1582, 49, 1068, 51, 54, 55, 58, 62, 67, 1092, 582, 1098, 75, 588, 76, 2126, 86, 5216, 614, 1128, 632, 127, 144, 3227, 1697, 5586, 165, 171, 172, 192, 208, 209, 231, 8456, 8459, 8463, 8447, 1299, 290, 8460, 806, 808, 1324, 1332, 1873, 851, 856, 1369, 1904, 370, 4474, 382, 4485, 904, 4489, 4490, 4495, 4496, 1443, 3052, 433]"
0.07,0.04,0.4412590228286143,"[1026, 2054, 1546, 12, 13, 17, 14, 15, 31, 1553, 24, 30, 38, 442, 32, 35, 527, 40, 553, 231, 1128, 4139, 1068, 1582, 49, 51, 54, 55, 58, 62, 67, 1092, 582, 1098, 75, 588, 76, 2126, 86, 5216, 614, 632, 127, 3227, 1697, 192, 208, 209, 8447, 8456, 290, 806, 1324, 851, 856, 1369, 1904, 370, 7006, 4192, 2104, 1248, 4497, 4034, 6251, 4977, 8434, 6027, 1785, 2123, 3323, 3303, 6910, 7039, 4489, 7615, 946, 2016, 2026, 4490, 8459, 6595, 808, 8460, 8463, 4495, 4496, 1299, 1443, 428, 433, 3507, 1461, 458]"
0.04,0.03,0.4303477013406425,"[1, 1026, 2054, 1546, 14, 527, 24, 35, 40, 553, 54, 55, 58, 62, 67, 1092, 582, 1098, 75, 588, 6910, 769, 4354, 260, 1285, 4359, 7946, 5240, 3194, 5388, 271, 3344, 4236, 7311, 2327, 1684, 6428, 4901, 1836, 7469, 1841, 1842, 2359, 1212, 4411, 5812, 8360, 833, 1859, 3400, 6988, 7502, 192, 4801, 3778, 5971, 6036, 7006, 4977, 8563, 893, 4478, 5512, 1928, 1847, 1418, 1419, 6028, 4493, 8590, 6027, 4497, 920, 7069, 8093, 7584, 8097, 6052, 420, 2472, 4015, 2994, 7091, 2489, 446, 1443, 8136, 951, 8144, 7638, 4065, 3057, 1521, 1009, 8177, 7671, 3582]"
0.58,0.02,0.4190070527571297,"[2, 1676, 5134, 5010, 3987, 7445, 7957, 664, 7190, 3227, 8348, 3485, 1694, 4254, 1697, 162, 163, 676, 932, 5798, 36, 4648, 2214, 165, 171, 172, 1582, 54, 190, 70, 1094, 582, 1098, 2250, 77, 590, 1231, 80, 97, 614, 624, 4727, 1663]"
0.97,0.0,0.16905829194611488,"[1792, 2240, 5640, 1096]"
0.36,0.03,0.4268130028840913,"[3232, 1443, 1925, 8360, 1324, 7309, 3374, 1299, 1684, 276, 1553, 144, 8463, 5143, 920, 24, 26, 2327, 25, 8093, 30, 7584, 8097, 160, 35, 163, 165, 2214, 806, 808, 553, 171, 1068, 172, 173, 2993, 49, 54, 2999, 58, 62, 190, 67, 1092, 582, 1094, 70, 1098, 75, 2250, 77, 590, 1231, 214, 4495, 220, 97, 1419, 614, 231, 624, 7027, 6027, 8446, 1663]"
0.28,0.02,0.4027828824672307,"[768, 2, 1, 260, 1285, 4354, 4359, 8200, 1928, 7946, 1418, 3194, 4236, 5388, 14, 527, 7311, 2065, 271, 6028, 3220, 1684, 8590, 5143, 24, 920, 2327, 4636, 6428, 8093, 8263, 4901, 8360, 1836, 7469, 1841, 1970, 1842, 5812, 1847, 2359, 4411, 1212, 2124, 4801, 3778, 5827, 833, 3400, 202, 2762, 6988, 7502, 2255, 5971, 4447, 3677, 7006, 4192, 2104, 1248, 4497, 4034, 6251, 4977, 8434, 6027, 1785, 5370, 3323, 3303, 6910, 7039]"
0.97,0.0,0.2121671162128902,"[32, 380, 1060, 1096]"
0.66,0.02,0.3755058606778092,"[30, 31, 32, 35, 38, 40, 553, 4139, 1068, 1582, 49, 51, 54, 55, 58, 62, 67, 1092, 582, 2994, 7091, 2489, 8136, 4049, 7638, 4065, 3582, 3057, 1521, 1009, 8177, 7671, 4478, 1443, 951]"
0.4,0.01,0.30838694264952193,"[4359, 7946, 1418, 5388, 4749, 1419, 1680, 6027, 3775, 4493, 4346, 5882, 768, 3344, 4882, 5907, 2841, 1315, 5119, 3880, 2345, 7982, 815, 7508, 5448, 2381, 7502, 5969, 8018, 1874, 6996, 6998, 7511, 7517, 4958, 4449, 356, 2917, 8567, 868, 445, 4472, 8595, 389, 2965, 3991, 928, 5538, 1450, 7083, 7082, 6574, 949, 452, 6598, 2506, 3030, 3544, 4571, 3062, 2039]"
0.94,0.0,0.24645645907558145,"[1, 1026, 2696, 2505, 5258, 7890, 4345]"
0.3,0.02,0.3728833826794067,"[4642, 2654, 2655, 3330, 6910, 4749, 132, 1680, 4359, 260, 4192, 5729, 6251, 5240, 2255, 3194, 4236, 6802, 1687, 7311, 3232, 8360, 5812, 1212, 4801, 3778, 192, 5827, 5505, 4354, 769, 1248, 5860, 8434, 1785, 5370, 3323, 1285, 1928, 5512, 7946, 1418, 6028, 1419, 8590, 271, 4497, 6027, 2327, 920, 5338, 8093, 4901, 1836, 7469, 1841, 1842, 1847, 2359, 7584, 833, 3400, 893, 6988, 5971, 4436, 4977, 7006, 7502, 4926, 8097]"
0.8,0.01,0.2899622601150661,"[3330, 132, 260, 4359, 4236, 7311, 1680, 6802, 1687, 3232, 4642, 8360, 2255, 2654, 2655, 4192, 5729, 6251, 5240, 3194, 6910]"
0.15,0.03,0.433760300897728,"[1068, 54, 67, 4164, 2126, 590, 2640, 600, 1128, 124, 6281, 3210, 162, 172, 173, 1199, 192, 197, 713, 2762, 1740, 2255, 2278, 1254, 768, 8462, 5904, 1299, 276, 1324, 3374, 5938, 1847, 318, 842, 3923, 851, 5971, 5462, 3416, 360, 7529, 1904, 881, 370, 1907, 4468, 4470, 4472, 889, 6011, 4476, 4477, 4478, 901, 906, 7051, 4491, 4492, 4494, 8078, 4493, 1420, 402, 4499, 920, 413, 3490, 1443, 429, 2993, 946, 433, 1461, 951, 441, 4538, 442, 1987, 5065, 458, 8144, 2016, 2026, 1013, 3406]"
0.89,0.01,0.34030846289449757,"[32, 1026, 2054, 38, 1546, 12, 5262, 442, 17, 7482, 5755, 31]"
0.29,0.03,0.41520204694262985,"[1, 1026, 3520, 1546, 14, 527, 20, 24, 35, 40, 553, 42, 1068, 54, 67, 590, 2126, 2640, 600, 1128, 124, 3210, 1199, 192, 197, 75, 173, 49, 172, 58, 62, 1092, 3374, 851, 70, 1094, 582, 1098, 80, 77, 97, 132, 614, 624, 1663, 162, 144, 1904, 881, 1907, 4468, 4470, 4472, 889, 4476, 276, 4478, 1299, 214, 231, 8446, 8459, 163, 1804, 8463, 806, 165, 2214, 171, 1231, 190, 2250]"
0.33,0.02,0.3828012934462064,"[6657, 5640, 70, 8265, 2640, 1626, 101, 7311, 7991, 202, 2762, 2255, 1746, 1235, 1248, 5858, 5860, 8434, 1785, 5370, 3323, 6910, 1792, 5388, 271, 2327, 6428, 4901, 769, 4354, 260, 4359, 7946, 1285, 1836, 7469, 1841, 1842, 1847, 2359, 1339, 4411, 4926, 833, 3400, 6988, 5966, 7502, 3923, 889, 124, 4485, 4489, 4490, 4495, 4496, 433, 3507, 1461, 4538, 442, 1987, 5065, 458, 1013, 1443, 951, 7069]"
0.37,0.01,0.41244602130525965,"[6657, 5640, 70, 8265, 2640, 1626, 101, 7311, 6821, 202, 2762, 2255, 1746, 1235, 1248, 5858, 4627, 8434, 1785, 5370, 3323, 6910, 1792, 769, 4354, 260, 1285, 4359, 7946, 5388, 271, 2327, 6428, 4901, 1836, 7469, 1841, 1842, 1847, 2359, 1339, 4411, 4926, 833, 3400, 6988, 5966, 7502, 3923, 5460, 5971, 4065, 1443, 7671, 8136, 1521, 2994, 7091, 1009, 8177, 7638, 951, 2489, 3582]"
0.35,0.03,0.39775081186264294,"[1026, 2054, 1546, 12, 5262, 17, 5781, 5755, 31, 32, 38, 7482, 442, 7890, 8537, 247, 4848, 624, 231, 1128, 627, 3782, 6907, 124, 5484, 4801, 3778, 208, 209, 8447, 8456, 8459, 8460, 8463, 1299, 290, 806, 808, 1324, 1332, 1847, 1873, 851, 856, 1369, 1904, 370, 4474, 382, 4485, 904, 4489, 4490, 4495, 4496, 1443, 428, 433, 3507, 1461, 951, 4538, 1987, 5065, 458, 1013]"
0.75,0.01,0.3546568347729715,"[1, 1026, 2, 8, 13, 14, 15, 527, 17, 3156, 24, 30, 31, 32, 35, 463, 5447, 8460, 1068, 8447, 1987, 5065, 458, 3052, 1013, 1087]"
0.96,0.0,0.1676245799940348,"[1025, 3078, 2993, 1651, 3923]"
0.04,0.03,0.46065399995428946,"[1, 1026, 2, 8, 13, 14, 15, 527, 17, 1553, 24, 25, 31, 32, 35, 38, 40, 553, 1068, 124, 132, 192, 3275, 2255, 1248, 5860, 8434, 1785, 5370, 3323, 6910, 769, 260, 1285, 7946, 5388, 271, 2327, 6428, 4901, 7467, 1836, 7469, 1842, 1847, 2359, 4926, 833, 5444, 3400, 6988, 7502, 5971, 4436, 7006, 6001, 4977, 379, 893, 7048, 5512, 1418, 6027, 8588, 6028, 8590, 1928, 2448, 4497, 2961, 6547, 6035, 406, 920, 8604, 2466, 2985, 1963, 2477, 1455, 433, 3507, 436, 1461, 442, 5565, 7615, 458, 2510, 5073, 7134, 2016, 2017, 1419, 2026, 2442, 1029]"
0.93,0.0,0.2626656533786538,"[1792, 5505, 1285, 300, 282, 860, 2674, 2397]"
0.61,0.02,0.37590692256117575,"[4481, 2, 6404, 1420, 4494, 16, 1553, 529, 402, 1556, 17, 920, 31, 8144, 851, 7638, 856, 1372, 2654, 1375, 2655, 5216, 97, 1121, 2016, 4065, 614, 3582, 1128, 1642, 1904, 5105, 5240, 1521, 1009, 7671, 632, 3194, 124, 382]"
0.28,0.01,0.3353463469227259,"[1025, 3078, 2571, 5649, 6674, 8211, 6172, 5668, 7214, 4144, 1075, 4149, 3128, 4665, 3135, 2120, 5707, 594, 2660, 5732, 108, 8300, 5232, 3184, 5239, 638, 6281, 3389, 5774, 4249, 6812, 5277, 5792, 5797, 3758, 6833, 1213, 193, 6346, 7372, 6871, 2775, 7897, 3294, 224, 7905, 3810, 5865, 5363, 4346, 5882, 768, 3344, 4882, 4447, 3677, 7006, 4192, 2104, 1248, 4497, 4034, 6251, 4977, 8434, 7502, 6027, 1785, 5370, 3323, 3303, 6910, 7039]"
0.87,0.0,0.20178655699573467,"[1792, 6657, 5640, 7311, 6803, 7069, 7589, 6821, 1339, 1993, 8265, 2640, 1746, 3923]"
0.91,0.01,0.27133875357536186,"[4481, 242, 1420, 8360, 1324, 7309, 3374, 1299, 1684, 276]"
0.54,0.02,0.44278074967917846,"[1026, 2054, 1546, 12, 13, 14, 15, 527, 17, 1553, 24, 30, 31, 32, 35, 38, 40, 553, 4139, 1068, 1582, 49, 51, 54, 55, 442, 58, 62, 67, 1092, 2775, 7897, 3294, 224, 7905, 3810, 2660, 5732, 1128, 5865, 108, 8300, 5232, 3184, 5363, 5239, 638]"
0.05,0.04,0.467076909672,"[14, 16, 1553, 1556, 5143, 24, 25, 26, 30, 35, 553, 1068, 49, 54, 58, 62, 67, 1092, 1094, 70, 582, 75, 588, 76, 590, 2126, 86, 6749, 2654, 5216, 4192, 97, 614, 5735, 1128, 632, 127, 144, 1684, 172, 734, 227, 5860, 1254, 231, 2327, 1324, 3374, 1326, 1332, 3895, 824, 1873, 851, 856, 4960, 1904, 881, 1907, 4468, 4472, 889, 4473, 4476, 382, 4478, 7552, 5505, 4482, 1925, 4486, 1418, 6538, 6028, 906, 8590, 4491, 4493, 4492, 4495, 4496, 402, 914, 920, 3490, 1443, 4523, 428, 433, 1461, 2999, 951, 442, 458, 2016, 2538]"
0.56,0.02,0.39804136870421725,"[1, 1026, 2, 8, 8460, 13, 14, 15, 527, 17, 1553, 24, 30, 31, 3507, 1461, 951, 442, 4538, 1987, 5447, 5065, 458, 463, 1068, 35, 1013, 8447, 32, 1993, 8604, 2466, 2985, 16, 2477, 1455, 436, 5565, 2510, 5073, 7134, 2017, 8096, 996, 484]"
0.32,0.03,0.42140131124666114,"[1792, 1, 769, 4354, 260, 1285, 2054, 4359, 4485, 4489, 1546, 7946, 12, 5388, 14, 527, 271, 4490, 4495, 4496, 20, 2327, 24, 6428, 7069, 35, 1443, 4901, 38, 40, 553, 42, 1068, 1836, 7469, 49, 1841, 1842, 433, 3507, 54, 1847, 2359, 1461, 58, 1339, 4411, 442, 62, 4926, 951, 833, 4538, 67, 1092, 1987, 70, 582, 3400, 5065, 458, 6988, 5966, 7502, 3923, 1013, 889, 124, 3760]"
0.46,0.02,0.4168358364701674,"[1285, 4359, 8, 1546, 13, 16, 141, 15, 1553, 529, 17, 1556, 24, 36, 1582, 49, 51, 920, 564, 62, 54, 596, 4491, 1098, 4492, 75, 86, 144, 590, 150, 3227, 273, 70, 6428, 3374, 5938, 1847, 318, 3923, 851, 3416, 5698, 3522, 4033, 1989, 3144, 1480, 3658, 1993, 8165, 6118, 877, 8179, 5887, 1324]"
0.54,0.01,0.3438327477470101,"[1792, 6657, 5640, 638, 7311, 7069, 7589, 6821, 1847, 2359, 4411, 4926, 833, 70, 3400, 1993, 8265, 6988, 5966, 7502, 2640, 1746, 3923, 5971, 5460, 4436, 5239, 1626, 4448, 4960, 5858, 4065, 3810, 101, 6118, 2660, 5732, 2537, 3562, 5865, 108, 8300, 5232, 3184, 5363, 7671, 3582]"
0.71,0.02,0.4124619522149421,"[30, 31, 32, 35, 38, 40, 553, 4139, 1068, 1582, 49, 51, 54, 150, 58, 62, 67, 1092, 582, 1098, 75, 588, 76, 2126, 86, 5216, 614, 1128, 632, 842]"
0.88,0.01,0.28339229085959927,"[5729, 5505, 769, 8200, 7946, 202, 14, 527, 2065, 5143, 24, 31, 2950]"
0.97,0.0,0.12471703357924402,"[2993, 8244, 2278, 2138]"
1.0,0.0,0.06820401665236575,[1740]
0.59,0.02,0.4207104948793713,"[132, 1419, 527, 15, 24, 2714, 3485, 4254, 1694, 32, 1697, 4642, 3490, 35, 1060, 162, 163, 676, 932, 5798, 36, 172, 4648, 2214, 171, 1582, 190, 165, 70, 1094, 582, 1098, 2250, 77, 590, 1231, 80, 97, 614, 624, 4727, 1663]"
0.01,0.02,0.3948636865353936,"[1, 2, 1026, 132, 8449, 2054, 1697, 1546, 7214, 4144, 1075, 4149, 3128, 4665, 3135, 2120, 5707, 594, 2660, 5732, 108, 8300, 5232, 3184, 5239, 638, 6281, 3725, 5774, 4249, 6812, 5277, 5792, 5797, 3758, 6833, 1213, 193, 6346, 7372, 6871, 2775, 7897, 3294, 224, 7905, 3810, 5865, 5363, 4346, 5882, 768, 3344, 4882, 5907, 2841, 1315, 7459, 3880, 2345, 7982, 815, 316, 5448, 2378, 7502, 5969, 8018, 1874, 6996, 6998, 7511, 7517, 4958, 4449, 356, 2917, 8567, 888, 8058, 4474, 8595, 2451, 2965, 3991, 928, 5538, 1450, 7083, 7082, 6574, 949, 452, 6598, 2506, 3030, 3544, 4571, 3062, 2039]"
0.8,0.01,0.306159337206644,"[4481, 1026, 1, 132, 392, 4488, 1546, 7179, 8458, 8460, 141, 1420, 16, 529, 402, 8462, 1556, 4494, 15, 282, 8]"
0.73,0.01,0.3204722251745842,"[7552, 1418, 6028, 8590, 1684, 5143, 920, 2993, 1339, 1993, 8265, 2640, 1746, 3923, 254, 1626, 4448, 4065, 5858, 4960, 101, 6118, 2537, 3562, 1270, 7671, 8441, 3582]"
0.11,0.02,0.43829441728223106,"[1, 1026, 2054, 1546, 14, 527, 20, 24, 35, 40, 553, 5240, 3194, 4236, 7311, 1684, 3232, 8360, 5812, 1212, 192, 4801, 3778, 5827, 202, 2762, 2255, 1248, 5860, 8434, 1785, 5370, 3323, 6910, 769, 260, 1285, 4359, 7946, 5388, 271, 2327, 6428, 4901, 1836, 7469, 1842, 1847, 2359, 4926, 833, 5444, 3400, 6988, 7502, 5971, 4436, 7006, 6001, 4977, 893, 1928, 5512, 1418, 1419, 6028, 6027, 8590, 2448, 2961, 4497, 6547, 6035, 406, 8604, 2466, 2985, 1963, 2477, 1455, 436, 5565, 2510, 5073, 7134, 2017, 2531, 996, 484, 6123]"
0.67,0.01,0.3015238372492657,"[1928, 5512, 1418, 1419, 6028, 6027, 8590, 1680, 4497, 6802, 920, 8093, 7584, 8097, 2993, 1841, 1842, 2359, 4411, 4926, 833, 5444, 3400, 6988, 7502, 3923, 5971, 4436, 7006, 3947, 4977, 1651, 893, 6522]"
0.19,0.03,0.44160516239748393,"[3937, 2054, 1546, 12, 5262, 17, 553, 42, 31, 1068, 54, 67, 2126, 442, 590, 2640, 600, 3210, 162, 172, 173, 1128, 1199, 192, 124, 197, 713, 2762, 2255, 2278, 1254, 8462, 5904, 276, 3374, 5938, 318, 1299, 3923, 5971, 5462, 3416, 1324, 1847, 360, 7529, 851, 881, 1907, 4468, 4470, 1904, 370, 4472, 889, 4476, 4477, 4478, 901, 906, 7051, 1420, 4491, 1461, 4494, 433, 8078, 1443, 4492, 4493, 402, 4499, 920, 413, 3490, 458, 429, 946, 2993, 8144, 2016, 2026]"
0.64,0.02,0.40481902686433013,"[4481, 242, 1420, 8360, 1324, 7309, 14, 527, 20, 24, 1697, 162, 35, 163, 165, 38, 2214, 40, 553, 42, 3490, 1068, 172, 171, 173, 49, 433, 1332, 1461, 54, 951, 58, 442, 62, 190, 31, 5381]"
0.63,0.02,0.4452590288895085,"[1025, 5381, 2054, 904, 1546, 12, 141, 14, 527, 20, 24, 1697, 162, 35, 163, 165, 38, 2214, 40, 553, 42, 3490, 1068, 172, 171, 173, 49, 433, 1332, 1461, 54, 951, 58, 442, 62, 190, 67, 6464]"
0.48,0.02,0.4457130060261676,"[1546, 3210, 14, 527, 1680, 5904, 1299, 20, 24, 162, 35, 40, 553, 42, 1068, 173, 172, 1199, 1993, 2993, 54, 1462, 7615, 5695, 63, 67, 4160, 197, 6977, 5698, 3522, 713, 4033, 1989, 3144, 1480, 590, 2126, 2640, 2255, 3658, 3923, 600, 8165, 1254, 6118, 1128, 3947, 877, 1651, 8179, 124, 5887]"
0.83,0.01,0.3512226646193133,"[6657, 1026, 8449, 132, 2054, 5640, 1546, 13, 14, 527, 15, 17, 5904, 20, 4757, 24, 155, 1697]"
0.68,0.01,0.3990628213312971,"[2, 1676, 5134, 5010, 3987, 7445, 7957, 664, 7190, 3227, 8348, 3485, 1694, 4254, 1697, 162, 163, 676, 932, 5798, 2594, 4648, 2214, 165, 171, 172, 1582, 54, 190, 70, 1094, 582, 1231]"
0.1,0.02,0.4274741346612546,"[1925, 4493, 7309, 1299, 1684, 276, 3232, 1443, 8360, 1324, 3374, 1199, 5938, 5812, 1847, 1212, 318, 4801, 192, 4934, 713, 3405, 1231, 851, 4317, 1254, 1248, 8422, 8434, 1785, 3323, 6910, 5370, 769, 260, 1285, 7946, 5388, 271, 2327, 6428, 4901, 1836, 7469, 1842, 2359, 4926, 833, 5444, 3400, 6988, 7502, 5971, 4436, 7006, 6001, 4977, 379, 893, 7048, 5512, 2442, 1418, 8588, 6028, 8590, 1928, 1419, 4497, 2961, 6547, 6035, 2448, 406, 920, 8604, 2466, 5376, 1963, 2477, 1455, 436, 5565, 2510, 5073, 7134, 2017, 2531, 996, 484, 6123]"
0.86,0.01,0.34383627975052666,"[5216, 2278, 614, 1128, 1098, 75, 4523, 588, 76, 2126, 842, 8244, 86, 632, 1520]"
0.28,0.03,0.41690826795015523,"[362, 132, 2054, 1546, 8459, 12, 13, 14, 15, 527, 17, 1553, 1804, 276, 8463, 144, 1299, 24, 30, 31, 32, 162, 35, 163, 165, 38, 2214, 40, 553, 806, 171, 1068, 173, 3374, 172, 49, 54, 58, 62, 190, 2220, 67, 1092, 197, 70, 1094, 582, 1098, 75, 2250, 77, 2126, 1231, 80, 851, 214, 97, 614, 231, 1128, 8446, 624, 881, 1904, 1907, 4468, 4470, 4472, 889, 4476, 4478, 1663, 6448]"
0.05,0.03,0.42004031822462684,"[1, 2, 1026, 1029, 2054, 1546, 7214, 4144, 1075, 4149, 3128, 4665, 3135, 2120, 5707, 594, 2660, 5732, 108, 8300, 5232, 3184, 5239, 638, 132, 6281, 3725, 5774, 4249, 6812, 5277, 5792, 1697, 5797, 3758, 6833, 1213, 193, 6346, 7372, 6871, 2775, 7897, 3294, 224, 7905, 3810, 5865, 5363, 5882, 4346, 768, 8449, 4882, 5907, 2841, 1315, 7459, 3880, 2345, 7982, 815, 316, 7502, 1928, 2442, 1419, 6028, 8590, 2448, 4497, 2961, 6547, 6035, 406, 920, 8604, 2466, 2985, 1963, 2477, 1455, 433, 3507, 436, 1461, 442, 5565, 7615, 458, 2510, 5073, 7134, 2016, 2017, 2026]"
0.14,0.03,0.4298386497809392,"[54, 67, 4164, 2126, 590, 2640, 600, 1128, 124, 6281, 3210, 162, 172, 173, 1199, 192, 197, 713, 2762, 1740, 2255, 2278, 1254, 768, 8462, 5904, 1299, 276, 1324, 3374, 5938, 1847, 318, 8008, 842, 3406, 3923, 851, 5971, 5462, 3416, 360, 881, 370, 1907, 4468, 8565, 4470, 4472, 889, 6011, 4476, 4477, 4478, 901, 906, 6027, 7051, 4491, 4492, 4494, 8078, 1420, 402, 4499, 920, 413, 3490, 1443, 6054, 429, 2993, 946, 433, 1461, 951, 441, 4538, 442, 1987, 5065, 458, 8144, 2016, 2026, 1013, 6704]"
0.98,0.0,0.25323523800507375,"[132, 1417, 15]"
0.4,0.03,0.422852814400544,"[8447, 4485, 8456, 8459, 8460, 8463, 1299, 3227, 30, 31, 32, 1697, 290, 35, 163, 165, 38, 806, 40, 553, 808, 4139, 1068, 171, 1582, 172, 1324, 49, 51, 1332, 54, 55, 58, 62, 192, 67, 1092, 582, 1098, 75, 588, 76, 2126, 842, 208, 209, 1873, 851, 86, 856, 1369, 5216, 614, 231, 1128, 1904, 370, 632, 4474, 382, 127]"
0.37,0.01,0.4066366517049136,"[1792, 6657, 5640, 7311, 6802, 7069, 2762, 2255, 1339, 1235, 6821, 1248, 2640, 1746, 3923, 1626, 8265, 4627, 8434, 1785, 5370, 3582, 3323, 6910, 769, 4354, 260, 5858, 101, 7671, 4065, 1285, 4359, 7946, 5388, 271, 2327, 6428, 4901, 1836, 7469, 1841, 1842, 1847, 2359, 4411, 4926, 833, 3400, 6988, 5966, 7502, 5460, 5971, 1443, 8136, 1521, 2994, 4881, 1009, 8177, 7638, 951, 2489]"
0.01,0.03,0.4417683362808291,"[1285, 4359, 8, 1546, 13, 16, 141, 15, 1553, 529, 17, 1556, 24, 36, 1582, 49, 51, 920, 564, 62, 54, 596, 4491, 1098, 4492, 75, 86, 144, 590, 150, 3227, 273, 70, 6428, 3374, 5938, 1847, 318, 3923, 851, 3416, 5698, 3522, 4033, 1989, 7905, 3810, 5865, 5363, 4346, 5882, 768, 3344, 4882, 5907, 2841, 1315, 7459, 3880, 2345, 7982, 815, 316, 5448, 2378, 7502, 5969, 8018, 1874, 6996, 6998, 7511, 7517, 4958, 4449, 356, 2917, 8567, 888, 8058, 4474, 8595, 2451, 2965, 3991, 928, 5538, 1450, 7083, 7082, 6574, 949, 452, 6598, 2506, 3030, 3544, 4571, 3062, 2039]"
0.02,0.03,0.37957541763418456,"[4481, 1026, 1, 132, 392, 4488, 1546, 7179, 8458, 8460, 141, 163, 16, 529, 402, 8462, 1556, 4494, 7311, 1684, 3232, 8360, 5812, 1212, 192, 1970, 4801, 3778, 5827, 2762, 2255, 1248, 5860, 8434, 1785, 5370, 3323, 6910, 4354, 1285, 4359, 5388, 271, 2327, 6428, 4901, 1836, 7469, 1841, 1842, 1847, 2359, 4411, 4926, 260, 833, 6988, 7502, 5971, 4436, 7006, 3400, 4977, 893, 1418, 1928, 5512, 1419, 6027, 6028, 8590, 4497, 920, 8093, 7584, 8097, 6052, 2472, 4015, 1480, 2994, 7091, 951, 2489, 446, 8136, 3021, 4493, 8144, 7124, 7638, 4065, 1521, 1443, 1009, 8177, 7671, 3582, 7069]"
0.88,0.01,0.2868263325119199,"[3135, 5505, 769, 8200, 5405, 202, 14, 527, 2065, 5143, 24, 31, 2950]"
0.58,0.02,0.3898080406400818,"[1925, 4493, 7309, 1299, 1684, 276, 3232, 1443, 8360, 1324, 3374, 1199, 5938, 5812, 1847, 1212, 318, 192, 4801, 4934, 713, 3405, 1231, 851, 5185, 1248, 1254, 8422, 3056, 1785, 3323, 6910, 2762, 1098, 2250, 77, 590, 80, 97, 614, 624, 4727, 1663]"
0.56,0.01,0.32416837577878366,"[1025, 3078, 6281, 2571, 3725, 5774, 5649, 6674, 8211, 4249, 6172, 6812, 5277, 5792, 5668, 5797, 7214, 3758, 4144, 6833, 1075, 4149, 3128, 4665, 1213, 3135, 193, 2120, 6346, 5707, 7372, 594, 6871, 2775, 7897, 3294, 224, 2660, 5732, 108, 8300, 5232, 3184, 5239, 638]"
0.05,0.04,0.46562521629937015,"[2054, 7179, 1553, 1556, 5143, 24, 25, 26, 30, 35, 553, 1068, 49, 54, 58, 2158, 67, 1092, 1094, 70, 582, 75, 588, 76, 590, 2126, 86, 6749, 2654, 5216, 4192, 97, 614, 5735, 1128, 632, 127, 144, 1684, 172, 734, 227, 5860, 1254, 231, 2327, 1324, 3374, 1326, 1332, 3895, 824, 1873, 851, 856, 4960, 1904, 881, 1907, 4468, 4472, 889, 4473, 4476, 382, 4478, 7552, 5505, 4482, 1925, 4486, 1418, 6538, 6028, 906, 8590, 4491, 4493, 4492, 4495, 4496, 402, 914, 920, 3490, 1443, 4523, 428, 433, 1461, 2999, 951, 442, 458, 2016, 2538]"
0.02,0.03,0.42931865413657,"[1, 1026, 2, 8, 8460, 13, 14, 15, 527, 17, 1553, 30, 31, 24, 3507, 1461, 442, 4538, 951, 1987, 5447, 5065, 458, 463, 1068, 35, 1013, 8447, 32, 1993, 8604, 2255, 1248, 5860, 7681, 1785, 5370, 3323, 6910, 4354, 1285, 4359, 5388, 271, 2327, 6428, 4901, 1836, 7469, 1841, 1842, 1847, 2359, 4411, 4926, 260, 833, 6988, 7502, 5971, 4436, 7006, 3400, 4977, 893, 1418, 1928, 5512, 1419, 6027, 6028, 8590, 4497, 920, 8093, 7584, 8097, 6052, 2472, 4015, 1480, 2994, 7091, 2489, 446, 8136, 3021, 4493, 8144, 7124, 7638, 4065, 1521, 1443, 1009, 8177, 7671, 3582, 7069]"
0.26,0.02,0.43250648899477506,"[1, 1026, 2, 8, 13, 14, 15, 527, 17, 1553, 24, 25, 31, 32, 35, 38, 40, 553, 1068, 124, 132, 3275, 192, 379, 2255, 1248, 5860, 8434, 1785, 5370, 1344, 6910, 6027, 7048, 2442, 8588, 1841, 4411, 8093, 7584, 8097, 769, 260, 1285, 1928, 5512, 7946, 1418, 5388, 6028, 1836, 7469, 1842, 1847, 2359, 833, 5444, 3400, 6988, 893, 5971, 4977, 6001, 4436, 7006, 7502, 4926, 271, 4901, 6428, 2327, 8590, 4497, 1419, 920]"
0.43,0.02,0.44571333546143277,"[132, 1419, 15, 527, 24, 2714, 4642, 3490, 1060, 1443, 32, 42, 1068, 35, 2605, 6190, 40, 553, 172, 429, 433, 2993, 946, 1332, 2359, 4411, 1212, 4926, 4801, 3778, 5827, 833, 3400, 1480, 202, 2762, 6988, 7502, 8477, 4561, 2654, 5971, 4436, 7006, 4192, 3168, 1248, 5860, 6251, 4977, 8434, 1785, 3323, 893, 3194, 5240, 6910, 192]"
0.02,0.02,0.42500926622341684,"[5729, 769, 5505, 8200, 7946, 202, 14, 527, 7501, 5143, 24, 4636, 2654, 4192, 6251, 5240, 3194, 4236, 7311, 1684, 1823, 8360, 5812, 1212, 192, 1970, 4801, 3778, 5827, 2762, 2255, 1248, 5860, 8434, 1785, 5370, 3323, 6910, 4354, 1285, 4359, 5388, 271, 2327, 6428, 4901, 1836, 7469, 1841, 1842, 1847, 2359, 4411, 4926, 260, 833, 6988, 7502, 5971, 4436, 7006, 3400, 4977, 893, 6658, 1928, 5512, 1419, 6027, 6028, 8590, 4497, 920, 8093, 7584, 8097, 6052, 2472, 4015, 1480, 2994, 7091, 951, 7050, 446, 8136, 3021, 3185, 8144, 7124, 7638, 4065, 1521, 1443, 1009, 8177, 7671, 3582, 7069]"
0.33,0.03,0.49098039558241313,"[1, 2054, 904, 1546, 12, 141, 14, 527, 20, 24, 1697, 162, 163, 165, 38, 2214, 40, 553, 42, 3490, 1068, 172, 171, 173, 3760, 49, 433, 1332, 1461, 54, 951, 58, 442, 4538, 62, 190, 4926, 833, 67, 1092, 1987, 70, 582, 1096, 1094, 1098, 75, 2250, 458, 590, 1231, 1872, 80, 5065, 851, 3400, 6988, 214, 5966, 856, 3923, 1443, 97, 614, 7502, 1013, 889, 124]"
0.82,0.01,0.34543439568623413,"[1792, 6657, 1697, 7589, 6821, 5640, 14, 7311, 527, 15, 17, 6803, 5904, 20, 4757, 24, 155, 7069, 767]"
0.41,0.03,0.4032852358031386,"[16, 1553, 529, 24, 31, 35, 40, 553, 42, 2020, 54, 67, 2126, 590, 2640, 600, 1128, 124, 3210, 162, 172, 173, 1199, 192, 197, 713, 2762, 2255, 2278, 1254, 8462, 1299, 5904, 276, 1324, 3374, 5938, 1847, 318, 3923, 851, 5971, 5462, 3416, 360, 7529, 1904, 881, 370, 1907, 4468, 4470, 4472, 889, 4476, 4477, 4478, 901, 906, 7051]"
0.84,0.01,0.3485658616592392,"[1026, 2054, 1546, 12, 13, 14, 15, 24, 17, 1553, 1555, 30, 31, 32, 35, 4493, 5447]"
0.92,0.0,0.2766076537596872,"[1792, 5505, 1285, 523, 300, 2674, 282, 860, 2397]"
0.97,0.0,0.21933888653951017,"[4481, 242, 1420, 2931]"
0.05,0.04,0.4641316733731984,"[14, 16, 1553, 1556, 5143, 24, 25, 26, 30, 35, 553, 1068, 49, 54, 58, 62, 67, 1092, 1094, 588, 582, 75, 70, 76, 590, 2126, 86, 6749, 2654, 5216, 4192, 97, 614, 5735, 1128, 632, 127, 1684, 734, 227, 5860, 1254, 2327, 1324, 231, 3895, 856, 4960, 4473, 4476, 382, 7552, 5505, 172, 4482, 1873, 1904, 881, 1907, 4468, 4472, 889, 851, 1925, 1418, 4478, 1892, 808, 144, 4470, 3374, 1332, 824, 392, 1326, 2454, 413, 429, 2993, 946, 3507, 7615, 2026, 7467, 4486, 906, 4492, 4496, 920, 1443, 428, 433, 1461, 442, 458, 2016]"
0.91,0.01,0.34414108400131616,"[1, 1026, 2, 1419, 1553, 402, 17, 1556, 920, 31]"
0.26,0.03,0.4330001689940173,"[1026, 8, 16, 13, 14, 15, 2, 17, 26, 1553, 24, 25, 527, 30, 49, 54, 58, 62, 67, 1092, 70, 582, 1094, 40, 553, 1068, 35, 1098, 75, 77, 590, 80, 97, 265, 624, 1663, 144, 162, 163, 165, 2214, 171, 172, 173, 190, 2250, 1231, 214, 220, 132, 231, 8446, 1842, 1847, 2359, 833, 5444, 3400, 6988, 893, 5971, 4977, 6001, 4436, 7006, 7502, 4926, 271, 4901, 6428, 2327, 7860, 4497, 1419, 920]"
0.01,0.03,0.4178019609110867,"[4481, 2, 6404, 1420, 4494, 16, 1553, 529, 402, 1556, 31, 920, 17, 8144, 7638, 851, 856, 1372, 2654, 1375, 2655, 5216, 596, 4491, 1098, 4492, 75, 86, 144, 590, 150, 3227, 273, 70, 6428, 3374, 5938, 1847, 318, 3923, 3416, 5698, 3522, 4033, 1989, 7905, 3810, 5865, 5363, 4346, 5882, 768, 3344, 4882, 5907, 2841, 1315, 7459, 3880, 2345, 7982, 815, 316, 5448, 2378, 7502, 5969, 8018, 1874, 6996, 6998, 7511, 7517, 4958, 4449, 356, 2917, 8567, 888, 8057, 4474, 8595, 2451, 2965, 3991, 928, 5538, 1450, 7083, 7082, 6574, 949, 452, 6598, 2506, 3030, 3544, 4571, 3062, 2039]"
0.62,0.02,0.4435970246320443,"[1026, 5381, 2054, 904, 1546, 12, 141, 14, 527, 20, 24, 3490, 1697, 162, 163, 35, 165, 38, 2214, 40, 553, 42, 171, 1068, 173, 172, 49, 433, 1332, 1461, 54, 951, 58, 442, 62, 190, 6464, 67, 5747]"
0.73,0.02,0.3735887373461365,"[1, 1026, 2, 8, 8460, 13, 14, 15, 527, 17, 1553, 30, 31, 24, 2780, 1461, 4538, 442, 951, 1987, 5447, 5065, 458, 463, 1068, 35, 1013, 32]"
0.42,0.01,0.34930182514050667,"[1792, 5505, 1285, 300, 282, 860, 2674, 2397, 1836, 7469, 1841, 3556, 1847, 2359, 4411, 4926, 833, 3400, 6988, 5971, 4436, 7006, 4977, 893, 1928, 5512, 1418, 6027, 1419, 4493, 6028, 8590, 4497, 920, 7069, 8093, 7584, 8097, 1443, 6052, 2472, 4015, 420, 2994, 7091, 951, 2489, 446, 1480, 8136, 3021, 8144, 7638, 4065, 1521, 1009, 8177, 7671, 3582]"
0.34,0.01,0.4157217877817728,"[1792, 6657, 5640, 7311, 6802, 7069, 2758, 2255, 1339, 1235, 6821, 1248, 2640, 1746, 3923, 1626, 8265, 4627, 8434, 1785, 5370, 3582, 3323, 6910, 5858, 101, 7671, 4065, 6428, 4901, 1836, 7469, 1841, 1842, 1847, 769, 4354, 260, 2359, 4411, 4926, 833, 1285, 4359, 7946, 271, 2327, 5388, 3400, 6988, 5966, 7502, 5460, 5971, 8136, 1521, 2994, 4881, 1009, 8177, 7638, 2489, 2472, 1443, 8093, 4015, 951]"
0.58,0.02,0.434160052153726,"[1026, 2, 132, 8, 265, 13, 14, 15, 16, 17, 1553, 527, 144, 24, 25, 26, 30, 162, 163, 165, 2214, 40, 553, 171, 1068, 172, 49, 54, 58, 62, 67, 1092, 70, 582, 1094, 1098, 75, 77, 590, 80, 97, 624, 1663]"
0.45,0.01,0.34755874530278263,"[5729, 5735, 2696, 5133, 5010, 3987, 5013, 7445, 7957, 7190, 8348, 3485, 4254, 676, 932, 5798, 4647, 7589, 441, 4141, 6574, 5167, 3504, 6065, 8498, 7089, 4020, 8117, 3126, 3894, 4664, 3129, 4918, 8632, 5176, 4153, 5689, 5695, 6460, 63, 4160, 6977, 5698, 3522, 4033, 1989, 3144, 1480, 3658, 1993, 8165, 6118, 1462, 8179, 5887, 877]"
0.02,0.03,0.42189747112451714,"[1026, 2, 8, 13, 14, 15, 527, 17, 1553, 16, 24, 25, 26, 30, 35, 40, 553, 3126, 4664, 3129, 132, 165, 171, 172, 5812, 1207, 1285, 4359, 7946, 8459, 8460, 5388, 8463, 271, 1299, 276, 2327, 6428, 4901, 806, 808, 1324, 1836, 3374, 7469, 1841, 1842, 1332, 2359, 1847, 4411, 6460, 4926, 833, 3400, 6988, 7502, 5971, 4436, 7006, 4977, 893, 4478, 1928, 5512, 1418, 1419, 6027, 4493, 8590, 6028, 4497, 920, 7069, 8093, 7584, 8097, 1443, 6052, 420, 2472, 4015, 2994, 7091, 951, 2489, 446, 1480, 8136, 3021, 8144, 7638, 4065, 1521, 1009, 8177, 7671, 3582, 8495]"
0.75,0.01,0.3560792736221907,"[2993, 7552, 1418, 1684, 6028, 8590, 5143, 920, 24, 2327, 16, 25, 463, 5447, 30, 8460, 1000, 1987, 5065, 3052, 1013, 1087, 35, 458, 1068, 14]"
0.36,0.03,0.4831466523868345,"[1, 2054, 904, 1546, 12, 141, 14, 527, 20, 24, 1697, 162, 163, 165, 15, 2214, 40, 553, 42, 3490, 1068, 172, 171, 173, 3760, 49, 433, 1332, 1461, 54, 951, 58, 442, 4538, 62, 190, 4926, 833, 67, 1092, 1987, 70, 582, 1096, 1094, 1098, 75, 2250, 458, 590, 1231, 1872, 80, 5065, 851, 3400, 6988, 214, 5966, 856, 3923, 1443, 97, 614, 7502]"
0.06,0.03,0.4394812277725533,"[1, 1026, 2, 8, 13, 14, 15, 527, 17, 1553, 24, 25, 31, 32, 35, 38, 40, 553, 1068, 124, 132, 192, 3275, 2255, 1248, 5860, 8434, 1785, 5370, 3323, 6910, 769, 260, 1285, 7946, 5388, 271, 2327, 6428, 4901, 1836, 7469, 1842, 1847, 2359, 4926, 833, 5444, 3400, 6988, 7502, 5971, 4436, 7006, 6001, 4977, 379, 893, 7048, 5512, 1418, 6027, 6028, 8590, 1928, 2448, 4497, 2961, 6547, 6035, 4492, 406, 4495, 920, 4496, 402, 914, 8604, 2466, 3490, 1443, 2985, 1963, 4523, 428, 433, 1461, 2999, 951, 442, 458, 2016, 1419, 2538, 2442]"
0.09,0.04,0.45951557759664174,"[14, 16, 1553, 1556, 5143, 24, 25, 26, 30, 35, 553, 1068, 49, 54, 58, 62, 67, 1092, 1094, 582, 70, 75, 588, 76, 590, 2126, 86, 6749, 2654, 5216, 4192, 97, 614, 5735, 1128, 632, 127, 144, 1684, 172, 734, 227, 5860, 1254, 231, 2327, 808, 7467, 1324, 1326, 1332, 3895, 824, 1873, 851, 856, 4960, 1892, 1904, 881, 1907, 4468, 4470, 4472, 889, 4473, 4476, 4478, 382, 7552, 5505, 4482, 1925, 4486, 392, 1418, 906, 4492, 4496, 2454, 920, 413, 1443, 428, 429, 2993, 946, 3507, 433, 1461, 7615, 2026]"
0.88,0.01,0.29893165751172,"[2054, 7179, 8200, 5405, 5143, 202, 24, 14, 527, 6595, 31, 2950, 5505]"
0.65,0.02,0.42354424890050213,"[1792, 6657, 5640, 14, 7311, 527, 15, 6803, 5904, 20, 4757, 24, 155, 7069, 1697, 7589, 6821, 42, 171, 1068, 173, 172, 49, 433, 1332, 1461, 54, 951, 58, 442, 62, 190, 6464, 67, 5747, 767]"
0.8,0.01,0.40027970861877504,"[1026, 5381, 2054, 904, 1546, 12, 141, 14, 527, 20, 24, 3490, 162, 163, 379, 165, 1697, 38, 2214, 40, 553]"
0.7,0.01,0.2741282867858432,"[1928, 5512, 1418, 1419, 6028, 6027, 8590, 1680, 4497, 6802, 920, 8093, 7584, 8097, 2993, 1841, 1842, 2359, 4411, 4926, 833, 5444, 3400, 6988, 7502, 3921, 5971, 4436, 7006, 3947, 4977]"
0.92,0.0,0.25242341867385454,"[7018, 5505, 1285, 523, 6424, 2441, 282, 2847, 2397]"
0.78,0.01,0.31086671958564505,"[1792, 2, 132, 4481, 1, 282, 392, 1026, 4488, 1546, 8458, 8460, 145, 1420, 16, 529, 402, 8462, 1556, 4494, 2674, 15, 8]"
0.67,0.01,0.40250116744323916,"[1026, 2054, 1546, 12, 3531, 17, 5781, 5755, 31, 32, 38, 7482, 8097, 1841, 1842, 2359, 4411, 4926, 833, 5444, 3400, 6988, 7502, 3923, 5971, 4436, 7006, 920, 3947, 4977, 1651, 893, 6522, 2993]"
0.1,0.03,0.4534602073651467,"[2054, 7179, 1553, 1556, 5143, 24, 25, 26, 30, 49, 54, 58, 35, 553, 1068, 2158, 67, 1092, 1094, 70, 582, 75, 588, 76, 590, 2126, 86, 6749, 2654, 5216, 4192, 97, 614, 5735, 1128, 632, 127, 144, 1684, 172, 734, 227, 1254, 231, 1324, 3374, 1326, 2327, 5860, 1332, 3895, 824, 1873, 851, 856, 4960, 1904, 881, 1907, 4468, 4472, 894, 4473, 4476, 382, 4478, 7552, 5505, 4482, 1925, 4486, 6538, 906, 4491, 4493, 2477, 1418, 6028, 1455, 8590, 436, 5565, 2510, 5073, 7134, 2017, 920, 2531, 996, 484, 6123]"
0.03,0.04,0.4534857007498585,"[4481, 4222, 1, 132, 1546, 14, 527, 20, 24, 35, 40, 553, 42, 1068, 54, 67, 590, 2126, 2640, 600, 1128, 124, 3210, 1199, 192, 197, 75, 172, 173, 49, 58, 62, 1092, 162, 70, 1094, 582, 1098, 77, 80, 3374, 97, 851, 614, 624, 1663, 144, 1904, 881, 163, 1907, 4468, 4470, 4472, 889, 4476, 276, 4478, 1299, 165, 2214, 171, 190, 2250, 1231, 214, 231, 8446, 8459, 1804, 8463, 806, 808, 1326, 1332, 824, 1873, 13, 4473, 4475, 382, 4482, 4495, 4496, 402, 914, 433, 906, 951, 442, 458, 1461, 1745, 4492, 3504, 1443, 920, 4493]"
0.83,0.01,0.37689545048758366,"[32, 1026, 35, 2054, 38, 5447, 1546, 12, 13, 14, 15, 17, 1553, 24, 442, 30, 31, 1418]"
0.48,0.02,0.448198833630569,"[1, 1026, 2, 8, 13, 1364, 15, 527, 17, 1553, 2231, 3194, 553, 5698, 42, 4033, 3522, 1068, 173, 172, 1199, 1993, 2993, 54, 1462, 7615, 5695, 63, 67, 4160, 197, 6977, 713, 1989, 3144, 1480, 590, 2126, 2640, 2255, 3658, 3923, 600, 8165, 1254, 6118, 1128, 4216, 877, 1651, 8179, 124, 5887]"
0.08,0.04,0.4436506468933883,"[2054, 7179, 1676, 5134, 5010, 3987, 15, 527, 17, 1553, 24, 30, 31, 32, 35, 38, 40, 553, 75, 1068, 590, 49, 5784, 54, 614, 442, 141, 62, 67, 1092, 58, 144, 2708, 3227, 1697, 162, 163, 165, 1128, 2214, 171, 172, 173, 190, 192, 2250, 1231, 208, 209, 214, 8447, 8456, 8459, 8460, 8463, 1299, 290, 806, 808, 1324, 1332, 1872, 1873, 851, 856, 1369, 1904, 370, 4474, 382, 4485, 904, 4489, 4490, 4495, 4496, 2829, 1443, 428, 429, 433, 946, 3507, 1461, 951, 4538, 7615, 1987, 6595, 5065, 458, 2016, 2026]"
0.49,0.03,0.4193314856738074,"[8447, 8, 13, 4493, 14, 15, 527, 17, 1553, 144, 24, 3227, 30, 31, 32, 1697, 35, 163, 165, 38, 40, 553, 4139, 1068, 171, 1582, 172, 49, 51, 54, 55, 58, 62, 192, 67, 1092, 582, 1098, 75, 588, 76, 2126, 208, 209, 86, 5216, 614, 231, 1128, 632, 127, 5555]"
0.94,0.0,0.2384875868128069,"[2054, 7179, 1676, 6802, 1651, 3923, 5582]"
0.74,0.01,0.37471815895651006,"[1026, 2, 6154, 8460, 13, 14, 15, 527, 17, 1553, 16, 4112, 24, 25, 30, 35, 1068, 1461, 951, 4538, 442, 1987, 5447, 5065, 458, 463, 1013]"
0.26,0.01,0.3480532088800343,"[768, 1025, 3078, 6281, 5370, 2571, 6027, 5774, 3344, 5649, 6674, 8211, 4882, 4497, 4249, 5882, 6172, 6812, 5277, 5792, 5668, 5797, 7214, 3758, 4144, 6833, 1075, 4149, 3128, 4665, 2104, 3389, 1213, 3135, 193, 4034, 2120, 6346, 5707, 7372, 7502, 6910, 594, 6871, 2775, 7897, 3677, 3294, 4447, 224, 7905, 3810, 7006, 2660, 5732, 4192, 1248, 3303, 5865, 2026, 6251, 108, 8300, 5232, 3184, 4977, 5363, 8434, 5239, 1785, 4346, 3323, 638, 7039, 2538]"
0.98,0.0,0.21678003805747337,"[4481, 15, 4433]"
0.02,0.04,0.45360352806312565,"[2054, 7179, 13, 5134, 527, 24, 35, 40, 553, 42, 1068, 49, 54, 58, 62, 67, 1092, 70, 1094, 582, 1098, 75, 77, 2126, 590, 2640, 80, 600, 97, 614, 1128, 624, 124, 1663, 132, 3210, 1676, 144, 162, 163, 165, 2214, 171, 172, 173, 1199, 190, 192, 197, 2250, 1231, 1745, 214, 231, 8446, 8459, 1804, 8463, 1299, 276, 806, 808, 3374, 1326, 1332, 824, 1873, 851, 1904, 881, 1907, 4468, 4470, 4472, 4473, 889, 4475, 4476, 382, 4478, 4482, 906, 4492, 4493, 4495, 4496, 5010, 3987, 402, 914, 920, 3490, 1443, 433, 1461, 951, 442, 458, 7793]"
0.96,0.0,0.17951058539356823,"[768, 1025, 6802, 3923, 4478]"
0.29,0.03,0.4696633822242202,"[1, 2054, 904, 1546, 1419, 12, 141, 14, 527, 15, 8590, 271, 4497, 20, 8097, 2327, 24, 920, 8093, 7584, 1697, 162, 163, 3490, 165, 2214, 4901, 40, 553, 42, 171, 1068, 172, 173, 1836, 3760, 49, 433, 7469, 1332, 1461, 54, 951, 1841, 1842, 58, 442, 4538, 1847, 62, 190, 4926, 833, 67, 1092, 1987, 70, 582, 1096, 1094, 3400, 6988, 7502, 5971, 4436, 5338, 2359, 7006, 4977, 6027, 893, 5087]"
0.74,0.01,0.3741226572282912,"[2, 1676, 5134, 14, 5010, 3987, 7445, 7957, 7190, 664, 3227, 8348, 3485, 4254, 1694, 1697, 162, 163, 676, 932, 5798, 2594, 4648, 2214, 1068, 458, 5218]"
0.82,0.01,0.38132761490353184,"[1026, 2, 35, 8, 1418, 13, 14, 15, 527, 17, 1553, 16, 442, 24, 25, 26, 30, 31, 5779]"
0.35,0.03,0.4443136689678564,"[8, 13, 14, 4493, 15, 527, 17, 1553, 144, 24, 3227, 30, 31, 32, 1697, 35, 163, 165, 38, 1443, 40, 553, 4139, 1068, 171, 1582, 172, 49, 51, 5555, 54, 55, 58, 62, 192, 67, 1092, 582, 3400, 1098, 75, 588, 76, 2126, 6988, 208, 209, 5966, 851, 3923, 7502, 86, 214, 856, 5216, 97, 614, 231, 1128, 124, 1013, 632, 889, 127, 8447, 184]"
0.08,0.04,0.43016212400740006,"[1025, 3078, 2571, 5649, 6674, 8211, 6172, 4139, 1068, 1582, 49, 51, 54, 55, 58, 62, 67, 582, 1098, 75, 588, 76, 2126, 86, 5216, 614, 1128, 632, 127, 6281, 5774, 144, 2708, 4249, 3227, 6812, 5277, 1697, 163, 165, 171, 172, 192, 208, 209, 231, 5370, 5882, 8447, 768, 8456, 8459, 8460, 8463, 3344, 4882, 1299, 290, 806, 808, 1324, 1332, 1873, 851, 856, 1369, 1904, 370, 4474, 382, 4485, 4489, 4490, 6027, 4495, 4496, 4497, 1443, 428, 429, 433, 946, 3507, 1461, 951, 4538, 7615, 1987, 6595, 5065, 458, 2016, 2026]"
0.52,0.02,0.4371976246970307,"[1, 1026, 2, 8, 13, 14, 15, 527, 17, 1553, 24, 25, 31, 32, 35, 38, 6027, 124, 192, 3275, 2255, 1248, 5860, 8434, 40, 553, 1068, 1785, 5370, 3323, 6910, 769, 260, 132, 1285, 7946, 5388, 271, 2327, 6428, 4901, 1836, 7469, 1842, 1847, 2359, 5259, 833, 5444]"
0.78,0.01,0.3382473184455592,"[1026, 2054, 1855, 12, 3531, 17, 5781, 5755, 31, 7482, 8097, 1841, 1842, 2359, 4411, 38, 32, 4926, 833, 5444, 3400, 6988, 7502]"
0.36,0.02,0.45136894239577396,"[4642, 2654, 2655, 3330, 6910, 4749, 132, 1680, 4359, 260, 4192, 5729, 6251, 5240, 2255, 3194, 4236, 6802, 1687, 7311, 3232, 8360, 5812, 1212, 4801, 3778, 192, 7624, 5505, 4354, 769, 1248, 5860, 8434, 1785, 5370, 3323, 1285, 1928, 5512, 7946, 1418, 6028, 1098, 75, 2250, 458, 590, 1231, 1872, 80, 5065, 851, 214, 5966, 856, 3923, 1443, 97, 614, 833, 3400, 6988, 7502, 4926]"
0.27,0.02,0.3834326771362282,"[5505, 2054, 2950, 8200, 1928, 5512, 7179, 1418, 14, 527, 6027, 4493, 8590, 6028, 4497, 5143, 24, 920, 6428, 5405, 7069, 31, 8093, 7584, 8097, 1443, 6052, 4901, 806, 420, 808, 2472, 1324, 1836, 3374, 7469, 4015, 1841, 1842, 2994, 1332, 7091, 8495, 2359, 1847, 951, 2489, 4411, 6460, 4926, 446, 833, 6595, 3400, 1480, 202, 8136, 6988, 3021, 7502, 8144, 5971, 4436, 7638, 7006, 4065, 3582, 4977, 1521, 1009, 8177, 7671, 893, 4478]"
0.69,0.01,0.2663914545788286,"[4359, 7946, 1418, 5388, 4749, 1419, 1680, 6027, 3775, 4493, 4346, 5882, 768, 3344, 4882, 5907, 2841, 1315, 5119, 3880, 2345, 7982, 2545, 7508, 5448, 2381, 7502, 5969, 8018, 1874, 6996, 6998]"
0.26,0.02,0.460463476348433,"[1026, 2054, 1546, 12, 13, 17, 14, 15, 31, 1553, 24, 30, 340, 442, 32, 527, 35, 40, 553, 5792, 5668, 5797, 7214, 3758, 4144, 6833, 1075, 4149, 3128, 4665, 2104, 3389, 1213, 3135, 193, 4034, 2120, 6346, 5707, 7372, 7502, 6910, 594, 6871, 2775, 7897, 3677, 3294, 4447, 224, 7905, 3810, 7006, 2660, 5732, 4192, 1248, 3303, 5865, 6251, 108, 8300, 5232, 3184, 4977, 5363, 8434, 5239, 1785, 4346, 3323, 638, 7039, 2538, 2026]"
0.06,0.03,0.44590101169390595,"[8281, 1026, 2, 8, 13, 14, 15, 527, 17, 1553, 24, 25, 31, 32, 35, 38, 40, 553, 2008, 124, 132, 192, 3275, 2255, 1248, 5860, 8434, 1785, 6148, 3323, 6910, 769, 260, 1285, 7946, 5388, 271, 2327, 6428, 4901, 1836, 7469, 1842, 1847, 2359, 4926, 833, 5444, 3400, 6988, 7502, 5971, 4436, 7006, 6001, 4977, 379, 893, 7048, 5512, 1418, 6027, 6028, 8590, 1928, 4345, 4497, 2961, 6547, 6035, 4492, 406, 4495, 920, 4496, 402, 914, 8604, 2466, 3490, 1443, 2985, 1963, 4523, 428, 433, 1461, 2999, 951, 442, 458, 2016, 1419, 2538, 2442]"
0.57,0.02,0.4521116224188273,"[1026, 2, 8, 13, 14, 1406, 16, 17, 1553, 527, 24, 25, 32, 30, 35, 40, 553, 1068, 49, 54, 58, 62, 67, 1092, 38, 582, 4139, 1098, 75, 1582, 51, 55, 588, 614, 76, 2126, 86, 5216, 1128, 632, 127, 2708, 3227, 1697]"
0.09,0.02,0.3694648997559331,"[1025, 3078, 2571, 5649, 6674, 8211, 6172, 5668, 7214, 4144, 1075, 4149, 3128, 4665, 3135, 2120, 5707, 594, 2660, 5732, 108, 8300, 5232, 3184, 5239, 638, 6281, 3725, 5774, 4249, 6812, 5277, 5792, 5797, 3758, 6833, 1213, 193, 6346, 7372, 6871, 2775, 7897, 3294, 224, 7905, 3810, 5865, 5363, 5882, 4346, 768, 3344, 4882, 5907, 2841, 1315, 7459, 3880, 2345, 7982, 815, 316, 5448, 2381, 7502, 5969, 8018, 1874, 6996, 6998, 7511, 7517, 4958, 4449, 356, 2917, 8567, 888, 8058, 4474, 8595, 2451, 2965, 3991, 928, 2017, 2531, 996, 484, 6123, 7817]"
0.1,0.03,0.47466827230681596,"[1026, 5381, 2054, 904, 1546, 12, 141, 14, 527, 20, 24, 3490, 1697, 162, 163, 35, 165, 6322, 192, 4934, 713, 3405, 1231, 851, 4317, 1254, 1248, 8422, 8434, 1785, 3323, 6910, 5370, 769, 260, 1285, 7946, 5388, 271, 2327, 6428, 4901, 1836, 7469, 1842, 2359, 4926, 833, 5444, 3400, 6988, 7502, 5971, 4436, 7006, 6001, 4977, 379, 893, 7048, 5512, 2442, 1418, 8588, 6028, 8590, 1928, 1419, 4497, 2961, 6547, 6035, 2448, 406, 920, 8604, 2466, 5376, 1963, 2477, 1455, 436, 5565, 2510, 5073, 7134, 2017, 2531, 996, 484, 6123]"
0.51,0.02,0.41310447630998615,"[1285, 4359, 8, 1546, 4491, 4492, 13, 141, 15, 16, 1553, 529, 17, 1556, 144, 150, 273, 24, 920, 3227, 6428, 36, 1582, 3374, 49, 5938, 51, 564, 54, 1847, 62, 318, 4033, 5698, 3522, 1989, 70, 1098, 75, 458, 590, 3923, 596, 851, 86, 3416, 7905, 3810, 5865, 4346]"
0.07,0.03,0.4196081327007296,"[1026, 2, 8, 13, 14, 15, 527, 17, 1553, 16, 24, 25, 26, 30, 35, 40, 553, 3126, 4664, 3129, 1285, 4359, 7946, 5388, 271, 171, 172, 1207, 5812, 2327, 165, 6428, 4901, 806, 1836, 7469, 1842, 4411, 4926, 833, 3400, 6988, 2479, 7502, 4436, 7006, 1324, 4977, 2359, 1847, 3374, 6460, 808, 1841, 1332, 8463, 893, 5971, 1299, 276, 1928, 5512, 4478, 1418, 8459, 8460, 1419, 6027, 8590, 6028, 4493, 4497, 7069, 8093, 7584, 8097, 6052, 420, 2472, 4015, 2994, 7091, 951, 2489, 446, 1480, 8136, 3021, 8144, 7638, 4065, 1521, 920, 1443]"
0.86,0.01,0.329982251351125,"[32, 1026, 35, 38, 2054, 5447, 13, 4493, 15, 17, 1553, 1555, 24, 30, 31]"
0.31,0.03,0.4748592295408294,"[1026, 132, 8, 265, 13, 14, 15, 16, 17, 527, 1553, 144, 2327, 24, 25, 26, 920, 8093, 30, 7584, 8097, 162, 35, 163, 165, 2214, 4901, 40, 553, 171, 1068, 172, 173, 1836, 7469, 49, 1841, 1842, 54, 1847, 2359, 58, 62, 190, 4926, 833, 67, 1092, 70, 582, 1094, 3400, 1098, 75, 2250, 77, 590, 1231, 80, 6988, 7502, 5971, 4436, 5338, 7006, 97, 624, 4977, 893, 1663]"
0.7,0.01,0.31270940546555115,"[4481, 2, 1, 132, 664, 282, 2578, 4149, 3128, 4665, 1213, 3135, 193, 2120, 6346, 5707, 7372, 594, 6871, 2775, 7897, 1866, 224, 2660, 5732, 108, 8300, 5232, 3184, 5239, 638]"
0.28,0.01,0.3376148979122968,"[5729, 3078, 2571, 5649, 6674, 8211, 6172, 5668, 7214, 4144, 1075, 4149, 3128, 4665, 3135, 2120, 5707, 594, 2660, 5732, 108, 8300, 5232, 3184, 5239, 638, 6281, 3389, 5774, 4249, 6812, 5277, 5792, 5797, 3758, 6833, 5245, 193, 6346, 7372, 6871, 2775, 7897, 3294, 224, 7905, 3810, 5865, 5363, 4346, 5882, 768, 3344, 4882, 4447, 3677, 7006, 4192, 2104, 1248, 4497, 4034, 6251, 4977, 8434, 7502, 6027, 1785, 5370, 3323, 3303, 6910, 7039]"
0.93,0.0,0.2825750460343238,"[588, 5505, 1285, 300, 282, 860, 2674, 2397]"
0.05,0.03,0.44569627387901545,"[1925, 4493, 7309, 1299, 1684, 276, 3232, 8360, 1324, 1443, 1199, 5938, 3374, 5812, 1847, 1212, 582, 4801, 192, 4934, 713, 3405, 4317, 1254, 1231, 851, 1248, 8422, 8434, 1785, 3323, 6910, 5370, 769, 260, 1285, 7946, 5388, 271, 2327, 6428, 4901, 1836, 7469, 1842, 2359, 4926, 833, 5444, 3400, 6988, 7502, 5971, 4436, 7006, 6001, 4977, 379, 893, 7048, 5512, 2442, 1418, 8588, 6028, 8590, 1928, 1419, 4497, 2961, 6547, 6035, 2448, 406, 920, 8604, 2466, 392, 906, 4492, 4496, 2454, 413, 428, 429, 2993, 946, 3507, 433, 1461, 442, 7615, 458, 2016, 2026, 7467]"
0.09,0.04,0.4646264349117015,"[7018, 5505, 1285, 523, 6424, 2441, 282, 2847, 26, 30, 35, 553, 1068, 49, 54, 58, 62, 67, 1092, 1094, 582, 70, 75, 588, 76, 590, 2126, 86, 6749, 2654, 5216, 4192, 97, 614, 5735, 1128, 632, 127, 144, 1684, 172, 734, 227, 5860, 1254, 231, 2327, 808, 7467, 1324, 1326, 1332, 3895, 824, 1873, 851, 856, 4961, 1892, 1904, 881, 1907, 4468, 4470, 4472, 889, 4473, 4476, 4478, 382, 7552, 4482, 1925, 4486, 392, 1418, 906, 4492, 4496, 2454, 920, 413, 1443, 428, 429, 2993, 946, 3507, 433, 1461, 7615, 2026]"
0.01,0.02,0.37903667846016953,"[1792, 3078, 2571, 5649, 6674, 8211, 6172, 5668, 7214, 4144, 1075, 4149, 3128, 4665, 3135, 2120, 5707, 594, 2660, 5732, 108, 8300, 5232, 3184, 5239, 638, 6281, 3725, 5774, 4249, 6812, 5277, 5792, 5797, 3758, 6833, 1213, 193, 6346, 7372, 6871, 2775, 7897, 3294, 224, 7905, 3810, 5865, 5363, 4346, 5882, 7502, 768, 3344, 4882, 5907, 2841, 1315, 7459, 3880, 2345, 7982, 815, 316, 5448, 2381, 5969, 8018, 1874, 6996, 6998, 7511, 7517, 4958, 4449, 356, 2917, 8567, 888, 8058, 4474, 8595, 2451, 2965, 3991, 928, 5538, 1450, 7083, 7082, 6574, 949, 452, 6598, 2506, 3030, 3544, 4571, 3062, 2039]"
0.6,0.02,0.42506696672398636,"[1, 1026, 8, 2, 1419, 6027, 13, 14, 15, 4497, 17, 527, 1098, 75, 30, 31, 884, 76, 2126, 86, 1448, 127, 144, 1128, 3227, 650, 614, 1697, 163, 165, 171, 172, 208, 35, 40, 553, 38, 209, 1867, 32, 851]"
0.81,0.01,0.35214877531473476,"[32, 1026, 35, 38, 2054, 5447, 13, 4493, 15, 17, 1553, 1555, 24, 30, 31, 6595, 907, 458, 2016, 2026]"
0.13,0.03,0.41733301769743447,"[3078, 2571, 5649, 5240, 3194, 5251, 6281, 4236, 3725, 5774, 7311, 1680, 1684, 3232, 8360, 5812, 1212, 192, 4801, 3778, 5827, 202, 2762, 2255, 719, 1235, 1248, 7906, 5860, 8434, 1785, 6910, 769, 4354, 260, 3344, 1841, 462, 2359, 318, 851, 5971, 5462, 3416, 360, 7529, 3947, 881, 1904, 1907, 370, 4468, 4470, 231, 1324, 1369, 163, 172, 171, 165, 144, 4474, 4485, 4489, 4490, 4538, 1873, 856, 7615, 1987, 6595, 5065, 1332, 382, 429, 1406, 442, 946, 808, 8459, 806, 8460, 8463, 1299, 4495, 951, 2016, 2026]"
0.2,0.04,0.44757758949244064,"[1026, 2, 8, 13, 14, 15, 16, 17, 1553, 527, 24, 25, 30, 32, 35, 38, 40, 553, 4139, 1068, 1582, 49, 51, 54, 55, 58, 62, 67, 1092, 582, 1098, 75, 588, 76, 2126, 86, 5216, 614, 1128, 632, 127, 4739, 2708, 3227, 1697, 208, 209, 8447, 8456, 290, 851, 1904, 370, 4472, 889, 4476, 4477, 901, 906, 7051, 4491, 4492, 8078, 4494, 4493, 1420, 4499, 920, 413, 3490, 1443, 429, 2993, 946, 433, 1461, 442, 3013, 458, 2016, 2026]"
0.06,0.04,0.4365270476231291,"[2054, 1546, 12, 13, 14, 15, 527, 17, 1553, 24, 30, 31, 32, 35, 38, 40, 553, 1068, 49, 54, 58, 62, 582, 132, 144, 162, 163, 165, 2214, 171, 172, 173, 190, 1231, 8459, 1804, 8463, 1299, 276, 806, 7467, 7469, 3374, 1842, 2359, 4926, 833, 5444, 3400, 6988, 7502, 5971, 4436, 851, 7006, 362, 6001, 4977, 379, 893, 7048, 5512, 1418, 1419, 8588, 1928, 8590, 6028, 2448, 4497, 2961, 6547, 4492, 406, 4496, 920, 2454, 8604, 413, 2466, 428, 429, 2993, 946, 3507, 433, 392, 1461, 442, 7615, 458, 906, 2016, 2026, 2442]"
0.46,0.02,0.4054460008904992,"[8456, 8459, 8460, 8463, 1299, 150, 30, 31, 32, 290, 35, 1443, 38, 806, 40, 553, 808, 4139, 1068, 1324, 1582, 49, 51, 1332, 54, 192, 842, 1873, 851, 856, 1372, 2654, 1375, 2655, 97, 1121, 2016, 4065, 5216, 614, 3582, 1128, 231, 1642, 632, 1904, 5105, 1521, 1009, 7671, 5240, 3194, 124, 382, 8447]"
0.96,0.0,0.17200919271226145,"[1060, 1096, 380, 6, 2145]"
0.5,0.02,0.446750470737894,"[2, 1676, 5134, 16, 1553, 5010, 3987, 529, 7445, 7957, 7190, 24, 664, 17, 1556, 3227, 150, 920, 6428, 36, 3374, 1582, 49, 5938, 51, 564, 54, 1847, 62, 318, 4033, 5698, 3522, 1989, 70, 1098, 75, 458, 590, 3923, 596, 144, 851, 86, 3416, 273, 7905, 3810, 5865, 4346, 3298]"
0.89,0.01,0.30891590729602114,"[6595, 2054, 8200, 202, 7179, 14, 527, 5143, 24, 5405, 31, 2273]"
0.32,0.03,0.47626281582620367,"[1026, 2054, 1546, 12, 5262, 14, 15, 17, 16, 527, 1553, 144, 2327, 920, 24, 25, 26, 8093, 30, 7584, 8097, 162, 35, 163, 165, 2214, 4901, 40, 553, 171, 1068, 172, 173, 1836, 7469, 49, 1841, 1842, 54, 1847, 2359, 58, 62, 190, 4926, 833, 67, 1092, 70, 1094, 3400, 1098, 75, 2250, 77, 590, 1231, 80, 6988, 7502, 5971, 4436, 5338, 7006, 97, 624, 4977, 893, 1663]"
0.18,0.02,0.40974864861335003,"[4481, 2, 664, 132, 1, 282, 2578, 4149, 3128, 4665, 1213, 3135, 193, 2120, 6346, 5707, 7372, 594, 6871, 2775, 7897, 1866, 224, 2660, 2255, 3323, 1248, 8434, 1785, 5370, 5860, 6910, 1285, 7946, 5388, 271, 2327, 6428, 260, 769, 4901, 1836, 7469, 1842, 4926, 833, 2359, 5444, 1847, 3400, 6988, 7502, 4436, 7006, 6001, 4977, 379, 5971, 893, 7048, 5512, 2442, 1418, 8588, 6028, 8590, 1928, 1419, 4497, 2961, 6547, 6035, 946, 1461, 4493, 442, 3013, 458, 920, 2016, 2026, 1443, 5632]"
0.76,0.01,0.36220628469102245,"[1026, 132, 8, 265, 13, 5781, 5345, 31, 32, 17, 38, 7482, 442, 7890, 8537, 247, 231, 1128, 4848, 627, 3703, 6907, 124, 5484, 624]"
0.25,0.03,0.4683128924177953,"[132, 2054, 3210, 7179, 1676, 13, 5134, 527, 144, 24, 162, 35, 163, 165, 2214, 40, 553, 42, 171, 1068, 172, 173, 1199, 49, 54, 58, 442, 62, 190, 67, 1092, 1094, 70, 582, 1098, 75, 77, 2126, 590, 2640, 80, 2026, 7039, 600, 7006, 4447, 224, 97, 7905, 3810, 2660, 5732, 614, 4192, 1128, 1248, 3303, 5865, 6251, 108, 8300, 2538, 624, 5232, 3184, 4977, 5363, 8434, 5239, 1785, 4346, 3323, 124, 638, 1663, 346]"
0.89,0.01,0.2932899837105276,"[4481, 1420, 4494, 1553, 242, 529, 402, 1556, 17, 920, 31, 6375]"
0.37,0.03,0.4421492969864561,"[1026, 2054, 1546, 12, 13, 14, 15, 527, 17, 1553, 24, 30, 31, 32, 35, 38, 40, 553, 4139, 1068, 1582, 49, 51, 54, 55, 442, 58, 62, 1092, 2775, 1774, 3294, 224, 7905, 3810, 2660, 5732, 67, 5865, 108, 8300, 5232, 3184, 5363, 5239, 638, 4497, 1128, 1443, 428, 429, 433, 946, 3507, 1461, 951, 4538, 7615, 1987, 6595, 5065, 458, 2016, 2026]"
0.73,0.02,0.41054134210848114,"[1026, 2054, 1546, 12, 13, 14, 15, 527, 17, 3080, 24, 30, 31, 32, 35, 38, 40, 553, 4139, 1068, 1582, 49, 51, 54, 55, 442, 58, 62]"
0.91,0.01,0.3338005213759745,"[1, 2054, 904, 1696, 12, 141, 14, 527, 20, 24]"
0.4,0.03,0.4505123577916834,"[4481, 2, 1, 132, 15, 2578, 664, 282, 1697, 162, 163, 3490, 165, 2214, 40, 553, 42, 171, 1068, 172, 173, 3760, 49, 433, 1332, 1461, 54, 951, 58, 442, 4538, 62, 190, 4926, 833, 67, 1092, 1987, 70, 582, 1096, 1094, 1098, 75, 2250, 458, 590, 1231, 1872, 80, 5065, 851, 3400, 6988, 214, 5966, 856, 3923, 97, 614, 7502]"
0.11,0.02,0.4209399078231957,"[1925, 4493, 7309, 1299, 1684, 276, 3232, 8360, 1324, 1443, 1199, 5938, 40, 5812, 1847, 1212, 553, 4801, 5240, 192, 3194, 4236, 7311, 3778, 5827, 202, 1248, 2762, 8434, 1785, 3323, 6910, 2255, 5860, 5370, 4359, 6027, 2985, 1963, 2477, 1455, 436, 5565, 2510, 5073, 7134, 2017, 769, 260, 1285, 7946, 5388, 2327, 833, 5444, 3400, 6988, 7502, 5971, 906, 4436, 4977, 6001, 7006, 1836, 4926, 2359, 7469, 1842, 4901, 6428, 271, 2531, 996, 484, 6123, 1928, 5512, 1418, 1419, 6028, 8590, 2448, 2961, 4497, 6547, 6035, 406, 8604, 2466]"
0.94,0.0,0.21880540177074603,"[7018, 5505, 1285, 538, 6424, 2441, 282]"
0.1,0.02,0.43233991359001156,"[5729, 5735, 2696, 2505, 5258, 276, 3232, 1443, 8360, 1324, 3374, 1199, 5938, 5812, 1847, 1212, 318, 4801, 192, 4934, 713, 3405, 1231, 851, 4317, 1254, 1248, 8422, 8434, 1785, 3323, 6910, 5370, 769, 260, 1285, 7946, 5388, 271, 2327, 6428, 4901, 1836, 7469, 1842, 2359, 4926, 833, 5444, 3400, 6988, 7502, 5971, 4436, 7006, 6001, 4977, 379, 893, 7048, 5512, 2442, 1418, 8588, 6028, 8590, 1928, 1419, 4497, 2961, 6547, 6035, 2448, 406, 920, 8604, 2466, 5376, 1963, 2477, 1455, 436, 7720, 2510, 5073, 7134, 2017, 2531, 996, 484, 6123]"
0.56,0.01,0.2787503160959982,"[4481, 3078, 6281, 2571, 3725, 5774, 5649, 6674, 8211, 4249, 6172, 6812, 5277, 5792, 5668, 5797, 7214, 3758, 4144, 6833, 1075, 4149, 3128, 4665, 1213, 3135, 1830, 2120, 6346, 5707, 7372, 594, 6871, 2775, 7897, 3294, 224, 2660, 5732, 108, 8300, 5232, 3184, 5239, 638]"
0.48,0.02,0.45311050776951955,"[1, 1026, 4222, 1546, 14, 527, 20, 24, 35, 614, 553, 42, 1068, 54, 67, 590, 2126, 2640, 600, 1128, 124, 3210, 192, 75, 49, 58, 62, 1092, 162, 70, 197, 1199, 1094, 582, 1098, 77, 172, 80, 173, 3374, 97, 2255, 3658, 3923, 8165, 1254, 6118, 4216, 877, 1651, 8179, 5887, 13]"
0.71,0.0,0.2593107250675698,"[1025, 3078, 2571, 5649, 6674, 8211, 5668, 7214, 4144, 1075, 4149, 3128, 4665, 3135, 2120, 5707, 594, 2660, 5732, 3562, 3947, 108, 8300, 5232, 3184, 1270, 7671, 8441, 254, 3018]"
0.18,0.03,0.45594379101808613,"[1, 2054, 1546, 12, 14, 527, 15, 20, 24, 40, 553, 42, 1068, 49, 54, 58, 62, 1092, 70, 582, 1096, 1094, 1098, 75, 590, 80, 141, 1697, 162, 163, 165, 2214, 171, 172, 173, 3760, 190, 2250, 1231, 214, 7952, 808, 1324, 1332, 4926, 833, 3400, 6988, 5966, 1872, 1873, 3923, 851, 856, 1369, 1904, 370, 4474, 382, 4485, 904, 4489, 4490, 4495, 4496, 3490, 1443, 428, 429, 433, 946, 3507, 1461, 951, 442, 4538, 7615, 1987, 6595, 5065, 458, 2016, 2026]"
0.64,0.02,0.40922830893379203,"[5505, 1285, 2441, 13, 6424, 282, 538, 162, 172, 173, 3374, 1199, 49, 58, 62, 1092, 197, 70, 1094, 582, 1098, 3658, 77, 2255, 80, 3923, 97, 8165, 1254, 6118, 7018, 877, 1651, 8179, 4216, 5887, 8183]"
0.83,0.01,0.3747758861181595,"[2, 13, 14, 15, 527, 17, 1553, 20, 24, 30, 68, 40, 553, 4139, 1068, 49, 54, 58]"
1.0,0.0,0.10878888312011081,[3369]
0.31,0.03,0.4820087759703877,"[2, 13, 14, 15, 20, 17, 1553, 527, 24, 30, 31, 40, 553, 4139, 1068, 49, 54, 58, 32, 38, 588, 62, 1092, 1098, 75, 76, 2126, 86, 5216, 35, 614, 1128, 5782, 2708, 3227, 1697, 1836, 7469, 1841, 1842, 1847, 2250, 1231, 2359, 190, 4926, 833, 67, 172, 171, 163, 165, 70, 582, 1094, 5220, 77, 590, 80, 6988, 7502, 5971, 4436, 5338, 7006, 97, 624, 4977, 893, 1663]"
0.93,0.0,0.2205680339565358,"[4493, 5505, 1285, 300, 282, 860, 4663, 2397]"
0.36,0.02,0.42311495272239164,"[1025, 3078, 2571, 5649, 6674, 8211, 17, 1553, 4497, 24, 30, 31, 32, 35, 5668, 1443, 38, 40, 553, 4139, 1068, 428, 7214, 1582, 429, 49, 433, 51, 946, 3507, 54, 55, 1461, 951, 442, 58, 4538, 62, 7615, 67, 1092, 1987, 6595, 5065, 458, 2775, 3294, 224, 7905, 3810, 2016, 2660, 5732, 1128, 5865, 2026, 108, 8300, 1774, 5232, 3184, 5363, 5239, 638, 4765]"
0.96,0.0,0.26182118710502,"[1026, 8, 265, 13, 5781]"
0.85,0.0,0.26888738904440035,"[6657, 5640, 4616, 8265, 2640, 376, 101, 7311, 6802, 6821, 1746, 5858, 5370, 3323, 6910, 31]"
0.18,0.03,0.4539152981573116,"[2054, 7179, 13, 5134, 527, 24, 35, 40, 553, 42, 1068, 49, 54, 58, 62, 67, 1092, 70, 1094, 77, 1098, 75, 582, 2126, 590, 2640, 80, 600, 97, 7952, 1324, 4926, 833, 3400, 4749, 5966, 1872, 3923, 856, 1369, 370, 4474, 4485, 904, 4489, 4490, 428, 429, 946, 3507, 4538, 1231, 214, 2250, 7615, 1987, 6595, 190, 162, 172, 173, 171, 163, 165, 2214, 5065, 2016, 1873, 1904, 851, 2026, 4495, 4496, 3490, 1443, 808, 433, 1332, 382, 1461, 951, 442, 458]"
0.21,0.03,0.4431298935172887,"[2, 13, 14, 15, 16, 17, 1553, 527, 24, 25, 30, 32, 35, 38, 40, 553, 4139, 1068, 1582, 49, 51, 54, 55, 58, 62, 67, 1092, 582, 1098, 75, 588, 76, 2126, 86, 5216, 614, 1128, 632, 127, 4739, 2708, 3227, 1697, 208, 209, 8447, 8456, 290, 851, 1904, 370, 4472, 889, 4476, 4477, 4481, 901, 906, 7051, 4491, 4492, 8078, 4494, 4493, 1420, 4499, 920, 413, 3490, 1443, 429, 2993, 946, 433, 1461, 442, 3013, 458, 2016, 2026]"
0.82,0.01,0.3704536321041447,"[2054, 907, 13, 15, 17, 1553, 1555, 24, 30, 31, 1060, 38, 6595, 5447, 1096, 458, 2016, 2026, 380]"
0.99,0.0,0.17174950519169774,"[588, 6904]"
0.88,0.01,0.33278367888545235,"[1026, 2054, 6375, 3531, 12, 17, 1556, 5781, 920, 5755, 31, 1855, 5564]"
0.38,0.03,0.46233205206967054,"[1, 1026, 4222, 1546, 14, 527, 20, 24, 35, 614, 553, 42, 1068, 54, 67, 590, 2126, 2640, 600, 1128, 124, 3210, 192, 75, 49, 58, 62, 1092, 162, 70, 197, 1199, 1094, 582, 1098, 77, 172, 80, 173, 3374, 97, 2255, 3658, 3923, 8165, 1254, 1787, 4216, 877, 1651, 8179, 5887, 13, 2451, 2965, 3991, 928, 2017, 2531, 996, 484, 6123, 7817]"
0.95,0.0,0.2477738920696395,"[32, 2145, 1026, 35, 6, 7533]"
0.68,0.02,0.380393412553481,"[32, 1026, 35, 38, 2054, 5447, 13, 4493, 15, 17, 1553, 1555, 24, 30, 31, 6595, 907, 458, 932, 5798, 2594, 4648, 2214, 165, 171, 172, 1582, 54, 209, 70, 1094, 582, 1231]"
0.59,0.02,0.4382572899578614,"[1026, 5381, 2054, 904, 1546, 12, 141, 14, 527, 144, 20, 24, 25, 26, 30, 3490, 163, 162, 165, 2214, 40, 553, 171, 1068, 172, 49, 54, 58, 62, 67, 1092, 582, 1094, 1098, 75, 77, 590, 80, 97, 624, 379, 1663]"
0.7,0.01,0.37516324215576946,"[1026, 2054, 1546, 12, 13, 14, 15, 527, 4144, 1075, 4149, 3128, 4665, 3135, 2120, 3018, 5707, 594, 5732, 2660, 3562, 3947, 108, 8300, 5232, 3184, 1270, 7671, 8441, 254, 4221]"
0.31,0.03,0.46706895652322633,"[1025, 3078, 2571, 5262, 14, 15, 5649, 17, 16, 527, 1553, 144, 2327, 920, 24, 26, 25, 8093, 30, 7584, 8097, 162, 35, 163, 165, 2214, 4901, 40, 553, 171, 1068, 172, 173, 1836, 7469, 49, 1841, 1842, 54, 1847, 2359, 58, 62, 190, 4926, 833, 67, 1092, 70, 1094, 3400, 1098, 75, 2250, 77, 590, 1231, 80, 6988, 7502, 5971, 4436, 5338, 7006, 97, 624, 4977, 893, 1663, 7275]"
0.64,0.02,0.42654213261809437,"[2, 1676, 5134, 16, 1207, 5010, 3987, 527, 20, 1697, 162, 24, 35, 163, 165, 38, 2214, 40, 553, 42, 3490, 1068, 49, 172, 171, 173, 54, 433, 62, 1332, 1461, 951, 58, 442, 190, 31, 5381]"
0.2,0.02,0.34310100544267585,"[1025, 3078, 2571, 5649, 6674, 8211, 6172, 5668, 7214, 4144, 1075, 4149, 3128, 4665, 3135, 2120, 5707, 594, 2660, 5732, 108, 8300, 5232, 3184, 5239, 638, 6281, 3725, 5774, 4249, 6812, 5277, 5792, 5797, 3758, 6833, 1213, 193, 6346, 7372, 6871, 2775, 7897, 3294, 224, 7905, 3810, 5865, 5363, 4346, 5882, 768, 3344, 4882, 5907, 2841, 1315, 7459, 3880, 2345, 7982, 815, 316, 5448, 2381, 7502, 5969, 8018, 1874, 6996, 7511, 7517, 4958, 4449, 356, 2917, 8567, 888, 8058, 4474, 8595]"
0.25,0.03,0.42031131779363196,"[7018, 5505, 1285, 538, 6424, 2441, 282, 32, 35, 38, 62, 1092, 1098, 75, 588, 76, 2126, 86, 5216, 614, 1128, 5782, 2708, 3227, 1697, 163, 165, 171, 172, 192, 2250, 1231, 208, 209, 214, 8447, 8456, 8459, 8460, 2829, 8463, 1299, 290, 806, 808, 1324, 1332, 1872, 1873, 851, 856, 1369, 1904, 370, 4474, 7088, 4485, 904, 4489, 1418, 1419, 4490, 4495, 4496, 1443, 428, 429, 433, 946, 3507, 1461, 951, 442, 4538, 7615, 1987]"
0.97,0.0,0.1999399637170255,"[4481, 632, 2865, 132]"
0.72,0.02,0.40815997581640884,"[2, 1676, 5134, 16, 1207, 5010, 3987, 527, 20, 1697, 162, 1580, 35, 163, 165, 38, 2214, 40, 553, 42, 3490, 1068, 49, 172, 171, 173, 54, 433, 62]"
0.29,0.02,0.38481950549835686,"[4481, 2, 1, 132, 1285, 260, 769, 517, 7946, 8459, 5388, 1804, 8460, 271, 8463, 2578, 1299, 276, 2327, 664, 282, 6428, 4901, 806, 1836, 7469, 1326, 3374, 1842, 1332, 4149, 3128, 4665, 824, 1213, 4926, 3135, 193, 833, 5444, 2120, 6346, 5707, 7372, 1866, 2255, 1873, 594, 851, 214, 6871, 2775, 7897, 856, 220, 224, 1248, 2660, 5860, 231, 1904, 881, 8434, 1907, 4468, 4470, 4472, 1785, 5370, 3323, 6910, 8446]"
0.01,0.03,0.43671075838436124,"[3937, 2054, 1546, 12, 5262, 17, 553, 42, 31, 1068, 54, 67, 2126, 442, 590, 2640, 600, 3210, 162, 172, 173, 1128, 1199, 2364, 197, 192, 713, 2278, 2762, 2255, 1254, 8462, 5904, 276, 3374, 318, 5938, 3923, 1299, 5971, 5462, 3416, 360, 1847, 6428, 4901, 1836, 7469, 1841, 1842, 2359, 4411, 4926, 833, 3400, 6988, 7502, 4436, 7006, 5997, 4977, 893, 5505, 6027, 920, 8093, 7584, 2519, 6052, 2472, 4015, 2994, 7091, 1970, 951, 2489, 3991, 928, 1928, 1418, 4493, 5512, 5538, 1419, 1450, 8590, 4497, 6028, 7083, 7082, 6574, 949, 452, 6598, 2506, 3030, 3544, 4571, 3062, 2039]"
0.03,0.02,0.41909572085775904,"[6658, 8200, 14, 5143, 24, 4636, 2654, 4192, 6251, 3185, 5240, 3194, 4236, 7311, 1684, 8360, 5812, 1212, 192, 4801, 3778, 5827, 202, 2762, 2255, 1248, 5860, 8434, 1785, 5370, 3323, 6910, 769, 4354, 260, 1285, 4359, 7946, 5388, 271, 2327, 6428, 1823, 4901, 1836, 7469, 1841, 1842, 1847, 2359, 4411, 4926, 833, 3400, 6988, 7501, 7502, 5971, 4436, 7006, 3947, 4977, 893, 5505, 1928, 5512, 7050, 1419, 6027, 6028, 8590, 4497, 920, 8093, 7069, 7584, 8097, 1443, 6052, 2472, 4015, 1970, 2994, 7091, 951, 446, 1480, 8136, 3021, 8144, 7124, 7638, 4065, 1521, 1009, 8177, 7671, 3582]"
0.07,0.03,0.4296699679863344,"[4481, 2, 664, 132, 1, 282, 2578, 4149, 3128, 4665, 1213, 3135, 193, 2120, 6346, 5707, 7372, 588, 6871, 2775, 7897, 1866, 224, 2660, 2255, 3323, 1248, 8434, 1785, 5370, 5860, 6910, 1285, 7946, 5388, 271, 2327, 6428, 260, 769, 4901, 1836, 7469, 1842, 5216, 632, 127, 3227, 192, 5065, 231, 208, 209, 8459, 8447, 8460, 8463, 1299, 8456, 806, 808, 614, 290, 1332, 1324, 1873, 851, 1904, 856, 1369, 370, 144, 4474, 4485, 429, 2708, 946, 7615, 1461, 2016, 442, 2026, 382, 6595, 4489, 4490, 3507, 458, 4495, 4496, 1443, 428, 433, 951]"
0.47,0.02,0.3729206410482433,"[382, 4485, 8456, 4489, 904, 8459, 8460, 4490, 8463, 4495, 4496, 1299, 31, 290, 1443, 806, 40, 1324, 428, 2993, 433, 3507, 1842, 1461, 5812, 951, 1847, 2359, 442, 4411, 1212, 4926, 4801, 582, 1094, 2016, 4065, 5216, 97, 614, 231, 1128, 1642, 1904, 5105, 1521, 1009, 124, 7671, 632, 3194, 5240, 3582, 8447]"
0.77,0.01,0.3269503315258966,"[4481, 2, 1, 132, 15, 17, 2578, 664, 282, 32, 38, 7482, 3703, 7890, 8537, 231, 1128, 5484, 4848, 624, 627, 247, 6907, 124]"
0.22,0.02,0.4109765019477103,"[32, 1026, 35, 38, 2054, 5447, 13, 4493, 15, 17, 1553, 1555, 24, 30, 31, 3232, 8360, 5812, 1212, 192, 4801, 3778, 5827, 2762, 202, 1248, 5860, 8434, 1785, 5370, 3323, 769, 4354, 1285, 7946, 271, 2327, 6428, 4901, 1836, 7469, 1841, 1842, 1847, 2359, 4411, 4926, 833, 3400, 6988, 7502, 5971, 4436, 7006, 5997, 4977, 893, 5505, 1928, 5512, 1418, 1419, 6028, 6027, 8590, 4497, 920, 8093, 7584, 8097, 6052, 4312, 4015, 2994, 7091, 1970, 951, 2489, 1480]"
0.13,0.03,0.40604838454030623,"[1025, 3078, 2571, 5649, 6674, 8211, 6172, 5668, 7214, 4144, 1075, 4149, 3128, 4665, 3135, 2120, 5707, 594, 2660, 5732, 108, 8300, 5232, 3184, 5239, 638, 6281, 3725, 5774, 4249, 6812, 5277, 5792, 5797, 3758, 6833, 1213, 193, 6346, 7372, 6871, 2708, 3227, 1697, 4739, 208, 209, 8447, 8456, 290, 231, 1324, 1369, 163, 172, 171, 165, 370, 144, 4485, 4489, 4490, 429, 1426, 4538, 1873, 1904, 851, 856, 7615, 1987, 6595, 5065, 2016, 2026, 1332, 382, 1406, 808, 4474, 8459, 806, 8460, 8463, 1299, 4495, 951, 442]"
0.88,0.01,0.302944893031891,"[3947, 1680, 2993, 1651, 2562, 202, 24, 14, 527, 6595, 31, 2950, 5505]"
0.49,0.02,0.46200019872933584,"[8, 1546, 3210, 13, 15, 527, 17, 1553, 16, 20, 24, 25, 26, 162, 35, 553, 42, 1068, 172, 173, 1199, 3374, 49, 54, 58, 62, 192, 67, 1092, 197, 70, 1094, 582, 1098, 75, 3658, 77, 590, 2255, 80, 3923, 97, 8165, 614, 1254, 1128, 6118, 877, 1651, 4216, 124, 5887]"
0.22,0.03,0.43161513156679165,"[2, 13, 14, 527, 15, 17, 1553, 20, 24, 30, 31, 32, 35, 38, 40, 553, 4139, 1068, 49, 54, 58, 62, 1092, 1098, 75, 588, 76, 2126, 86, 5216, 614, 1128, 144, 2708, 3227, 1697, 163, 165, 171, 172, 192, 2250, 1231, 208, 209, 214, 8447, 8456, 8459, 8460, 2829, 8463, 1299, 290, 806, 808, 1324, 1332, 1872, 1873, 851, 856, 1369, 1904, 370, 4474, 382, 4485, 904, 4489, 4490, 1418, 1419, 4495, 4496, 1443, 428, 429, 1668]"
0.1,0.04,0.44334445208419826,"[1553, 17, 24, 30, 31, 32, 35, 38, 40, 553, 4139, 1068, 49, 54, 58, 62, 1092, 1098, 75, 588, 76, 2126, 86, 5216, 614, 1128, 144, 2708, 3227, 1697, 163, 165, 171, 172, 192, 2250, 1231, 208, 209, 214, 242, 8447, 8456, 8459, 8460, 2829, 8463, 1299, 290, 806, 808, 1324, 1332, 1872, 1873, 851, 856, 1369, 1904, 370, 4474, 382, 4481, 4485, 904, 4489, 4490, 1418, 1420, 1419, 4494, 4495, 4496, 402, 1443, 428, 429, 433, 946, 3507, 1461, 951, 442, 4538, 7615, 1987, 6595, 5065, 458, 2016, 2026]"
0.87,0.01,0.3154611293806816,"[1025, 3078, 5447, 6281, 2571, 3725, 13, 4493, 15, 1553, 1555, 24, 30, 31]"
0.26,0.03,0.4728163835006982,"[1026, 5381, 2054, 7179, 1676, 13, 5134, 527, 144, 24, 162, 35, 163, 165, 2214, 40, 553, 42, 171, 1068, 173, 172, 1199, 49, 54, 442, 58, 190, 62, 67, 1092, 70, 582, 1094, 1098, 75, 77, 590, 2126, 80, 2640, 7039, 600, 346, 7006, 4447, 224, 97, 7905, 3810, 2660, 5732, 614, 4192, 1128, 1248, 2026, 3303, 5865, 6251, 108, 8300, 624, 2538, 5232, 3184, 4977, 5363, 8434, 5239, 1785, 4346, 3323, 124, 638]"
0.96,0.0,0.17126541379120008,"[4493, 1025, 6802, 5982, 4478]"
0.8,0.01,0.2629269962241867,"[4642, 2654, 2655, 3330, 6910, 132, 260, 4359, 4749, 1680, 4192, 5729, 6251, 2255, 5240, 3194, 4236, 7311, 6802, 1687, 4491]"
0.98,0.0,0.22956673990334164,"[4493, 15, 172]"
0.91,0.0,0.286842877088193,"[6595, 2054, 8200, 202, 7179, 14, 527, 5143, 24, 3965]"
0.88,0.01,0.33076086382265113,"[1026, 2, 132, 8, 265, 13, 14, 202, 16, 31, 17, 1855, 5564]"
0.58,0.02,0.4479928352963576,"[1026, 5381, 2054, 904, 1546, 12, 141, 14, 527, 144, 20, 24, 25, 26, 30, 3490, 163, 379, 4533, 2214, 40, 553, 171, 1068, 172, 49, 54, 58, 62, 67, 1092, 582, 1094, 1098, 75, 77, 590, 80, 97, 624, 162, 1663, 856]"
0.69,0.01,0.2995144378137107,"[2054, 7179, 1676, 5134, 5010, 3987, 5013, 7445, 7957, 7190, 8348, 3485, 4254, 676, 932, 5796, 4647, 7589, 441, 4141, 6574, 5167, 3504, 6065, 8498, 7089, 4020, 8117, 3126, 3894, 4664, 6998]"
0.31,0.03,0.4940461802754199,"[1, 2054, 904, 1546, 12, 141, 14, 527, 20, 24, 1697, 162, 163, 165, 38, 2214, 40, 553, 42, 3760, 644, 172, 4538, 173, 4926, 49, 433, 1332, 1461, 54, 951, 58, 442, 171, 62, 190, 833, 3490, 67, 1092, 1987, 70, 582, 1096, 1094, 1098, 75, 2250, 458, 590, 1231, 1872, 80, 5065, 851, 3400, 6988, 214, 5966, 856, 3923, 7502, 97, 614, 1013, 124, 889, 920, 428, 1443]"
0.87,0.01,0.26829133426446106,"[4481, 97, 15, 4433, 5105, 1521, 1009, 7671, 5240, 3194, 124, 382, 8447, 3647]"
0.44,0.03,0.4274760281418266,"[32, 1026, 35, 38, 2054, 5447, 13, 4493, 15, 17, 1553, 1555, 24, 30, 31, 6595, 907, 458, 144, 8460, 8463, 1299, 3227, 1697, 290, 163, 165, 806, 1448, 40, 553, 171, 172, 808, 1324, 1332, 192, 8459, 1098, 75, 641, 842, 2126, 208, 209, 1873, 851, 86, 1443, 614, 231, 1128, 3947, 884, 632, 127, 132]"
0.1,0.02,0.39127183117559206,"[6657, 5640, 8265, 2640, 1626, 101, 7311, 6802, 6821, 2255, 1746, 5858, 5860, 8434, 1270, 1785, 8441, 5370, 3323, 6910, 1792, 769, 260, 1285, 4359, 7946, 5388, 271, 2327, 6428, 4901, 1836, 7469, 1842, 2359, 1339, 4926, 833, 5444, 3400, 6988, 7502, 3923, 5971, 4436, 7006, 4448, 4960, 3947, 4977, 6001, 1928, 5512, 906, 6027, 1418, 1419, 6028, 8590, 2448, 2961, 4497, 6547, 6035, 406, 8604, 7069, 2466, 7589, 2985, 1963, 2477, 1455, 436, 5565, 1993, 2510, 5073, 7134, 4065, 2017, 2531, 996, 484, 6118, 2537, 3562, 6123, 7671, 3582, 8628]"
0.92,0.01,0.25713853937968356,"[8448, 1642, 4494, 1553, 529, 402, 1556, 17, 3965]"
0.41,0.02,0.45411892785778496,"[1025, 3078, 2571, 5262, 14, 15, 5649, 17, 16, 1553, 144, 527, 6140, 920, 24, 26, 25, 8093, 30, 7584, 8097, 162, 35, 163, 165, 2214, 4901, 40, 553, 171, 1068, 172, 173, 1836, 7469, 49, 1841, 1842, 54, 1847, 2359, 58, 62, 190, 4926, 833, 67, 1092, 70, 1094, 3400, 1098, 75, 2250, 77, 590, 1231, 80, 6988, 7502]"
0.66,0.01,0.40382620795860125,"[1026, 2054, 1546, 12, 3531, 17, 5781, 5755, 31, 32, 38, 7482, 8097, 1841, 1842, 2359, 4411, 4926, 833, 5444, 3400, 6988, 7502, 3923, 5971, 4436, 7006, 920, 3947, 4977, 937, 6522, 2993, 1651, 7817]"
0.74,0.02,0.36234328899071344,"[4481, 3080, 12, 13, 14, 15, 527, 17, 24, 31, 32, 35, 38, 40, 553, 4139, 1068, 1582, 2865, 49, 51, 54, 55, 442, 58, 62, 632]"
0.26,0.02,0.40339422032783234,"[1792, 6657, 769, 4354, 4478, 5640, 7311, 6802, 4627, 6428, 7069, 6052, 6821, 420, 4901, 2472, 806, 808, 1324, 1836, 7469, 4015, 8495, 3374, 2994, 7091, 1841, 1842, 1332, 951, 1847, 2489, 2359, 4411, 6460, 446, 4926, 833, 6595, 1480, 8265, 2762, 202, 3400, 6988, 8136, 2255, 2640, 7502, 1746, 1235, 3021, 8144, 5971, 4436, 7638, 1626, 7006, 1248, 4065, 5858, 101, 3582, 4977, 8434, 1521, 1009, 8177, 7671, 1785, 5370, 3323, 893, 6910, 7103]"
0.61,0.02,0.37408461589358266,"[219, 1026, 35, 38, 2054, 5447, 8460, 4490, 8463, 4495, 1299, 290, 1443, 806, 808, 1324, 433, 458, 3507, 1332, 1461, 951, 442, 4538, 1087, 1987, 5065, 842, 1873, 851, 856, 1369, 231, 3052, 1904, 370, 1013, 4474, 382, 8447]"
0.97,0.0,0.21773669794800898,"[4486, 632, 491, 132]"
0.48,0.02,0.37114481782079634,"[4485, 8456, 4489, 904, 8459, 4490, 8463, 4495, 4496, 1299, 31, 290, 1443, 806, 40, 1324, 428, 2993, 433, 3507, 1842, 1461, 5812, 951, 1847, 2359, 442, 4411, 1212, 4926, 3135, 4801, 582, 1094, 2016, 4065, 5216, 97, 614, 231, 1128, 1642, 1904, 5105, 1521, 1009, 5240, 7671, 632, 3194, 124, 3582, 8447]"
0.98,0.0,0.19549383775086937,"[6904, 2, 1356]"
0.25,0.03,0.47122872284504913,"[1026, 2, 8, 13, 14, 15, 527, 17, 144, 24, 162, 35, 163, 165, 2214, 40, 553, 42, 171, 1068, 172, 173, 1199, 49, 54, 58, 442, 62, 190, 67, 1092, 70, 582, 1094, 1098, 75, 77, 2126, 590, 2640, 80, 600, 346, 7006, 4447, 224, 97, 7905, 3810, 2660, 5732, 614, 4192, 1128, 1248, 2026, 3303, 5865, 6251, 108, 8300, 624, 2538, 5232, 3184, 4977, 5363, 8434, 5239, 1785, 4346, 3323, 124, 638, 7039, 5110]"
0.33,0.03,0.4876998734471413,"[30, 31, 32, 35, 38, 40, 553, 4139, 1068, 1582, 49, 51, 54, 55, 58, 62, 67, 1092, 582, 1098, 75, 588, 76, 2126, 86, 3490, 614, 173, 3760, 190, 4926, 833, 70, 1096, 1094, 2250, 590, 1231, 1872, 80, 3400, 6988, 214, 5966, 3923, 97, 172, 171, 1697, 163, 165, 7976, 889, 124, 904, 851, 856, 1443, 433, 1332, 1461, 951, 442, 4538, 1987, 5065, 458, 1013]"
0.54,0.02,0.43679724507254714,"[2, 13, 14, 527, 15, 17, 1553, 7647, 24, 30, 31, 32, 35, 38, 40, 553, 4139, 1068, 49, 54, 58, 62, 1092, 1098, 75, 588, 76, 2126, 86, 67, 2775, 1128, 7897, 3294, 224, 7905, 3810, 2660, 5732, 5865, 108, 8300, 5232, 3184, 5363, 5239, 638]"
0.23,0.03,0.43677779758967983,"[1026, 2054, 1546, 12, 13, 14, 15, 527, 17, 1553, 24, 30, 31, 32, 35, 38, 40, 553, 4139, 1068, 1582, 49, 51, 54, 55, 58, 1092, 5216, 614, 1128, 1668, 144, 2708, 3227, 1697, 163, 165, 171, 172, 192, 2250, 1231, 208, 209, 214, 8447, 8456, 8459, 8460, 2829, 8463, 1299, 290, 806, 808, 1324, 1332, 1872, 1873, 851, 856, 1369, 1904, 370, 4474, 382, 4485, 904, 4489, 4490, 1418, 1419, 4495, 4496, 1443, 428, 429, 442]"
0.45,0.01,0.3479194961671501,"[2054, 7179, 1676, 5134, 5010, 3987, 5013, 7445, 7957, 7190, 8348, 3485, 4254, 676, 932, 5798, 4647, 7589, 7780, 4141, 6574, 5167, 3504, 6065, 8498, 7089, 4020, 8117, 8023, 8614, 4664, 3129, 4918, 8632, 5176, 4153, 5689, 5695, 5107, 63, 4160, 6977, 5698, 3522, 4033, 1989, 1706, 1480, 3658, 1993, 8165, 6118, 6025, 8179, 5887, 877]"
0.96,0.0,0.27310857104482156,"[1026, 1546, 132, 2054, 2691]"
0.22,0.02,0.4406499255077294,"[30, 31, 40, 553, 32, 35, 38, 4139, 1068, 1582, 49, 51, 1553, 1555, 24, 3232, 8360, 5812, 1212, 4801, 3778, 5827, 2762, 202, 1248, 5860, 8434, 1785, 5370, 3323, 769, 4354, 1285, 7946, 271, 2327, 6428, 4901, 1836, 7469, 1841, 192, 1842, 1847, 2359, 4411, 4926, 833, 3400, 6988, 7502, 5971, 4436, 7006, 5997, 4977, 893, 5505, 1928, 5512, 1418, 1873, 6028, 6027, 8590, 4497, 920, 8093, 7584, 8097, 6052, 4312, 4015, 951, 2994, 7091, 1970, 2489, 1480]"
0.99,0.0,0.08733198352054283,"[2842, 7913]"
0.89,0.01,0.35018968970135245,"[8, 1546, 13, 527, 15, 17, 6976, 16, 20, 24, 25, 2993]"
0.28,0.03,0.4513751533345297,"[1026, 4478, 132, 2054, 265, 1546, 12, 13, 14, 15, 144, 1553, 1555, 24, 25, 26, 30, 162, 35, 1700, 163, 165, 2214, 40, 553, 808, 171, 1068, 172, 173, 3374, 49, 1332, 54, 58, 62, 190, 67, 1092, 70, 582, 1094, 3400, 1098, 75, 2250, 77, 590, 80, 1480, 202, 6988, 3021, 7502, 214, 8144, 5971, 4436, 7638, 806, 7006, 97, 4065, 8136, 624, 4977, 754, 1521, 1009, 8177, 7671, 893, 3582]"
0.18,0.03,0.441747868433804,"[1, 1026, 4222, 1546, 14, 527, 20, 284, 35, 614, 553, 42, 1068, 54, 67, 590, 2126, 2640, 600, 1128, 124, 3210, 192, 197, 75, 1199, 77, 58, 62, 1092, 49, 70, 3374, 97, 1094, 582, 1098, 80, 2255, 3658, 8165, 1254, 1787, 3923, 162, 4216, 877, 1651, 8179, 172, 5887, 173, 13, 2451, 2965, 3991, 928, 2017, 2531, 996, 484, 4489, 4490, 4495, 4496, 3490, 1443, 428, 429, 433, 946, 3507, 1461, 951, 442, 4538, 7615, 1987, 6595, 5065, 458, 2016, 2026]"
0.37,0.02,0.38469186649829235,"[4481, 190, 1231, 8459, 1804, 8463, 1299, 276, 806, 7467, 7469, 3374, 1842, 2359, 4926, 833, 5444, 3400, 6988, 7502, 5971, 4436, 851, 7006, 374, 6001, 4977, 379, 893, 7048, 5512, 1418, 1419, 8588, 1928, 8590, 6028, 2448, 4497, 2961, 6547, 4492, 406, 4496, 920, 2454, 8604, 413, 2466, 428, 429, 2993, 946, 3507, 433, 392, 1461, 442, 7615, 458, 906, 2016, 2026, 2442]"
0.69,0.02,0.4119779139810188,"[2054, 1546, 12, 13, 14, 15, 527, 17, 1553, 377, 30, 31, 32, 35, 38, 40, 553, 1068, 49, 54, 58, 62, 582, 132, 144, 162, 163, 165, 2214, 171, 172, 173]"
0.05,0.04,0.4507445289613474,"[1026, 1546, 132, 13, 527, 15, 17, 1553, 16, 20, 24, 25, 26, 30, 35, 40, 553, 42, 1068, 49, 54, 58, 62, 67, 1092, 70, 1094, 582, 1098, 75, 77, 590, 80, 97, 614, 624, 1663, 144, 162, 163, 165, 2214, 171, 172, 173, 2250, 1231, 214, 220, 231, 3829, 8446, 8459, 8460, 1804, 8463, 1299, 276, 806, 808, 1326, 3374, 1332, 824, 1873, 851, 1904, 881, 1907, 4468, 1657, 4472, 889, 4478, 4486, 392, 906, 4492, 4496, 2454, 920, 413, 1443, 428, 429, 2993, 946, 3507, 433, 1461, 442, 7615, 458, 2016, 2026, 7467]"
0.84,0.01,0.37378966891302035,"[2054, 1546, 12, 13, 14, 15, 527, 17, 1553, 377, 1608, 31, 32, 35, 38, 40, 553]"
0.21,0.03,0.4491380359034841,"[8, 14, 13, 527, 15, 1553, 17, 30, 32, 24, 25, 16, 35, 2993, 38, 40, 553, 4139, 1068, 1582, 49, 51, 54, 55, 58, 62, 67, 1092, 582, 1098, 75, 588, 76, 2126, 86, 5216, 614, 1128, 632, 127, 4739, 2708, 3227, 1697, 208, 209, 8447, 8456, 290, 851, 1904, 370, 4472, 889, 4476, 4477, 4481, 901, 906, 7051, 4491, 4492, 8078, 4494, 4493, 1420, 4499, 920, 413, 3490, 1443, 429, 946, 3253, 1461, 442, 3013, 458, 2016, 2026]"
0.93,0.0,0.2842705239526099,"[362, 6327, 1553, 529, 402, 1556, 17, 3965]"
0.64,0.01,0.29254117075297703,"[1792, 3078, 6281, 3725, 5774, 5649, 6674, 8211, 4249, 6172, 6812, 5277, 5792, 5668, 5797, 7214, 3758, 4144, 6833, 1075, 4149, 3128, 4665, 1213, 3135, 193, 2120, 5707, 594, 2660, 5732, 108, 8300, 5232, 3184, 5239, 638]"
0.24,0.01,0.35276357637942046,"[6657, 5640, 8265, 2640, 1626, 101, 7311, 6802, 6821, 2255, 1746, 5858, 5860, 8434, 1270, 1785, 8441, 5370, 3323, 6910, 1792, 769, 260, 1285, 4359, 7946, 5388, 271, 2327, 6428, 4901, 1836, 7469, 1842, 2359, 1339, 4926, 3923, 5971, 4436, 833, 5444, 3400, 6988, 7502, 7006, 5129, 4960, 3947, 4977, 6001, 1928, 5512, 906, 6027, 1418, 1419, 6028, 8590, 2448, 2961, 4497, 6547, 6035, 406, 8604, 7069, 2466, 7589, 2985, 1963, 2477, 1455, 436, 5565, 1993, 2510]"
0.4,0.01,0.33250304336855674,"[768, 3078, 6281, 2571, 5774, 3344, 5649, 6674, 8211, 4882, 4497, 4249, 5882, 6172, 6812, 5277, 5792, 5668, 5797, 7214, 3758, 6833, 1075, 4149, 3128, 4665, 2104, 3389, 3135, 193, 4034, 2120, 6346, 5707, 7372, 594, 6871, 2775, 7897, 3677, 3294, 4447, 224, 5729, 7905, 3810, 2660, 5732, 7006, 4192, 1248, 5865, 108, 8300, 5232, 3184, 5363, 5239, 4346, 5245, 638]"
0.1,0.02,0.4463466032707405,"[6658, 8200, 14, 527, 5143, 24, 4636, 4192, 5729, 6251, 5240, 3194, 4236, 7311, 1684, 8360, 5812, 1212, 192, 4801, 3778, 5827, 202, 2762, 2255, 1248, 5860, 8434, 1785, 5370, 3323, 6910, 769, 4354, 260, 1285, 4359, 7946, 5388, 271, 2327, 6428, 1823, 4901, 1836, 7469, 1841, 1842, 1847, 2359, 4411, 4926, 833, 3400, 6988, 7501, 7502, 5971, 4436, 7006, 4977, 893, 5505, 1928, 5512, 6027, 6028, 1419, 8590, 4497, 920, 8093, 7584, 1443, 428, 429, 433, 1970, 946, 3507, 1461, 951, 442, 4538, 7615, 1987, 6595, 5065, 458, 2016, 2026]"
0.33,0.01,0.41675249844816953,"[4642, 2654, 2655, 3330, 6910, 132, 260, 4359, 4749, 1832, 4192, 5729, 6251, 2255, 5240, 3194, 4236, 7311, 6802, 1687, 3232, 8360, 5812, 1212, 192, 4801, 3778, 5827, 2762, 202, 1248, 5860, 8434, 1785, 5370, 3323, 769, 4354, 1285, 7946, 271, 2327, 6428, 4901, 1836, 7469, 1841, 1842, 1847, 2359, 4411, 4926, 833, 3400, 6988, 7502, 5971, 4436, 7006, 5997, 4977, 893, 5505, 1928, 5512, 1418, 1419, 6028]"
0.15,0.03,0.4190388739226829,"[1, 2, 2578, 4149, 3128, 4665, 3135, 2120, 5707, 588, 5216, 2660, 614, 632, 127, 132, 144, 2708, 664, 3227, 1213, 192, 193, 6346, 7372, 2255, 208, 209, 6871, 2775, 7897, 224, 1248, 5860, 231, 8434, 1785, 5370, 3323, 6910, 8447, 769, 260, 1285, 8456, 7946, 8459, 5388, 8460, 271, 8463, 1299, 2327, 282, 6428, 290, 4901, 806, 808, 1836, 7469, 1324, 1842, 1332, 1866, 1873, 851, 856, 1369, 1904, 370, 4474, 382, 4481, 4485, 4489, 429, 946, 1461, 442, 7615, 6595, 5065, 2016, 2026, 5231]"
0.31,0.03,0.43342115301794426,"[1, 1026, 4222, 1546, 14, 527, 20, 284, 35, 614, 553, 42, 1068, 54, 67, 590, 2126, 2640, 600, 1128, 124, 3210, 192, 197, 75, 1199, 77, 58, 62, 1092, 49, 70, 3374, 97, 1094, 582, 1098, 80, 1865, 3658, 8165, 1254, 1787, 3923, 162, 4216, 877, 1651, 8179, 172, 5887, 173, 13, 2451, 2965, 3991, 928, 2017, 2531, 996, 484, 4489, 4490, 4495, 4496, 3490, 1443, 428, 429, 433]"
0.74,0.02,0.3494190402839028,"[1026, 132, 2054, 907, 8460, 13, 4493, 15, 144, 17, 1553, 1555, 8463, 1299, 24, 3227, 30, 31, 32, 1697, 290, 35, 38, 6595, 5447, 458, 5984]"
0.81,0.01,0.24630460058204917,"[6027, 4493, 8590, 4497, 920, 8093, 7584, 8097, 6052, 2472, 4015, 2993, 2994, 7091, 1970, 951, 2489, 1480, 8041, 4230]"
0.09,0.04,0.4509917226681128,"[2054, 7179, 13, 5134, 527, 24, 35, 40, 553, 42, 1068, 49, 54, 58, 62, 67, 1092, 1094, 70, 582, 1098, 75, 77, 590, 2126, 2640, 80, 600, 4192, 97, 2660, 5732, 614, 1128, 6251, 108, 8300, 624, 3210, 1676, 144, 162, 163, 165, 2214, 171, 172, 173, 1199, 190, 224, 7905, 3810, 1248, 3303, 5865, 1873, 851, 856, 1369, 7006, 4447, 1904, 370, 4474, 382, 7039, 4485, 4489, 4490, 6027, 4495, 4496, 4497, 1443, 428, 429, 433, 946, 3507, 1461, 951, 442, 4538, 7615, 1987, 6595, 5065, 458, 2016, 2026, 2538]"
0.16,0.02,0.4085760766449651,"[6658, 8200, 14, 5143, 24, 4636, 2654, 4192, 6251, 3185, 5240, 3194, 4236, 7311, 1684, 8360, 5812, 1212, 192, 4801, 3778, 5827, 202, 2762, 2255, 1248, 5860, 8434, 1785, 5370, 3323, 6910, 769, 4354, 260, 1285, 4359, 7946, 5388, 271, 2327, 6428, 1823, 4901, 1836, 7469, 1841, 1842, 1847, 2359, 4411, 4926, 833, 3400, 6988, 7501, 7502, 5971, 4436, 7006, 3947, 4977, 893, 5505, 1928, 5512, 1419, 6028, 6027, 8590, 4497, 920, 8093, 7069, 7584, 8097, 1443, 6052, 2472, 4015, 1970, 2994, 7091, 951, 446]"
0.09,0.02,0.41469549806291206,"[2, 13, 8265, 2640, 1626, 101, 7311, 6802, 6821, 2255, 1746, 5858, 5860, 8434, 1270, 1785, 8441, 5370, 3323, 6910, 1792, 769, 260, 1285, 4359, 7946, 5388, 271, 2327, 6428, 4901, 1836, 7469, 1842, 2359, 1339, 4926, 833, 5444, 3400, 6988, 7502, 3923, 5971, 4436, 7006, 4448, 4960, 3947, 4977, 6001, 1928, 5512, 906, 6027, 1418, 1419, 6028, 8590, 2448, 2961, 4497, 6547, 6035, 406, 8604, 7069, 2466, 7589, 2985, 1963, 2477, 1455, 436, 8628, 5565, 1993, 2510, 5073, 7134, 4065, 2017, 2531, 996, 484, 6118, 2537, 3562, 6123, 7671, 3582, 6044]"
0.98,0.0,0.1909565506247881,"[8448, 1642, 4480]"
0.8,0.01,0.3283771875672844,"[8448, 4494, 1553, 529, 402, 1556, 17, 946, 3507, 1461, 951, 4538, 442, 7615, 1987, 5065, 458, 2016, 1642, 2026, 3965]"
0.71,0.01,0.31154267775750877,"[6657, 5640, 4360, 7311, 6802, 4627, 6821, 8265, 5707, 2255, 2640, 1746, 1235, 594, 1626, 1248, 5858, 101, 2660, 3562, 3947, 108, 8300, 5232, 3184, 1270, 7671, 8441, 4221, 254]"
0.28,0.03,0.433752066322047,"[1026, 2054, 1546, 12, 13, 14, 15, 24, 1555, 754, 25, 30, 1553, 26, 40, 553, 1068, 49, 54, 58, 62, 67, 70, 1092, 582, 1094, 77, 1098, 75, 590, 80, 35, 97, 265, 624, 1700, 132, 144, 162, 2214, 173, 190, 220, 231, 8446, 1804, 2250, 1231, 214, 276, 1326, 3374, 163, 172, 171, 165, 824, 1461, 951, 442, 4538, 7615, 1987, 8459, 8460, 3535, 856, 851, 8463, 1299, 806, 808, 1332]"
0.99,0.0,0.14807645006389958,"[4485, 2434]"
0.37,0.02,0.34290930061652825,"[4481, 5505, 132, 1928, 5512, 1418, 1419, 6028, 6027, 8590, 4493, 4497, 2327, 920, 3991, 6428, 8093, 7584, 928, 5538, 6052, 4901, 2472, 1450, 7083, 1836, 7469, 7082, 4015, 6574, 2865, 1841, 1842, 2994, 7091, 1970, 1847, 2359, 951, 2489, 4411, 949, 4926, 833, 452, 6598, 3400, 2506, 6988, 7502, 5971, 4436, 3030, 2519, 3544, 4571, 7006, 5997, 4977, 3062, 2039, 632, 893, 6999]"
0.5,0.02,0.4502922359155481,"[8, 1546, 13, 527, 15, 17, 1553, 16, 20, 24, 25, 26, 30, 35, 40, 553, 42, 1068, 49, 54, 58, 62, 67, 1092, 70, 1094, 582, 1098, 75, 77, 590, 80, 97, 614, 624, 1663, 132, 144, 5478, 163, 165, 2214, 171, 172, 173, 2250, 1231, 214, 220, 231, 3829]"
0.52,0.02,0.43491509675649775,"[1026, 2, 132, 8, 265, 13, 14, 15, 16, 17, 1553, 527, 6503, 24, 25, 26, 30, 165, 163, 162, 2214, 3485, 1694, 4254, 1697, 676, 1443, 1092, 7088, 433, 946, 3507, 1461, 951, 442, 4538, 7615, 1987, 2016, 1872, 1873, 851, 856, 1369, 1904, 8539, 2026, 370, 4474]"
0.96,0.0,0.2268927486285176,"[1026, 192, 132, 5982, 4478]"
0.61,0.02,0.3895923388532794,"[1026, 2054, 1546, 12, 5262, 17, 5781, 5755, 31, 32, 7482, 38, 442, 7890, 8537, 247, 1128, 231, 4848, 624, 627, 1332, 1461, 2162, 4538, 1087, 1987, 5065, 842, 1873, 851, 856, 1369, 3052, 1904, 370, 1013, 4474, 382, 8447]"
0.22,0.02,0.4060244673564847,"[5505, 2054, 2950, 8200, 1928, 5512, 7179, 1418, 14, 527, 6027, 4493, 8590, 5143, 4497, 6028, 24, 5405, 6428, 920, 7069, 31, 1443, 7584, 8097, 8093, 6052, 4901, 806, 420, 808, 8360, 5812, 1836, 1212, 7469, 4015, 1841, 1842, 2994, 4801, 7091, 3778, 2359, 1847, 951, 2489, 4411, 6473, 4926, 2762, 833, 1248, 3400, 1480, 202, 5860, 6988, 8434, 7502, 1785, 5971, 4436, 5370, 7006, 3323, 769, 4977, 4354, 1285, 7946, 271, 893, 2327, 192, 5997, 1873, 4312, 1970]"
0.77,0.01,0.40297576089619,"[2054, 1546, 12, 13, 14, 15, 5150, 17, 1553, 377, 30, 31, 32, 35, 38, 40, 553, 1068, 49, 54, 58, 62, 582, 132]"
0.8,0.01,0.27802348333502147,"[6658, 8200, 4236, 14, 7311, 1684, 5143, 24, 4636, 8360, 5812, 1212, 192, 4801, 2654, 4192, 6251, 3185, 5240, 3194, 6005]"
0.4,0.03,0.43657803375912463,"[8, 14, 13, 527, 15, 1553, 17, 30, 32, 24, 25, 16, 35, 2993, 38, 40, 553, 4139, 1068, 1582, 49, 51, 54, 55, 58, 62, 67, 1092, 582, 1098, 75, 588, 76, 2126, 86, 5216, 614, 1160, 632, 127, 4739, 2708, 3227, 208, 209, 8447, 8456, 290, 214, 5966, 851, 856, 3923, 97, 7502, 4481, 1697, 3490, 1461, 442, 458]"
0.61,0.01,0.29370014636947606,"[5729, 4603, 2571, 5649, 6674, 8211, 6172, 5668, 7214, 4144, 1075, 4149, 3128, 4665, 3135, 2120, 5707, 594, 2660, 5732, 108, 8300, 5232, 3184, 5239, 638, 6281, 3389, 5774, 4249, 6812, 5277, 5792, 5797, 3758, 6833, 5245, 193, 6346, 7372]"
0.94,0.0,0.2361020935564937,"[4486, 632, 491, 132, 69, 5887, 877]"
1.0,0.0,0.025179031405450636,[1025]
0.99,0.0,0.0608755528303534,"[6595, 2435]"
0.2,0.03,0.4344497621762904,"[5505, 1285, 8456, 8459, 8460, 14, 15, 16, 17, 1553, 527, 2708, 25, 24, 30, 32, 35, 38, 40, 553, 4139, 1068, 49, 51, 55, 58, 54, 62, 67, 1582, 1092, 1098, 75, 588, 76, 209, 2126, 458, 582, 86, 5216, 614, 1128, 632, 127, 4739, 3227, 1697, 208, 8447, 290, 851, 1904, 370, 4472, 889, 4476, 4477, 901, 906, 7051, 4491, 4492, 8078, 4494, 4493, 1420, 4499, 920, 413, 3490, 1443, 1791, 2993, 946, 433, 1461, 442, 3013, 2016, 2026]"
0.52,0.02,0.3874715124574718,"[2, 4485, 895, 4489, 1418, 1419, 1676, 4490, 5134, 4495, 4496, 5010, 3987, 7445, 7957, 7190, 664, 3227, 8348, 3485, 1694, 4254, 1697, 162, 163, 676, 1443, 1092, 7088, 433, 946, 3507, 1461, 951, 442, 4538, 7615, 1987, 1872, 1873, 851, 856, 1369, 8539, 2016, 2026, 1904, 370, 4474]"
0.07,0.04,0.44672022803210143,"[1026, 2054, 1546, 12, 13, 14, 15, 24, 1555, 754, 25, 30, 26, 70, 40, 553, 1068, 49, 54, 58, 62, 67, 1553, 1092, 582, 1094, 77, 1098, 75, 590, 80, 97, 265, 624, 1700, 132, 162, 2214, 2126, 86, 5216, 632, 127, 573, 35, 3227, 192, 5065, 208, 209, 8447, 8456, 614, 290, 144, 1324, 1369, 1904, 370, 4474, 382, 4485, 1873, 172, 429, 2708, 1987, 856, 442, 851, 7615, 4538, 951, 1461, 171, 163, 946, 2016, 2026, 6595, 4489, 4490, 1443, 4495, 4496, 428, 3507, 8459, 8460, 1332, 8463, 1299, 806, 808]"
0.9,0.0,0.28803654814422364,"[8200, 202, 362, 7179, 14, 527, 5143, 6327, 24, 3965, 3922]"
0.63,0.01,0.3716117797033679,"[2993, 8041, 80, 2640, 7039, 600, 346, 7006, 4447, 224, 97, 7906, 3810, 2660, 5732, 614, 4192, 1128, 1248, 2026, 3303, 5865, 6251, 108, 8300, 624, 2538, 5232, 3184, 4977, 5363, 8434, 5239, 1785, 4346, 3323, 124, 638]"
0.42,0.01,0.3577725100976571,"[1792, 768, 3078, 6281, 2571, 3725, 5774, 3344, 5649, 6674, 8211, 4882, 5907, 5882, 2841, 6172, 6812, 5277, 5792, 1315, 5668, 5797, 7459, 3880, 7214, 3758, 4144, 6833, 1075, 4149, 3128, 4665, 1213, 3135, 193, 2120, 6346, 5707, 7372, 7502, 594, 6871, 2775, 7897, 3294, 224, 7905, 3810, 2660, 5732, 5865, 108, 8300, 5232, 3184, 5363, 5239, 4346, 638]"
0.81,0.01,0.33509035159644496,"[1026, 2054, 1546, 30, 920, 8093, 7584, 8097, 6052, 2472, 4015, 2993, 2994, 7091, 1970, 951, 2489, 1480, 8041, 4230]"
0.83,0.01,0.25646413376240373,"[5505, 2054, 2950, 8200, 1928, 5512, 7179, 1418, 14, 527, 6027, 4493, 8590, 5143, 4497, 3247, 24, 5405]"
0.43,0.03,0.46266500494412255,"[641, 1026, 132, 5381, 2054, 7179, 1676, 13, 5134, 527, 144, 8459, 24, 162, 35, 163, 165, 2214, 806, 40, 553, 42, 171, 1068, 173, 172, 1199, 1448, 49, 1324, 1332, 54, 442, 58, 190, 62, 192, 67, 1092, 1098, 75, 842, 2126, 208, 209, 1873, 851, 86, 1443, 808, 614, 231, 1128, 3947, 884, 632, 127, 1780]"
0.1,0.03,0.4451613140123132,"[1026, 2054, 7179, 13, 5134, 527, 24, 35, 40, 553, 42, 1068, 49, 54, 58, 62, 67, 1092, 70, 582, 1094, 1098, 75, 77, 590, 2126, 80, 2640, 600, 4192, 97, 2660, 5732, 614, 1128, 6251, 108, 8300, 5232, 624, 3184, 5239, 1676, 144, 162, 163, 165, 2214, 171, 172, 173, 1199, 190, 224, 7905, 3810, 1248, 3303, 5865, 8434, 1785, 4346, 3323, 5381, 346, 7006, 4447, 4977, 7039, 6027, 4495, 4496, 4497, 1443, 428, 429, 433, 946, 3507, 1461, 951, 442, 4538, 7615, 1987, 6595, 5065, 458, 2016, 2026, 2538]"
0.86,0.01,0.3418435901062996,"[1026, 2054, 1546, 12, 5262, 17, 5781, 5755, 31, 32, 38, 7482, 442, 7890, 5824]"
0.19,0.03,0.44957620602017534,"[4486, 2509, 2571, 5649, 6674, 8211, 17, 1553, 24, 35, 40, 553, 1068, 49, 54, 58, 62, 67, 1092, 582, 1098, 75, 77, 2126, 590, 2640, 80, 600, 97, 4749, 162, 163, 165, 2214, 171, 172, 173, 190, 2250, 1231, 214, 7952, 808, 1324, 1332, 4926, 833, 3400, 5966, 1872, 1873, 3923, 851, 1369, 1904, 370, 4474, 382, 4485, 904, 4489, 4490, 4495, 4496, 3490, 1443, 428, 429, 433, 946, 3507, 1461, 951, 442, 4538, 7615, 1987, 6595, 5065, 458, 2016, 2026]"
0.75,0.01,0.3609726882820671,"[1026, 2054, 5262, 17, 5781, 31, 32, 38, 6570, 3381, 5305, 442, 6907, 3703, 7504, 8537, 6747, 231, 1128, 4848, 624, 627, 247, 5755, 124, 2609]"
0.38,0.02,0.4394640321145973,"[769, 4354, 1285, 7946, 271, 2327, 920, 6428, 8093, 7069, 31, 7584, 8097, 1443, 6052, 4901, 806, 420, 808, 8360, 1836, 7469, 4015, 1841, 1842, 2994, 5812, 7091, 1970, 2359, 1847, 951, 2489, 4411, 1212, 4926, 3135, 192, 4801, 3778, 833, 3400, 6473, 2762, 1480, 202, 6988, 7502, 1873, 5971, 4436, 4312, 7006, 1248, 5860, 5997, 4977, 8434, 1785, 5370, 3323, 893, 4186]"
0.3,0.03,0.47185319043497265,"[458, 904, 5065, 30, 31, 32, 1697, 3490, 35, 163, 165, 38, 1443, 40, 553, 7976, 4139, 1068, 173, 1582, 172, 3760, 49, 171, 51, 433, 1461, 54, 55, 951, 1332, 58, 442, 4538, 62, 190, 4926, 833, 67, 1092, 1987, 582, 70, 1096, 1094, 1098, 75, 588, 76, 2126, 2250, 590, 1231, 1872, 80, 3400, 6988, 86, 5966, 214, 3923, 856, 851, 97, 614, 889, 5370, 3323, 124, 6910, 8446]"
0.21,0.02,0.40454795985782543,"[5729, 769, 5505, 8200, 7946, 202, 14, 527, 7501, 5143, 24, 4636, 2654, 4192, 6251, 5240, 3192, 4236, 7311, 1684, 1823, 8360, 5812, 1212, 192, 1970, 4801, 3778, 5827, 2762, 2255, 1248, 5860, 8434, 1785, 5370, 3323, 6910, 4354, 1285, 4359, 5388, 271, 2327, 6428, 4901, 1836, 7469, 1841, 1842, 1847, 2359, 4411, 4926, 260, 5971, 4436, 7006, 4977, 7502, 833, 6988, 893, 6658, 1928, 5512, 1419, 3400, 6027, 6028, 8590, 4497, 8093, 7584, 920, 8097, 6052, 2472, 1443, 951]"
0.49,0.01,0.3528367866027885,"[2054, 7179, 1676, 5134, 5010, 3987, 5013, 7445, 7957, 7190, 8348, 3485, 4254, 676, 932, 5798, 7589, 4141, 6574, 5167, 3504, 6065, 8498, 7089, 4020, 8117, 3126, 3894, 4664, 441, 3129, 4918, 8632, 5176, 4153, 5689, 5695, 6460, 63, 4160, 6977, 5698, 3522, 4033, 1989, 3144, 1480, 3658, 1993, 8165, 6118, 1462]"
0.73,0.01,0.41712905877638784,"[1026, 5381, 2054, 904, 1546, 12, 141, 14, 527, 144, 20, 24, 25, 26, 30, 3490, 163, 2214, 40, 4533, 254, 2537, 3562, 3947, 1270, 7671, 8441, 379]"
0.87,0.01,0.30673812196323613,"[214, 13, 3078, 15, 5447, 6281, 1553, 2571, 24, 30, 3725, 4493, 1555, 31]"
0.47,0.02,0.4535557341628421,"[1025, 3078, 2571, 5649, 6674, 8211, 17, 1553, 24, 35, 40, 553, 1068, 49, 58, 54, 62, 67, 1092, 1098, 75, 77, 2126, 582, 590, 2640, 80, 600, 97, 6985, 162, 163, 165, 173, 190, 2250, 214, 7952, 171, 172, 2214, 808, 1324, 1231, 1332, 4926, 833, 3400, 5966, 1872, 1873, 3923, 6595, 458]"
0.13,0.03,0.4276249428204959,"[1026, 2054, 7179, 13, 5134, 527, 24, 35, 40, 553, 42, 1068, 49, 54, 1846, 62, 67, 1092, 70, 582, 1094, 1098, 75, 77, 590, 2126, 5797, 3758, 6833, 1213, 193, 2660, 6346, 5732, 7372, 6871, 108, 8300, 5232, 2708, 3184, 5239, 3227, 1697, 4739, 208, 209, 8447, 8456, 290, 144, 231, 163, 165, 1324, 171, 172, 1369, 370, 4485, 4489, 4490, 1426, 1873, 1904, 851, 856, 1332, 382, 1406, 808, 4474, 8459, 806, 8460, 8463, 1299, 4495, 429, 951, 442, 4538, 7615, 1987, 6595, 5065, 2016, 2026]"
0.92,0.01,0.2476933794920051,"[8448, 1642, 4495, 527, 5143, 24, 5405, 31, 2273]"
0.81,0.01,0.34766664833795824,"[8125, 1026, 132, 5381, 2054, 7179, 1676, 13, 5134, 527, 144, 8459, 24, 162, 163, 165, 2214, 35, 40, 553]"
0.69,0.02,0.3942381205416412,"[1026, 2054, 5262, 17, 5781, 69, 6570, 3381, 5305, 32, 38, 1553, 377, 30, 35, 40, 553, 1068, 49, 54, 58, 62, 582, 132, 144, 162, 163, 165, 2214, 171, 172, 173]"
0.62,0.02,0.388821539103127,"[1026, 2054, 1546, 12, 5262, 17, 5781, 31, 32, 38, 1332, 1461, 442, 7482, 4538, 1087, 1987, 5065, 842, 1873, 7890, 851, 856, 8537, 1369, 231, 1128, 3052, 4848, 624, 2162, 627, 1904, 370, 1013, 247, 4474, 5755, 5311]"
0.77,0.02,0.3682336180895647,"[4481, 15, 1546, 12, 13, 14, 5150, 17, 1553, 377, 30, 31, 32, 35, 38, 40, 553, 1068, 49, 54, 5688, 62, 582, 132]"
0.55,0.02,0.4096439145055534,"[382, 2696, 5258, 30, 162, 163, 165, 2214, 40, 553, 171, 172, 1068, 49, 54, 58, 62, 67, 1092, 70, 582, 1094, 2505, 7890, 2016, 5729, 4065, 5216, 97, 614, 5735, 1128, 231, 1642, 1904, 5105, 1521, 1009, 124, 7671, 632, 3194, 5240, 3582, 8447, 4581]"
0.7,0.02,0.4043097491282013,"[1026, 2054, 13, 15, 17, 1553, 24, 26, 276, 42, 67, 1092, 70, 1094, 1098, 32, 38, 49, 54, 58, 40, 62, 553, 35, 1068, 75, 77, 590, 80, 132, 582]"
0.18,0.03,0.4059272908646715,"[5729, 769, 5505, 8200, 7946, 202, 14, 527, 7501, 5143, 24, 4636, 2654, 4192, 6251, 5240, 3192, 4236, 7311, 1684, 1823, 8360, 5812, 1212, 1970, 4801, 192, 3778, 5827, 2762, 1248, 2255, 5860, 8434, 1785, 5370, 3323, 6910, 4354, 1285, 4359, 1254, 1787, 3923, 162, 4216, 877, 1651, 8179, 172, 5887, 173, 13, 2451, 2965, 3991, 928, 2017, 2531, 996, 484, 4489, 4490, 4495, 4496, 3490, 428, 429, 433, 946, 3507, 1461, 442, 4538, 7615, 1987, 6595, 5065, 458, 951, 2016, 2026, 1453]"
0.63,0.02,0.4350349587834841,"[8, 1546, 3210, 13, 15, 527, 17, 1553, 16, 20, 24, 25, 26, 162, 35, 553, 42, 1068, 172, 173, 1199, 3374, 49, 54, 58, 62, 192, 67, 1092, 197, 70, 1094, 582, 1098, 75, 3658, 77, 2401]"
0.46,0.03,0.47730884493947623,"[2054, 1546, 12, 13, 14, 15, 527, 17, 1553, 377, 1608, 31, 32, 38, 806, 42, 35, 40, 553, 171, 1068, 173, 172, 1199, 1448, 49, 1324, 1332, 54, 442, 58, 190, 62, 192, 67, 1092, 1098, 75, 842, 2126, 208, 209, 1873, 3118, 86, 1443, 808, 614, 231, 1128, 3947, 884, 632, 127, 1780]"
0.36,0.01,0.39923293779732627,"[1792, 768, 3078, 6281, 1418, 2571, 1419, 3725, 5774, 3344, 5649, 6674, 8211, 4882, 5907, 2841, 6812, 6172, 5277, 5792, 1315, 5668, 5797, 7459, 3880, 7214, 3758, 4144, 6833, 1075, 4149, 1461, 3128, 4665, 1213, 3135, 193, 2120, 6346, 5707, 7372, 7502, 6871, 2775, 7897, 3294, 224, 7905, 3810, 2531, 2660, 5732, 996, 484, 5865, 4346, 6123, 108, 8300, 5232, 3184, 5363, 5239, 5882, 638]"
0.24,0.02,0.43084061858885125,"[1026, 5381, 2054, 904, 1546, 12, 141, 14, 527, 144, 20, 24, 25, 26, 30, 3490, 163, 2214, 40, 4533, 254, 2537, 3562, 3947, 1270, 7671, 5391, 271, 8441, 2327, 6428, 4901, 1836, 7469, 1842, 2359, 1339, 4926, 3923, 5971, 4436, 833, 5444, 3400, 6988, 7502, 7006, 5129, 4960, 4977, 6001, 1928, 5512, 906, 6027, 1418, 1419, 6028, 8590, 2448, 2961, 4497, 6547, 6035, 406, 8604, 7069, 2466, 7589, 2985, 1963, 2477, 1455, 436, 5565, 1993, 2510]"
0.44,0.03,0.44324615537538536,"[458, 4486, 2571, 4749, 7952, 5649, 6674, 8211, 17, 1553, 1873, 24, 162, 35, 163, 165, 2214, 40, 553, 171, 1068, 173, 172, 1324, 49, 1332, 54, 58, 62, 190, 4926, 833, 67, 1092, 6595, 582, 3400, 1098, 75, 2250, 2509, 77, 2126, 590, 2640, 80, 851, 1231, 5966, 214, 1872, 600, 1369, 3923, 97, 1904, 370]"
0.15,0.02,0.3851311486057447,"[2655, 4192, 5729, 6251, 632, 5240, 3194, 132, 4236, 4749, 7311, 1680, 6802, 1687, 3232, 8360, 5812, 1212, 192, 4801, 3778, 5827, 2758, 202, 2255, 1248, 5860, 8434, 1785, 5370, 3323, 6910, 769, 3330, 4354, 260, 1285, 4359, 7946, 271, 2327, 6428, 4901, 1836, 7469, 1841, 1842, 1847, 2359, 4411, 4926, 833, 3400, 6988, 7502, 5971, 4436, 7006, 5997, 4977, 893, 5505, 4486, 1928, 5512, 1418, 1419, 6028, 6027, 8590, 4493, 4497, 920, 8093, 7584, 6052, 2472, 4015, 2994, 7091, 1970, 951, 2489, 1480, 2519, 2196]"
0.15,0.03,0.42451500969055844,"[4486, 2509, 2571, 5649, 6674, 8211, 17, 1553, 24, 35, 40, 553, 1068, 49, 54, 58, 62, 67, 1092, 582, 1098, 75, 77, 2126, 590, 2640, 80, 600, 97, 4749, 162, 163, 165, 2214, 374, 8434, 1785, 5370, 3323, 6910, 8447, 769, 808, 1324, 1332, 260, 1285, 8456, 7946, 8459, 1873, 5388, 851, 1369, 1904, 370, 4474, 382, 8460, 271, 8463, 1299, 2327, 282, 6428, 290, 4901, 806, 4485, 1836, 4489, 7469, 1842, 1866, 856, 429, 4481, 946, 1461, 5231, 442, 7615, 6595, 5065, 2016, 2026]"
0.32,0.03,0.4621223128337385,"[5505, 1026, 5381, 2054, 1928, 5512, 1418, 7179, 1676, 13, 5134, 527, 144, 1419, 6028, 24, 162, 35, 163, 165, 2214, 40, 553, 42, 171, 1068, 173, 172, 1199, 49, 54, 442, 58, 190, 62, 833, 67, 1092, 70, 582, 1094, 3400, 1098, 75, 6988, 77, 590, 2126, 80, 2640, 7502, 5971, 4436, 600, 346, 7006, 4447, 224, 4192, 1248, 6251, 5997, 4977, 8434, 1785, 3323, 893, 7039, 7346]"
0.79,0.0,0.2633340192002802,"[906, 4636, 8360, 2993, 5812, 1212, 192, 4801, 7502, 5971, 4436, 2654, 7006, 4192, 6251, 4977, 6001, 3185, 6005, 5240, 3194, 5855]"
0.93,0.0,0.2441016932615102,"[4481, 97, 15, 4433, 5105, 1521, 1009, 976]"
0.07,0.03,0.419796425360659,"[4642, 2654, 2655, 3330, 2519, 6910, 260, 4359, 1480, 132, 4192, 5729, 4749, 1680, 6251, 5240, 3194, 2255, 4236, 7311, 6802, 1687, 3232, 8360, 5812, 1212, 4801, 192, 3778, 5827, 2758, 202, 1248, 5860, 8434, 1785, 5370, 3323, 769, 7946, 271, 2333, 6428, 4901, 1836, 7469, 3227, 5065, 208, 209, 8447, 8456, 614, 290, 144, 1324, 1369, 1904, 370, 4474, 382, 4485, 1873, 172, 429, 2708, 1987, 856, 442, 851, 7615, 4538, 1461, 171, 163, 946, 2016, 2026, 6595, 4489, 4490, 1443, 951, 4495, 4496, 428, 3507, 8459, 8460, 1332, 8463, 1299, 806, 808]"
0.71,0.02,0.4114055194142353,"[5381, 2054, 7179, 1676, 13, 5134, 527, 144, 24, 162, 35, 163, 165, 2214, 40, 553, 42, 171, 1068, 173, 172, 1199, 49, 54, 442, 58, 190, 62, 67, 1092]"
0.66,0.01,0.36260675676988285,"[1248, 8604, 2466, 2993, 80, 2640, 600, 346, 7006, 4447, 224, 97, 7906, 3810, 2660, 5732, 614, 4192, 1128, 8041, 2026, 3303, 5865, 6251, 108, 8300, 624, 2538, 5232, 3184, 5363, 4977, 8434, 7039, 4749]"
0.56,0.02,0.442039363940977,"[1026, 2, 8, 13, 14, 15, 16, 17, 1553, 527, 24, 25, 30, 32, 35, 165, 38, 2214, 40, 553, 4139, 1068, 171, 173, 49, 51, 54, 55, 58, 62, 190, 67, 1092, 582, 1098, 75, 588, 76, 2126, 86, 5216, 614, 1128, 624, 632]"
0.16,0.03,0.445366303382263,"[1026, 2054, 1546, 12, 13, 14, 15, 24, 1555, 754, 25, 30, 26, 70, 40, 553, 1068, 49, 54, 58, 62, 67, 1553, 1092, 582, 1094, 77, 1098, 75, 590, 80, 97, 265, 624, 1700, 132, 162, 2214, 2126, 86, 5216, 632, 127, 573, 35, 1841, 1842, 192, 1847, 2359, 4411, 4926, 833, 3400, 6988, 7502, 5971, 4436, 7006, 5997, 4977, 893, 5505, 1928, 5512, 1418, 1419, 6028, 6027, 1285, 8590, 4497, 1122, 920, 8093, 7584, 4354, 6052, 2472, 4015, 2994, 7091, 1970, 2489, 4493]"
0.03,0.03,0.45916942885245415,"[1, 1026, 6658, 1546, 14, 527, 20, 24, 35, 40, 553, 42, 1068, 54, 67, 590, 2126, 2640, 600, 1128, 3185, 124, 4222, 3210, 5812, 1212, 192, 4801, 3778, 5827, 2762, 2255, 1248, 5860, 8434, 1785, 5370, 3323, 6910, 4354, 260, 1285, 4359, 5388, 271, 2327, 6428, 4901, 1836, 7469, 1841, 1842, 1847, 2359, 4411, 4926, 833, 3400, 6988, 7502, 5971, 4436, 7006, 4977, 893, 1928, 5512, 7050, 1419, 6027, 6028, 8590, 4497, 920, 8093, 7069, 7584, 8097, 1443, 6052, 2472, 4015, 1970, 2994, 7091, 951, 446, 1480, 8136, 3021, 8144, 7638, 4065, 1521, 1009, 8177, 7671, 3582]"
0.76,0.01,0.38682637072463877,"[1026, 132, 2054, 1546, 12, 5262, 17, 5781, 31, 32, 38, 40, 553, 1068, 49, 54, 442, 7482, 58, 62, 5824, 582, 7890, 5755, 5846]"
0.48,0.02,0.4471248274617112,"[1989, 30, 31, 32, 6977, 3490, 35, 38, 40, 553, 4139, 1068, 173, 1582, 3760, 49, 51, 54, 55, 1462, 4153, 58, 5689, 6460, 3522, 62, 190, 4926, 833, 5695, 67, 1092, 63, 582, 70, 1096, 4160, 1098, 75, 588, 76, 2126, 3144, 1480, 3658, 1993, 86, 4033, 8165, 614, 6118, 5698, 4098]"
0.97,0.0,0.11409075731774776,"[1025, 5240, 3194, 727]"
0.85,0.01,0.3282229878931605,"[1792, 768, 32, 35, 38, 1608, 6281, 1418, 2571, 1419, 40, 553, 17, 1553, 377, 31]"
0.49,0.02,0.4198743189517802,"[4481, 15, 4433, 2214, 40, 553, 42, 171, 1068, 173, 172, 1199, 49, 54, 442, 58, 190, 62, 833, 67, 1092, 70, 582, 1094, 3400, 1098, 75, 1690, 77, 590, 2126, 80, 2640, 7502, 5971, 4436, 600, 346, 7006, 4447, 224, 4192, 1248, 6251, 5997, 4977, 8434, 1785, 3323, 893, 7039, 7346]"
0.09,0.04,0.44809497571199497,"[1026, 2054, 1546, 12, 5262, 17, 5781, 31, 287, 24, 32, 1332, 1461, 38, 30, 4538, 35, 442, 40, 553, 4139, 1068, 49, 1873, 856, 5065, 1369, 851, 1987, 54, 58, 62, 1092, 1098, 75, 588, 1904, 370, 76, 1128, 2126, 86, 5216, 614, 144, 2708, 3227, 1697, 4474, 163, 165, 171, 172, 192, 2250, 1231, 208, 209, 214, 8447, 8456, 8459, 8460, 2829, 8463, 1299, 290, 806, 808, 1324, 1872, 382, 4485, 904, 4489, 1418, 1419, 4490, 4495, 4496, 1443, 428, 429, 433, 946, 3507, 951, 7615, 6595, 458, 2016, 2026]"
0.3,0.03,0.45675711457962787,"[1026, 5381, 2054, 7179, 1676, 13, 5134, 527, 144, 24, 162, 35, 163, 165, 2214, 40, 553, 42, 171, 1068, 173, 172, 1199, 49, 54, 442, 58, 190, 62, 67, 1092, 70, 77, 1094, 1098, 75, 582, 590, 2640, 80, 2126, 7039, 600, 346, 7006, 4447, 224, 97, 7905, 3810, 2660, 588, 614, 76, 2250, 1231, 1872, 5401, 6988, 86, 5966, 214, 3923, 856, 851, 889, 5370, 6910, 8446, 3323, 124]"
0.96,0.0,0.17360654934077435,"[362, 5757, 6802, 5982, 4478]"
0.51,0.02,0.4311659769000393,"[1026, 2, 8, 13, 14, 15, 527, 17, 144, 24, 162, 35, 163, 165, 2214, 40, 553, 42, 171, 1068, 172, 173, 1199, 7088, 49, 433, 946, 3507, 1461, 54, 951, 58, 442, 4538, 62, 7615, 1987, 1092, 1872, 1873, 851, 856, 1369, 8539, 2016, 2026, 1904, 370, 4474, 2098]"
0.91,0.01,0.2535424658172949,"[5729, 769, 2273, 4495, 527, 5143, 24, 5405, 31, 5197]"
0.08,0.02,0.4000380618109626,"[4642, 2654, 2655, 4192, 5729, 101, 7311, 6802, 6821, 2255, 1746, 5858, 5860, 8434, 1270, 1785, 8441, 5370, 3323, 6910, 1792, 769, 260, 1285, 4359, 7946, 5388, 271, 2327, 6428, 4901, 1836, 7469, 1842, 2359, 1339, 4926, 833, 5444, 3400, 6988, 7502, 3923, 4436, 5971, 7006, 4448, 4960, 3947, 4977, 6001, 5512, 1928, 906, 6027, 1418, 6028, 1419, 8590, 2448, 4497, 2961, 6547, 6035, 406, 6044, 7069, 8604, 2466, 7589, 2985, 1963, 2477, 1455, 436, 8628, 5565, 1993, 2510, 5073, 7134, 4065, 2017, 2531, 996, 484, 6118, 2537, 3562, 6123, 7671, 3582, 4539]"
0.95,0.0,0.23985166246879785,"[1, 1026, 4478, 2635, 6802, 3923]"
0.09,0.02,0.42511486646799557,"[6658, 8200, 14, 5143, 24, 4636, 2654, 4192, 6251, 3185, 5240, 3194, 4236, 7311, 1684, 8360, 5812, 1212, 192, 4801, 3778, 5827, 202, 2762, 2255, 1248, 5860, 8434, 1785, 5370, 3323, 6910, 769, 4354, 260, 1285, 4359, 7946, 5388, 271, 2327, 6428, 1823, 4901, 1836, 7469, 1841, 1842, 1847, 2359, 4411, 4926, 833, 3400, 6988, 7501, 7502, 5971, 4436, 7006, 3947, 4977, 893, 5505, 1928, 5512, 1419, 6028, 6027, 8590, 4497, 920, 7069, 8093, 7584, 8097, 1443, 6052, 2472, 4015, 2994, 7091, 1970, 951, 7615, 1987, 6595, 5065, 458, 2016, 2026, 4452]"
0.85,0.01,0.3701700058399504,"[32, 1, 35, 2054, 1608, 40, 1546, 42, 12, 553, 14, 527, 15, 20, 24, 31]"
0.28,0.03,0.4230769837378744,"[5505, 769, 382, 260, 1285, 4485, 4481, 8456, 4489, 7946, 8459, 8460, 2829, 907, 8463, 5388, 17, 1553, 1299, 2708, 1555, 271, 2327, 282, 6428, 30, 31, 2594, 290, 932, 4901, 5798, 2214, 4648, 808, 806, 171, 172, 1324, 1582, 1836, 7469, 429, 1842, 946, 1332, 1461, 54, 442, 7615, 6595, 70, 1094, 582, 5065, 458, 1866, 1228, 1231, 209, 1873, 851, 856, 1369, 2016, 2026, 1131, 5231, 1904, 370, 4474, 6910, 8447]"
0.93,0.0,0.12980065469503188,"[1792, 3078, 2571, 5649, 6674, 8211, 6172, 6368]"
0.27,0.03,0.481804240825237,"[904, 30, 31, 32, 1697, 3490, 35, 163, 165, 38, 1443, 40, 553, 7976, 4139, 1068, 173, 1582, 172, 3760, 433, 51, 171, 1461, 54, 55, 951, 1332, 58, 4538, 442, 62, 4926, 190, 833, 67, 1092, 1987, 582, 70, 1096, 5065, 458, 1094, 1098, 75, 2126, 590, 80, 4192, 1248, 97, 5732, 614, 3303, 1128, 5865, 2026, 6251, 108, 8300, 2538, 624, 5232, 3184, 4977, 5363, 8434, 5239, 1785, 4346, 3323, 124, 638]"
0.37,0.03,0.39145209924116686,"[1026, 2054, 1546, 12, 5262, 17, 5781, 5755, 31, 32, 38, 7482, 442, 7890, 8537, 247, 231, 1128, 4848, 624, 627, 3703, 6907, 124, 5484, 8447, 8456, 290, 1324, 1369, 163, 172, 171, 165, 370, 144, 4485, 4489, 4490, 429, 1426, 4538, 1873, 1904, 851, 856, 7615, 1987, 6595, 5065, 2016, 2026, 1332, 382, 1406, 808, 4474, 8459, 806, 8460, 8452, 1299, 4495, 951]"
0.26,0.03,0.4720594053338367,"[5505, 2054, 2950, 8200, 1928, 5512, 1772, 7179, 162, 527, 35, 163, 165, 2214, 40, 553, 42, 171, 1068, 24, 173, 172, 1199, 49, 54, 442, 58, 190, 62, 67, 1092, 70, 582, 1094, 1098, 75, 77, 590, 2126, 80, 2640, 7039, 600, 346, 7006, 4447, 224, 97, 7905, 3810, 2660, 5732, 614, 4192, 1128, 1248, 2026, 3303, 5865, 6251, 108, 8300, 624, 2538, 5232, 3184, 4977, 5363, 8434, 5239, 1785, 4346, 3323, 124, 638]"
0.03,0.04,0.45329524781401087,"[8, 14, 15, 527, 1622, 1553, 17, 30, 42, 24, 590, 2640, 35, 600, 1128, 40, 553, 124, 1068, 3210, 49, 1199, 54, 192, 58, 62, 67, 1092, 582, 1098, 75, 197, 172, 2126, 173, 162, 614, 70, 1094, 77, 80, 3374, 624, 1663, 132, 144, 1904, 881, 163, 214, 1907, 4468, 851, 4470, 97, 4472, 889, 4476, 276, 4478, 1299, 165, 2214, 171, 190, 2250, 1231, 458, 231, 8446, 8459, 1804, 442, 1461, 8463, 806, 808, 1326, 3490, 1332, 824, 1873, 4473, 4475, 382, 4482, 4495, 4496, 402, 914, 433, 906, 951, 1745, 4492, 1443, 920, 4493]"
0.9,0.01,0.29620736511866963,"[1, 202, 3540, 7179, 5143, 6327, 14, 527, 3965, 3922, 24]"
0.98,0.0,0.21096141014503278,"[1, 2434, 61]"
0.96,0.0,0.2755588307475716,"[2054, 1546, 12, 5262, 17]"
0.84,0.01,0.28313951644519153,"[1026, 5381, 2054, 1676, 13, 5134, 527, 144, 14, 6027, 4493, 8590, 4497, 3247, 5143, 24, 5405]"
0.81,0.01,0.34399242557376464,"[5505, 1026, 5381, 2054, 1928, 5512, 1418, 7181, 1676, 13, 5134, 527, 144, 1419, 6028, 24, 162, 35, 163, 165]"
0.36,0.03,0.46323060739481026,"[1026, 5381, 2054, 1928, 5512, 1418, 7179, 1676, 13, 5134, 527, 144, 1419, 6028, 24, 162, 35, 163, 165, 2214, 40, 553, 42, 171, 1068, 173, 172, 1199, 49, 54, 442, 58, 190, 62, 833, 67, 1092, 70, 582, 1094, 3400, 1098, 75, 6988, 77, 590, 2126, 80, 7502, 2640, 5971, 4436, 600, 346, 7006, 4447, 224, 4192, 1248, 6251, 5997, 4977, 124, 4222, 1663]"
0.78,0.0,0.2631686816578994,"[1025, 3078, 2571, 5649, 5812, 1212, 192, 4801, 7502, 5971, 4436, 7006, 2654, 4192, 5855, 6251, 4977, 6001, 3185, 6005, 5240, 3194, 276]"
0.75,0.0,0.26498592039396396,"[1792, 768, 3078, 6281, 1418, 2571, 1419, 3725, 5774, 3344, 5649, 6674, 8211, 4882, 5907, 2841, 6172, 6812, 5277, 5792, 1315, 5668, 5797, 7459, 5484, 3702]"
0.2,0.04,0.44868792450230266,"[1, 1026, 4222, 1546, 14, 527, 20, 24, 35, 40, 5028, 17, 1068, 54, 67, 1553, 2126, 25, 30, 1128, 32, 38, 4139, 1582, 51, 55, 588, 75, 76, 86, 5216, 632, 127, 58, 1092, 62, 49, 4739, 582, 1098, 2708, 3227, 851, 614, 1697, 208, 209, 1904, 8447, 8456, 290, 370, 4477, 4472, 889, 4476, 901, 7051, 4491, 8078, 4494, 1420, 4499, 413, 429, 2993, 946, 3013, 2016, 2026, 906, 4492, 13, 4493, 920, 3490, 1443, 433, 1461, 442, 458]"
0.83,0.01,0.2734011993155028,"[6658, 8200, 7405, 14, 7311, 1684, 5143, 24, 4636, 8360, 5812, 1212, 192, 4801, 2654, 4192, 6251, 3185]"
0.22,0.03,0.4460549902744223,"[1026, 2054, 1546, 12, 13, 14, 15, 1553, 1555, 24, 25, 26, 30, 35, 40, 553, 1068, 49, 54, 58, 573, 62, 67, 1092, 70, 582, 1094, 1098, 75, 77, 590, 2126, 80, 86, 5216, 97, 614, 624, 632, 127, 132, 144, 2708, 3227, 162, 163, 1700, 2214, 171, 172, 192, 208, 209, 754, 8447, 8456, 265, 1299, 290, 1324, 1873, 851, 856, 1369, 1904, 370, 4474, 382, 4485, 946, 1461, 951, 442, 4538, 7615, 1987, 5065, 2016, 2026]"
0.12,0.03,0.4201382054340145,"[2054, 7179, 13, 5134, 527, 24, 35, 40, 553, 42, 1068, 49, 54, 62, 67, 1092, 1094, 582, 70, 1098, 75, 77, 590, 2126, 2660, 5732, 108, 8300, 5232, 3184, 5239, 4739, 144, 2708, 3227, 1697, 163, 5797, 165, 171, 172, 3758, 6833, 1213, 193, 6346, 7372, 208, 209, 6871, 231, 8447, 8456, 8459, 8460, 8463, 1299, 290, 806, 808, 1324, 1332, 1846, 1873, 851, 856, 1369, 1904, 370, 4474, 1406, 382, 4485, 4489, 4490, 4495, 1426, 429, 951, 442, 4538, 7615, 1987, 6595, 1989, 5065, 2016, 2026, 5593]"
0.43,0.01,0.3801548409289952,"[1792, 6657, 769, 4354, 260, 1285, 4359, 5640, 7946, 5388, 7311, 271, 4881, 6802, 4627, 2327, 6428, 7069, 6821, 4901, 1836, 7469, 1841, 1842, 2994, 1847, 2359, 1339, 4411, 4926, 833, 2758, 3400, 8265, 8136, 6988, 6910, 2255, 2640, 5966, 1746, 1235, 3923, 7502, 5460, 5971, 1626, 1248, 4065, 5858, 101, 1521, 8434, 1009, 7671, 1785, 5370, 3582]"
0.54,0.01,0.34559699424030754,"[2054, 7179, 1676, 5134, 5010, 3987, 7445, 7957, 7190, 8348, 3485, 4254, 676, 932, 5798, 4647, 7589, 4141, 6574, 5167, 3504, 6065, 8498, 7089, 4020, 8117, 3126, 3894, 4664, 441, 3129, 4918, 8632, 5176, 4153, 5689, 5695, 6460, 63, 4160, 6977, 5698, 3522, 4033, 1989, 3144, 1480]"
0.61,0.02,0.36943103822423007,"[1026, 132, 2054, 907, 8460, 13, 4493, 15, 144, 17, 1553, 1555, 5447, 1299, 24, 4112, 30, 31, 5984, 8463, 4490, 4495, 4496, 1443, 428, 429, 433, 946, 3507, 32, 290, 38, 35, 1697, 458, 6595, 951, 7615, 2016, 2026]"
0.22,0.03,0.4260552776257157,"[4642, 2654, 2655, 3330, 2519, 6910, 260, 4359, 1480, 132, 5729, 4192, 4749, 1680, 5240, 6251, 3194, 2255, 4236, 6802, 7311, 1687, 3232, 3778, 5827, 5812, 1212, 2758, 8360, 202, 1248, 5860, 8434, 4801, 1785, 192, 5370, 3323, 769, 7946, 271, 2333, 6423, 4901, 1836, 7469, 3227, 5065, 208, 209, 8447, 8456, 614, 290, 144, 1324, 1369, 1904, 370, 4474, 382, 4485, 1873, 172, 429, 2708, 1987, 856, 442, 851, 7615, 4538, 1461, 171, 163, 946, 2016, 2026, 6595]"
0.9,0.0,0.19926292849684757,"[4065, 2434, 4485, 1521, 1009, 8177, 7638, 7671, 7069, 3582, 1293]"
0.68,0.01,0.31098293988394543,"[6658, 8200, 7405, 14, 7311, 1684, 5143, 24, 4636, 3185, 5812, 1212, 8360, 4489, 2693, 4490, 1443, 192, 4801, 951, 6251, 4192, 4495, 4496, 428, 3507, 8459, 8460, 1332, 8463, 1299, 806, 808]"
0.1,0.03,0.4550259833707885,"[1026, 2054, 1546, 12, 14, 527, 20, 24, 25, 26, 30, 141, 144, 5812, 1212, 192, 4801, 3778, 5827, 202, 2762, 2255, 1248, 5860, 8434, 1785, 5370, 3323, 6910, 769, 4354, 260, 5381, 1285, 4359, 7946, 5388, 271, 2327, 6428, 1823, 4901, 1836, 7469, 1841, 1842, 1847, 2359, 4411, 4926, 833, 3400, 6988, 7501, 7502, 5971, 4436, 7006, 4452, 3947, 4977, 893, 5505, 904, 5512, 1928, 1419, 6028, 6027, 8590, 4497, 920, 7069, 8093, 7584, 8097, 1443, 6052, 2472, 4015, 2994, 7091, 1970, 951, 7615, 1987, 6595, 5065, 458, 2016, 2026]"
0.44,0.01,0.3627131783827594,"[6658, 8200, 14, 7311, 1684, 5013, 7445, 7957, 7190, 8348, 3485, 4254, 676, 932, 5798, 4647, 7589, 4141, 6574, 5167, 3504, 6065, 8498, 7089, 4020, 8117, 3126, 3894, 4664, 441, 3129, 4918, 8632, 5176, 4153, 5689, 5695, 6460, 63, 4160, 6977, 5698, 3522, 4033, 1989, 3144, 1480, 3658, 1993, 8165, 6118, 1462, 7405, 877, 8179, 5887, 895]"
0.21,0.03,0.48853314041483564,"[1, 2054, 1546, 12, 14, 527, 20, 24, 38, 40, 553, 42, 49, 54, 58, 62, 67, 1092, 70, 582, 1096, 1094, 1098, 75, 590, 80, 97, 614, 3185, 124, 644, 141, 1697, 162, 163, 165, 2214, 171, 172, 173, 3760, 190, 2250, 1231, 222, 1332, 4926, 833, 3400, 6988, 5966, 7502, 1872, 3923, 856, 889, 904, 7050, 920, 3490, 1443, 428, 4015, 433, 2994, 7091, 1461, 951, 4538, 442, 446, 1987, 1480, 5065, 458, 8136, 3021, 8144, 7124, 1013]"
0.41,0.01,0.31710934383938894,"[768, 4485, 3078, 6281, 2571, 3725, 5774, 3344, 5649, 6674, 8211, 4882, 5907, 2841, 6812, 6172, 5277, 5792, 1315, 5668, 5797, 7459, 3880, 7214, 3758, 4144, 6833, 1075, 4149, 3128, 4665, 1213, 3135, 193, 2120, 6346, 5707, 7372, 7502, 594, 6871, 2775, 7897, 3294, 224, 7905, 3810, 2660, 5732, 5865, 4346, 108, 8300, 5232, 3184, 5363, 5239, 5882, 638, 2498]"
0.13,0.02,0.4850611143123139,"[6657, 5640, 5129, 8265, 2640, 80, 1626, 97, 101, 614, 3185, 124, 7311, 6802, 6821, 2255, 1231, 1746, 214, 222, 5858, 5860, 8434, 1270, 1785, 8441, 5370, 3323, 6910, 1792, 769, 260, 1285, 4359, 7946, 5388, 271, 2327, 6428, 4901, 1836, 7469, 1842, 2359, 1339, 4926, 833, 5444, 3400, 6988, 5966, 7502, 1872, 5971, 3923, 4436, 856, 7006, 4960, 3947, 4977, 6001, 889, 1928, 906, 7050, 920, 7069, 1443, 428, 4015, 2994, 7091, 446, 1480, 5065, 8136, 3021, 8144, 7124, 7638, 4065, 1521, 1009, 8177, 1013, 7671, 3582]"
0.17,0.02,0.3756892746595639,"[4642, 2654, 2655, 4192, 5729, 101, 7311, 6802, 6821, 2255, 1746, 5858, 5860, 8434, 1270, 1785, 8441, 5370, 3323, 6910, 1792, 769, 260, 1285, 4359, 7946, 5388, 271, 2327, 6428, 4901, 1836, 7469, 1842, 2359, 1339, 4926, 833, 5444, 3400, 6988, 7502, 3923, 4436, 5971, 7006, 4448, 4960, 3947, 4977, 6001, 5512, 1928, 906, 6027, 1418, 6028, 1419, 2448, 4497, 2961, 6547, 6035, 406, 6044, 7069, 8604, 2466, 7589, 2985, 1963, 2477, 1455, 436, 8628, 5565, 1993, 2510, 5073, 7134, 4065, 2017, 2531, 996]"
0.35,0.01,0.36747190293746657,"[1792, 3078, 2571, 5649, 6674, 8211, 6172, 5668, 7214, 4144, 1075, 4149, 3128, 4665, 3135, 2120, 5707, 594, 2660, 5732, 108, 8300, 5232, 3184, 5239, 638, 6281, 3725, 5774, 4249, 6812, 5277, 5792, 5797, 3758, 6833, 1213, 193, 6346, 7372, 6871, 2775, 7897, 3294, 224, 7905, 3810, 5865, 5363, 4346, 5882, 7502, 768, 3344, 4882, 5907, 2841, 1315, 7459, 3880, 2345, 7986, 815, 316, 5448, 2381]"
0.8,0.01,0.39037548476800166,"[2054, 8200, 1546, 12, 14, 527, 20, 24, 38, 40, 553, 42, 49, 54, 141, 62, 67, 1092, 70, 582, 1096]"
0.32,0.01,0.3603554784855174,"[6657, 5640, 8265, 2640, 1626, 101, 7311, 6802, 6821, 2255, 1746, 5858, 5860, 8434, 1270, 1785, 8441, 5370, 3323, 6910, 1792, 769, 260, 1285, 4359, 7946, 5388, 271, 2327, 6428, 4901, 1836, 7469, 1842, 2359, 1339, 4926, 3923, 5971, 4436, 833, 5444, 3400, 5803, 7502, 7006, 5129, 4960, 3947, 4977, 6001, 1928, 5512, 906, 6027, 1418, 1419, 6028, 8590, 2448, 2961, 4497, 6547, 6035, 406, 8604, 7069, 2466, 7589]"
0.18,0.03,0.4517923788650926,"[2054, 1546, 12, 5649, 17, 6674, 8211, 1553, 24, 35, 40, 553, 1068, 49, 54, 58, 62, 67, 1092, 582, 1098, 75, 77, 2126, 590, 2640, 80, 600, 97, 4749, 162, 163, 165, 2214, 171, 172, 173, 190, 2250, 1231, 214, 7952, 808, 1324, 1332, 4926, 833, 3400, 5966, 1872, 1873, 3923, 851, 1369, 1904, 370, 4474, 382, 4485, 904, 4489, 4490, 4495, 4496, 3490, 1443, 428, 429, 433, 946, 3507, 1461, 951, 442, 4538, 7615, 1987, 6595, 5065, 458, 2016, 2026, 3336]"
0.29,0.03,0.4328771232404489,"[458, 644, 2054, 904, 7050, 5065, 4493, 141, 3959, 920, 7069, 1697, 162, 163, 3490, 165, 2214, 1443, 171, 172, 173, 428, 4015, 3760, 433, 2994, 7091, 1332, 1461, 951, 442, 190, 4926, 446, 833, 1987, 1094, 3400, 1480, 1098, 75, 2250, 6988, 590, 1231, 80, 5966, 7502, 1872, 3923, 3021, 214, 8144, 856, 7124, 7638, 222, 3937, 97, 4065, 614, 8136, 3582, 3185, 1521, 1009, 8177, 1013, 7671, 889, 124, 4478]"
0.42,0.02,0.45437799522237177,"[1, 2434, 1419, 6028, 527, 144, 24, 162, 35, 163, 165, 2214, 40, 553, 42, 171, 1068, 173, 172, 1199, 49, 54, 442, 58, 61, 190, 62, 833, 67, 1092, 70, 582, 1094, 3400, 1098, 75, 6988, 77, 590, 2126, 80, 7502, 2640, 5971, 4436, 600, 346, 7006, 4447, 224, 4192, 1248, 6251, 5997, 4977, 124, 4222, 1663, 6920]"
0.58,0.01,0.3939664477593148,"[1248, 8604, 2466, 2993, 80, 600, 2640, 346, 7006, 4447, 224, 97, 7906, 3810, 2660, 5732, 614, 4192, 1128, 8041, 2026, 3303, 5865, 6251, 108, 8300, 624, 2538, 5232, 3184, 5363, 4977, 8434, 4555, 4749, 8177, 7638, 2489, 2472, 1443, 8093, 4015, 951]"
0.93,0.0,0.29688366413746026,"[1026, 4112, 13, 15, 17, 407, 1521, 1009]"
0.05,0.04,0.45419538550826,"[5505, 1026, 5381, 2054, 1928, 5512, 1418, 7180, 1676, 13, 5134, 527, 144, 1419, 6028, 24, 162, 35, 163, 165, 2214, 40, 553, 42, 171, 1068, 173, 172, 1199, 49, 54, 442, 58, 190, 62, 833, 67, 1092, 70, 582, 1094, 3400, 1098, 75, 6988, 77, 590, 2126, 80, 2640, 7502, 5971, 4436, 600, 346, 7006, 4447, 1299, 276, 806, 808, 1326, 3374, 1332, 824, 1873, 851, 1904, 881, 1907, 4468, 1657, 4472, 889, 4478, 4486, 392, 906, 4492, 4496, 2454, 920, 413, 1443, 428, 429, 2993, 946, 3507, 433, 1461, 7615, 458, 2016, 2026, 7467]"
0.67,0.02,0.38643963339534115,"[4481, 132, 1546, 12, 13, 14, 15, 17, 1553, 30, 5150, 32, 31, 162, 38, 40, 553, 1068, 49, 54, 5688, 62, 1094, 582, 1098, 75, 77, 590, 80, 856, 97, 624, 377, 1663]"
0.97,0.0,0.15613999994953787,"[1021, 3078, 2571, 4478]"
0.27,0.03,0.4630897051011609,"[1026, 5381, 2054, 7179, 1676, 13, 5134, 527, 144, 24, 162, 35, 163, 165, 2214, 40, 553, 42, 171, 1068, 173, 172, 1199, 49, 564, 442, 58, 190, 62, 67, 1092, 70, 77, 7039, 1094, 1098, 75, 590, 2640, 80, 346, 7006, 600, 2126, 582, 4447, 224, 97, 7905, 3810, 2660, 588, 614, 76, 1872, 5401, 6988, 86, 1231, 5966, 3923, 856, 5370, 2250, 214, 889, 6910, 3323, 8446, 1443, 851, 124, 920, 4493]"
0.99,0.0,0.14457984662449652,"[4481, 7832]"
0.73,0.02,0.4102099390808521,"[1026, 2054, 1546, 12, 13, 14, 15, 1553, 1555, 24, 25, 26, 30, 40, 553, 1068, 49, 54, 58, 62, 67, 1092, 70, 754, 1270, 7671, 8441, 254]"
0.07,0.04,0.44735412729022894,"[5505, 2054, 2950, 8200, 1928, 5512, 1772, 7179, 162, 527, 35, 163, 165, 2214, 40, 553, 42, 171, 1068, 173, 1199, 172, 190, 49, 54, 442, 2640, 58, 62, 67, 1092, 70, 582, 1094, 1098, 75, 77, 590, 2126, 80, 7039, 600, 346, 7006, 24, 4447, 224, 97, 7905, 3810, 2660, 5732, 614, 4192, 1128, 1248, 2026, 3303, 144, 1324, 1369, 1904, 624, 370, 4474, 382, 4485, 1873, 429, 2708, 1987, 856, 851, 7615, 4238, 951, 1461, 946, 2016, 6595, 4489, 4490, 1443, 4495, 4496, 428, 3507, 8459, 8460, 1332, 8463, 1299, 806, 808]"
0.87,0.0,0.24566461539271045,"[3947, 1680, 2993, 1651, 6186, 3923, 3658, 1993, 8165, 6118, 1462, 8179, 5887, 877]"
0.7,0.02,0.40875714196583013,"[1026, 2, 8, 13, 14, 15, 16, 17, 1553, 527, 24, 25, 294, 165, 2214, 40, 553, 4139, 1068, 171, 35, 32, 38, 173, 49, 51, 54, 55, 58, 62, 190]"
0.02,0.02,0.4465123370538826,"[1026, 1546, 220, 13, 527, 15, 17, 1553, 7501, 5143, 24, 4636, 2654, 5240, 3194, 4236, 7311, 1684, 1823, 8360, 5812, 1212, 192, 1970, 4801, 3778, 5827, 2762, 2255, 5860, 5370, 6910, 4354, 1285, 4359, 5388, 271, 2327, 6428, 4901, 1836, 7469, 1841, 1842, 1847, 2359, 4411, 4926, 260, 833, 6988, 4192, 7502, 6251, 4977, 1785, 3323, 8434, 1248, 5971, 4436, 7006, 3400, 6658, 1928, 893, 5512, 1419, 6027, 6028, 8590, 4497, 920, 8093, 7584, 8097, 6052, 2472, 4015, 1480, 2994, 7091, 951, 7050, 446, 8136, 3021, 3185, 8144, 7124, 7638, 4065, 1521, 1443, 1009, 8177, 7671, 3582, 7069]"
0.59,0.02,0.3954495298225683,"[1026, 132, 2054, 907, 8460, 13, 4493, 15, 144, 17, 1553, 1555, 8463, 1299, 24, 3227, 30, 31, 32, 1697, 290, 35, 38, 6595, 67, 1092, 582, 5447, 458, 1098, 75, 588, 76, 2126, 86, 5984, 5216, 614, 1128, 624, 632, 4121]"
0.96,0.0,0.17524459251772062,"[4642, 4493, 2654, 4478, 7445]"
0.85,0.01,0.30910896881407524,"[1792, 3078, 6281, 3725, 5774, 38, 1608, 1418, 2571, 7438, 40, 553, 17, 1553, 377, 31]"
0.82,0.01,0.3780761813750171,"[2054, 8200, 1546, 12, 141, 14, 527, 20, 24, 35, 165, 38, 40, 553, 42, 49, 54, 62, 67]"
0.99,0.0,0.05893661420476304,"[2434, 2727]"
0.64,0.01,0.32453168893751927,"[1792, 768, 32, 35, 1223, 6674, 6281, 8211, 4249, 6172, 6812, 5277, 5792, 5668, 5797, 7214, 3758, 4144, 6833, 1075, 4149, 3128, 4665, 1213, 3135, 193, 2120, 5707, 594, 2660, 5732, 108, 8300, 5232, 3184, 5239, 638]"
0.8,0.01,0.35416337025985056,"[5505, 1026, 5381, 2054, 1928, 5512, 1418, 7179, 1676, 13, 5134, 527, 144, 1419, 6028, 162, 1092, 24, 70, 582, 1096]"
0.52,0.02,0.45227299023833334,"[2054, 8200, 904, 1546, 7050, 12, 141, 14, 527, 20, 24, 920, 3490, 1443, 38, 40, 553, 42, 428, 4015, 49, 433, 2994, 7091, 1461, 54, 951, 4538, 442, 62, 446, 67, 1092, 1987, 70, 582, 1096, 1480, 5065, 458, 8136, 3021, 7502, 1872, 8144, 7124, 856, 1013, 889]"
0.68,0.02,0.39416456974702563,"[1582, 8200, 1546, 12, 14, 527, 20, 24, 38, 40, 553, 42, 49, 54, 58, 62, 67, 1092, 70, 582, 1096, 1094, 1098, 8460, 8463, 1299, 806, 808, 1443, 3185, 428, 1332, 951]"
0.31,0.03,0.41852154584519585,"[2054, 1546, 12, 13, 14, 15, 5150, 17, 1553, 377, 97, 30, 31, 614, 624, 1657, 1663, 49, 2250, 32, 1231, 54, 58, 214, 62, 220, 38, 144, 40, 553, 1068, 231, 3829, 582, 8446, 8459, 35, 8460, 163, 172, 171, 173, 2214, 165, 2236, 1804, 8463, 1299, 276, 806, 808, 7467, 1326, 3374, 1332, 824, 5447, 1873, 851, 881, 1907, 1904, 4468, 4472, 132, 4496, 1443, 428, 429, 442]"
0.39,0.03,0.4695046584219892,"[904, 30, 31, 32, 1697, 3490, 35, 163, 10, 38, 1443, 40, 553, 7976, 4139, 1068, 173, 1582, 172, 3760, 433, 51, 171, 1461, 54, 55, 951, 1332, 58, 4538, 442, 62, 4926, 190, 833, 67, 1092, 1987, 582, 70, 1096, 5065, 458, 1094, 1098, 75, 2126, 590, 80, 4192, 1248, 97, 5732, 614, 3303, 1128, 5865, 2026, 6251, 108, 8300, 124]"
0.07,0.03,0.42621456432055693,"[6657, 5640, 8265, 2640, 1626, 101, 7311, 6802, 6821, 2255, 1746, 5858, 5860, 8434, 1270, 1785, 8441, 5370, 3323, 6910, 1792, 769, 260, 1285, 4359, 7946, 5388, 271, 2327, 6428, 4901, 97, 265, 624, 1700, 132, 162, 2214, 2126, 86, 5216, 632, 127, 573, 35, 3227, 192, 5065, 208, 209, 8447, 8456, 614, 290, 144, 1324, 1369, 1904, 370, 4474, 382, 4485, 1873, 172, 429, 2708, 1987, 856, 442, 851, 7615, 4538, 951, 1461, 171, 163, 946, 2016, 2026, 6595, 4489, 4490, 1443, 4495, 4496, 428, 3507, 8459, 8460, 1322, 8463, 1299, 806, 808]"
0.99,0.0,0.15270604572495716,"[8448, 1976]"
0.54,0.02,0.4206254954474775,"[1792, 768, 6281, 1418, 2571, 1419, 7050, 17, 1553, 920, 7069, 31, 32, 35, 1443, 38, 40, 553, 428, 4015, 2994, 7091, 446, 1608, 3400, 1480, 8136, 6988, 3021, 8144, 3923, 7124, 7638, 856, 889, 97, 4065, 614, 3185, 1521, 1009, 8177, 1013, 7671, 377, 124, 3582]"
0.97,0.0,0.16919448600015685,"[5505, 5240, 360, 727]"
0.26,0.02,0.40920126784254984,"[5505, 2950, 2054, 8200, 1928, 5512, 7179, 1418, 6027, 14, 527, 4493, 8590, 6028, 4497, 5143, 920, 24, 6428, 5405, 7069, 31, 8093, 7584, 8097, 1443, 6052, 4901, 806, 420, 808, 2472, 1324, 1836, 3374, 7469, 4015, 1841, 1842, 2994, 7091, 1332, 8495, 2359, 1847, 2489, 951, 4411, 6460, 446, 4926, 833, 6595, 3400, 1480, 202, 5865, 2026, 6251, 108, 8300, 2538, 624, 5232, 3184, 5363, 8434, 4977, 5239, 1785, 4346, 3323, 124, 638, 3981]"
0.92,0.01,0.2774717173370077,"[4481, 15, 4433, 1013, 67, 1092, 70, 582, 1096]"
0.5,0.02,0.4497358939510204,"[1, 2054, 1546, 12, 14, 527, 20, 24, 38, 40, 553, 42, 2426, 54, 58, 62, 67, 1092, 70, 582, 1096, 1094, 1098, 75, 590, 80, 97, 614, 3185, 124, 644, 1697, 162, 163, 165, 2214, 171, 172, 173, 3760, 190, 2250, 1231, 222, 1332, 4926, 833, 141, 3400, 6988, 5966]"
0.82,0.01,0.3837156847491038,"[6626, 1092, 2054, 70, 582, 1096, 1546, 12, 13, 14, 15, 527, 1553, 49, 54, 377, 58, 62, 4412]"
0.28,0.03,0.46144343026469314,"[3330, 132, 260, 4359, 638, 4749, 4642, 1443, 1832, 40, 553, 7976, 4139, 1068, 173, 1582, 172, 3760, 433, 51, 171, 1461, 54, 55, 951, 1332, 58, 4538, 442, 62, 190, 4926, 833, 67, 1092, 1987, 582, 70, 1096, 5065, 458, 1094, 1098, 75, 2126, 590, 80, 2654, 2655, 4192, 97, 5732, 614, 3303, 1128, 5865, 2026, 6251, 108, 8300, 2538, 624, 4977, 8434, 5232, 3184, 5363, 5239, 1785, 4346, 3323, 124, 6910]"
0.45,0.02,0.4264487929310974,"[1, 2434, 1419, 6028, 527, 144, 895, 24, 162, 35, 163, 165, 2214, 40, 553, 42, 171, 1068, 173, 172, 1199, 1462, 49, 6065, 8498, 7089, 4020, 8117, 3126, 3894, 4664, 441, 3129, 4918, 8632, 5176, 4153, 5689, 5695, 6460, 63, 4160, 6977, 5698, 3522, 4033, 1989, 3144, 1480, 3658, 1993, 8165, 6118, 7405, 877, 8179]"
0.89,0.0,0.2226317952081226,"[4065, 2434, 4485, 1521, 1009, 8177, 7638, 7671, 7069, 7831, 1293, 31]"
0.25,0.03,0.4436573564690428,"[4481, 7050, 5065, 15, 8144, 1480, 920, 7069, 3490, 1443, 171, 428, 173, 4015, 49, 433, 2994, 1332, 1461, 54, 951, 7091, 8177, 58, 442, 4926, 3647, 62, 190, 833, 67, 1092, 1987, 70, 582, 1096, 1094, 1098, 75, 2250, 458, 590, 1231, 1872, 4433, 80, 5966, 3923, 3400, 214, 6988, 856, 446, 7124, 7638, 222, 3021, 97, 4065, 614, 8136, 3582, 5105, 1521, 1009, 7502, 1013, 3185, 7671, 5240, 889, 3194, 124, 382, 8447, 4267]"
0.02,0.04,0.46504218043339274,"[1, 2054, 1546, 12, 14, 527, 20, 24, 38, 40, 553, 42, 49, 54, 58, 62, 67, 1092, 70, 582, 1096, 1094, 1098, 75, 590, 80, 97, 614, 3185, 124, 644, 141, 1697, 162, 163, 165, 2214, 171, 172, 173, 3760, 190, 2250, 1231, 222, 8463, 1299, 276, 806, 808, 3374, 1326, 1332, 824, 4926, 833, 3400, 6988, 5966, 7502, 1872, 1873, 3923, 851, 856, 1904, 881, 1907, 4468, 4470, 4472, 4473, 889, 4475, 4476, 382, 4478, 4482, 904, 7050, 906, 4492, 4493, 4495, 4496, 5010, 3987, 402, 914, 920, 3490, 1443, 428, 433, 1461, 951, 442, 458, 6880]"
0.91,0.01,0.2724274880685591,"[4481, 97, 2273, 15, 4433, 5105, 1521, 5405, 31, 7823]"
0.15,0.04,0.4560427052390017,"[1026, 2054, 1546, 12, 13, 14, 15, 1553, 1555, 24, 25, 26, 30, 35, 40, 553, 1068, 49, 54, 58, 573, 62, 67, 1092, 70, 582, 1094, 1098, 75, 77, 590, 2126, 80, 86, 5216, 97, 614, 624, 632, 127, 132, 144, 2708, 3227, 162, 1420, 1700, 192, 208, 209, 754, 8447, 8456, 265, 290, 1324, 1369, 370, 4474, 4485, 946, 4538, 7615, 1987, 172, 1904, 1873, 382, 856, 851, 171, 5065, 2214, 2016, 2026, 4493, 920, 433, 1443, 3490, 906, 4492, 1299, 1461, 951, 442]"
0.08,0.02,0.4363904091318186,"[1, 2054, 1546, 12, 14, 527, 20, 24, 38, 40, 553, 42, 5860, 8434, 1270, 1785, 8441, 5370, 3323, 6910, 1792, 769, 260, 1285, 4359, 7946, 5388, 271, 2327, 6428, 4901, 1836, 7469, 1842, 4079, 1339, 5444, 4436, 5971, 7006, 4448, 4960, 3947, 4977, 6001, 5512, 4926, 1928, 833, 3400, 6988, 906, 7502, 6027, 3923, 1418, 6028, 1419, 8590, 2448, 4497, 2961, 6547, 6035, 406, 6044, 7069, 8604, 2466, 7589, 2985, 1963, 2477, 1455, 436, 8628, 5565, 1993, 2510, 5073, 7134, 4065, 2017, 2531, 996, 484, 6118, 2537, 3562, 6123, 7671, 3582, 4539]"
0.87,0.01,0.3241855251579814,"[8315, 2, 8, 13, 14, 15, 16, 17, 1553, 527, 24, 25, 30, 4493]"
0.67,0.01,0.33147063694712087,"[1792, 6657, 5640, 7311, 6802, 7069, 7589, 1993, 4448, 1339, 4960, 6118, 6821, 2537, 1746, 3923, 1626, 2640, 7847, 3562, 3947, 3582, 1270, 8441, 254, 2472, 1443, 8093, 4015, 5858, 7671, 101, 4065, 951]"
0.39,0.01,0.3870210889735559,"[1792, 6657, 5640, 7311, 6802, 7069, 2758, 2255, 1235, 1339, 1248, 4627, 8434, 1785, 5370, 1746, 3923, 1626, 2640, 6821, 3323, 3582, 6910, 6428, 4901, 8265, 1836, 7469, 1841, 1842, 7671, 1847, 769, 4354, 260, 2359, 4411, 101, 5858, 4926, 833, 4065, 1285, 4359, 7946, 259, 2327, 5388, 3400, 6988, 5966, 7502, 5460, 5971, 8136, 1521, 2994, 4881, 1009, 8177, 7638, 2489]"
0.28,0.03,0.48176012599112417,"[2054, 8200, 1546, 12, 14, 527, 20, 24, 38, 40, 553, 42, 49, 54, 58, 62, 67, 1092, 70, 582, 1096, 1094, 1098, 75, 590, 80, 3185, 97, 614, 124, 644, 141, 1697, 162, 163, 165, 2214, 171, 172, 173, 3760, 190, 2250, 1231, 214, 222, 1332, 4926, 833, 3400, 6988, 5966, 7502, 1872, 3927, 856, 889, 904, 7050, 920, 7069, 3490, 428, 433, 1443, 4015, 2994, 7091, 1461, 951, 4538, 8177, 7638]"
0.38,0.02,0.4833356097731465,"[1, 1026, 4222, 1546, 14, 527, 20, 24, 35, 40, 5028, 17, 1068, 54, 67, 1553, 2126, 25, 30, 1128, 32, 38, 4139, 1582, 51, 55, 588, 75, 76, 86, 5216, 4411, 1212, 4926, 3135, 192, 4801, 3778, 833, 3400, 6473, 2762, 1480, 202, 6988, 7502, 1873, 5971, 4436, 4312, 7006, 1248, 5860, 5997, 4977, 8434, 1785, 5370, 2230, 893, 4186, 920, 1443]"
0.86,0.01,0.2936262861348403,"[1792, 3078, 6281, 3725, 5774, 38, 1608, 1418, 2571, 7438, 207, 553, 17, 1553, 377]"
0.71,0.02,0.3585256135787174,"[3937, 2054, 4493, 4478, 1553, 30, 5150, 32, 31, 162, 38, 40, 553, 1068, 49, 54, 5688, 62, 1094, 582, 1098, 75, 77, 1299, 80, 856, 97, 624, 377, 1663]"
0.92,0.01,0.30048107544412117,"[4481, 132, 1546, 12, 13, 14, 15, 17, 3829]"
0.79,0.01,0.31859833284794703,"[8448, 5262, 17, 5781, 5755, 31, 32, 38, 7482, 442, 4665, 8537, 247, 231, 1128, 4848, 624, 627, 3703, 6907, 124, 5484]"
0.26,0.02,0.4251177941614982,"[4642, 2654, 2655, 3330, 6910, 132, 260, 4359, 4749, 1832, 4192, 5729, 6251, 2255, 5240, 3194, 4236, 7311, 6802, 1687, 3232, 8360, 5812, 1212, 192, 2472, 1324, 3374, 4015, 2994, 202, 7091, 8434, 1785, 1332, 3323, 8495, 2489, 951, 6460, 446, 6595, 1480, 5865, 2026, 108, 8300, 6428, 4901, 1836, 7469, 1841, 1293, 1847, 2359, 4411, 4926, 833, 3400, 2538, 624, 5232, 3184, 4977, 5363, 5239, 4346, 124, 638, 3981, 5505, 1928, 5512, 1418, 6028]"
0.31,0.03,0.4174441302834925,"[1026, 2, 8, 13, 14, 15, 16, 17, 1553, 527, 24, 25, 30, 32, 35, 38, 40, 553, 4139, 1068, 624, 51, 49, 144, 54, 3829, 58, 62, 163, 2236, 582, 7467, 5447, 132, 429, 8459, 8460, 1804, 614, 8463, 1299, 276, 4496, 1443, 165, 2214, 806, 171, 2250, 159, 214, 1904, 231, 4472, 220, 172, 8446, 173, 808, 1326, 851, 3374, 428, 1332, 824, 442, 1873, 881, 1907, 4468]"
0.45,0.03,0.4757162151633423,"[904, 10, 30, 31, 32, 1697, 3490, 35, 163, 1443, 38, 7976, 40, 553, 4139, 1068, 173, 1582, 172, 3760, 433, 171, 51, 1332, 1461, 54, 55, 951, 4538, 58, 442, 62, 4926, 190, 833, 67, 1092, 1987, 582, 70, 1096, 3118, 1098, 75, 2126, 86, 808, 614, 231, 1128, 3947, 884, 1780, 632, 127, 285]"
0.21,0.03,0.4942374573012822,"[4642, 2654, 2655, 4192, 5729, 101, 7311, 6802, 6821, 2255, 1746, 5858, 49, 54, 58, 62, 67, 1092, 70, 582, 1096, 1094, 1098, 75, 590, 80, 97, 614, 3185, 124, 644, 127, 1697, 162, 163, 165, 4926, 2214, 833, 171, 3400, 6988, 7502, 3923, 172, 173, 3760, 190, 2250, 1231, 222, 1332, 5966, 1872, 856, 889, 904, 7050, 920, 3490, 1443, 428, 4015, 433, 2994, 7091, 1461, 951, 4538, 442, 446, 1987, 1480, 5065, 458, 8136, 3021, 8144, 7124, 1013]"
0.03,0.04,0.4322233860376188,"[6657, 5640, 5129, 8265, 2640, 80, 1626, 97, 101, 614, 3185, 114, 1657, 124, 1663, 132, 7311, 144, 6802, 162, 163, 6821, 165, 2214, 171, 172, 173, 2250, 2255, 1231, 1746, 214, 220, 222, 5858, 5860, 231, 8434, 3829, 1270, 8441, 1785, 5370, 3323, 8446, 6910, 1792, 769, 260, 1285, 4359, 7946, 8459, 8460, 1804, 8463, 1299, 276, 806, 808, 7467, 1326, 3374, 1332, 824, 5447, 1873, 851, 1904, 881, 1907, 4468, 4472, 889, 4478, 4486, 392, 906, 4492, 4493, 4496, 2454, 920, 413, 1443, 428, 429, 2993, 946, 3507, 433, 1461, 442, 7615, 458, 2016, 2026, 616]"
0.98,0.0,0.18178294783056725,"[2054, 2727, 1524]"
0.81,0.01,0.39079881579021825,"[1026, 2054, 1546, 12, 13, 14, 15, 1555, 24, 25, 40, 49, 54, 62, 67, 1092, 70, 582, 1096, 754]"
0.62,0.02,0.4147997480688208,"[1, 2434, 1419, 6028, 527, 144, 24, 32, 1697, 162, 35, 163, 165, 2214, 290, 40, 553, 42, 171, 1068, 172, 1199, 49, 6065, 8498, 7089, 4020, 1462, 8117, 3126, 3894, 951, 7615, 38, 6595, 458, 2016, 2026, 895]"
0.73,0.01,0.3078537306081016,"[6657, 5640, 4627, 8265, 2640, 1626, 101, 7311, 6802, 6821, 2758, 2255, 1746, 1235, 1248, 5858, 8434, 1785, 5370, 3323, 6910, 1792, 769, 4354, 661, 8441, 254, 7671]"
0.63,0.02,0.3961887359024844,"[2054, 1546, 12, 13, 14, 15, 17, 1553, 1299, 5150, 30, 32, 31, 162, 35, 38, 40, 553, 1068, 49, 54, 58, 62, 582, 75, 77, 590, 2126, 80, 2640, 600, 97, 614, 624, 377, 4478, 1663, 7102]"
0.16,0.04,0.4445118799060276,"[2054, 1546, 12, 13, 14, 15, 527, 6626, 1553, 377, 49, 54, 58, 62, 1092, 70, 582, 1096, 1094, 1098, 40, 553, 75, 590, 80, 614, 1128, 624, 7793, 124, 1663, 132, 3210, 1676, 141, 144, 1697, 162, 163, 165, 2214, 171, 172, 173, 1199, 3760, 190, 192, 197, 2250, 1231, 1745, 214, 231, 1178, 8459, 1804, 8463, 1299, 276, 806, 808, 3374, 1326, 1332, 824, 1873, 851, 1904, 881, 1907, 4468, 4470, 4472, 889, 4473, 4475, 4476, 382, 4478, 4482, 906, 1443, 951, 920]"
0.98,0.0,0.04133848241480409,"[6658, 4540, 1062]"
0.4,0.02,0.43426417615016266,"[4481, 7050, 5065, 15, 8144, 1480, 920, 7069, 3490, 1443, 171, 428, 173, 4015, 49, 433, 2994, 1332, 1461, 54, 951, 7091, 8177, 58, 442, 4926, 3647, 62, 252, 833, 67, 1092, 1987, 70, 582, 1096, 1094, 1098, 75, 2250, 458, 590, 1231, 1872, 4433, 80, 5966, 3923, 3400, 214, 6988, 856, 446, 7124, 7638, 222, 3021, 97, 4065, 614, 8136]"
0.48,0.02,0.41626537202396774,"[4493, 1690, 4642, 2214, 40, 553, 42, 171, 1068, 173, 172, 1199, 49, 7346, 54, 58, 442, 62, 190, 833, 67, 1092, 70, 582, 1094, 3400, 1098, 75, 77, 590, 2126, 80, 2640, 7502, 5971, 4436, 600, 346, 2654, 7006, 4447, 224, 4192, 1248, 6251, 5997, 4977, 8434, 1785, 3323, 893, 7039, 2135]"
0.74,0.02,0.3481257839327071,"[1, 1026, 4222, 1546, 8460, 13, 4493, 24, 15, 35, 144, 6366, 17, 8463, 1299, 3227, 1553, 31, 30, 1697, 290, 6595, 5447, 458, 5984, 38, 32]"
0.84,0.01,0.3660688045722911,"[35, 165, 2054, 38, 8200, 40, 1546, 553, 12, 141, 14, 527, 42, 49, 20, 24, 177]"
0.81,0.01,0.3810480183045689,"[2054, 8200, 1546, 12, 14, 527, 20, 24, 38, 7238, 754, 67, 1092, 49, 54, 62, 40, 70, 582, 1096]"
0.85,0.01,0.37677472102448606,"[8, 377, 1546, 553, 13, 527, 15, 17, 16, 1553, 20, 207, 24, 25, 26, 271]"
0.9,0.01,0.33718655250995266,"[67, 165, 38, 2054, 40, 553, 42, 49, 1524, 54, 62]"
0.24,0.03,0.4737107462208596,"[382, 904, 10, 30, 31, 32, 1697, 3490, 35, 163, 1443, 38, 7976, 40, 553, 4139, 1068, 173, 1582, 172, 3760, 433, 171, 51, 1332, 1461, 54, 55, 951, 58, 442, 62, 4926, 190, 833, 446, 67, 1092, 1987, 582, 70, 1096, 3400, 1098, 75, 6988, 3021, 5966, 1231, 1872, 4433, 80, 3923, 7124, 7502, 214, 7638, 856, 4267, 222, 97, 4065, 614, 8136, 5105, 1521, 1009, 3185, 1013, 7671, 5240, 889, 3194, 124, 3582, 8447, 5940]"
0.1,0.04,0.45099786908719397,"[2054, 1553, 30, 5150, 32, 31, 38, 40, 553, 1068, 49, 54, 5688, 62, 1094, 582, 1098, 75, 77, 80, 5712, 97, 624, 1657, 1663, 132, 144, 162, 163, 165, 2214, 171, 172, 173, 2250, 1231, 214, 220, 231, 3829, 1299, 276, 806, 808, 7467, 3374, 1326, 1332, 824, 6988, 7502, 1873, 5971, 4436, 851, 856, 346, 7006, 4447, 3937, 1904, 881, 1907, 4468, 4472, 889, 377, 4478, 4486, 392, 906, 4492, 4493, 4496, 2454, 920, 413, 1443, 428, 429, 433, 2993, 946, 3507, 1461, 442, 7615, 458, 2016, 2026, 7310]"
0.37,0.03,0.4207200648252144,"[1026, 2054, 1546, 12, 5262, 17, 5781, 31, 287, 24, 32, 1332, 1461, 38, 30, 4538, 35, 442, 4139, 40, 553, 1873, 49, 595, 856, 5065, 1369, 851, 1987, 54, 58, 62, 588, 1904, 370, 76, 1128, 86, 5216, 75, 1098, 614, 1092, 144, 2708, 2126, 3227, 1697, 4474, 163, 165, 192, 2250, 1231, 208, 209, 214, 8447, 8456, 171, 172, 8459, 8460, 2829]"
0.68,0.02,0.4283904129345426,"[1026, 2054, 1546, 12, 5262, 17, 5781, 31, 287, 24, 32, 1332, 1461, 38, 30, 4538, 35, 442, 40, 553, 4139, 1068, 49, 1873, 13, 5065, 1369, 851, 1987, 54, 58, 62, 192]"
0.93,0.0,0.2925948820297104,"[458, 642, 2054, 904, 17, 407, 1521, 1009]"
0.21,0.02,0.406028625363399,"[2054, 8200, 7179, 14, 527, 5143, 24, 31, 6251, 108, 8300, 5232, 3184, 624, 5239, 124, 638, 202, 5865, 8434, 5363, 1785, 4346, 3323, 6428, 5405, 4901, 806, 808, 1836, 1324, 3374, 7469, 8495, 1841, 1842, 1332, 2359, 1847, 4411, 6460, 4926, 833, 3400, 4977, 5505, 2950, 1928, 5512, 1418, 6027, 6028, 4493, 8590, 3981, 4497, 920, 7069, 8093, 7584, 8097, 1443, 6052, 420, 2472, 4015, 2994, 7091, 951, 2489, 446, 7615, 6595, 1987, 1480, 5065, 2016, 2538, 2026, 4125]"
0.2,0.03,0.4163120266685847,"[1025, 3078, 2571, 5649, 1092, 1098, 75, 588, 76, 2126, 86, 2654, 4192, 5216, 614, 1128, 6251, 3185, 5240, 3194, 144, 2708, 3227, 1697, 163, 165, 171, 172, 5812, 1212, 192, 4801, 2250, 1231, 208, 209, 214, 5855, 8447, 8456, 8459, 8460, 2829, 8463, 1299, 276, 290, 806, 808, 1324, 7502, 1872, 5971, 4436, 7006, 1904, 4977, 6001, 370, 6005, 4474, 382, 4485, 904, 4489, 1418, 4490, 1419, 4495, 4496, 1443, 428, 429, 433, 946, 951, 7615, 6595, 458, 2016, 2026]"
0.08,0.02,0.40099589980961703,"[3937, 2054, 2655, 4192, 5729, 101, 7311, 6802, 6821, 2255, 1746, 5858, 5860, 8434, 1270, 1785, 8441, 5370, 3323, 6910, 1792, 769, 260, 1285, 4359, 7946, 5388, 271, 2327, 6428, 4901, 1836, 7469, 1842, 2359, 1339, 4926, 833, 5444, 3400, 6988, 7502, 3923, 4436, 5971, 7006, 7656, 4960, 3947, 4977, 6001, 5512, 1928, 906, 6027, 1418, 6028, 1419, 8590, 2448, 4497, 2961, 6547, 6035, 406, 6044, 7069, 8604, 2466, 7589, 2985, 1963, 2477, 1455, 436, 8628, 5565, 1993, 2510, 5073, 7134, 4065, 2017, 2531, 996, 484, 6118, 2537, 3562, 6123, 7671, 3582, 4539]"
0.08,0.03,0.4663339090366353,"[1026, 2054, 1546, 12, 14, 527, 20, 24, 25, 26, 30, 40, 553, 1068, 49, 54, 58, 62, 67, 1092, 582, 1094, 1098, 75, 77, 590, 80, 97, 624, 1663, 4739, 141, 144, 2708, 3227, 1697, 162, 163, 2214, 171, 172, 208, 209, 4901, 1836, 7469, 1841, 1842, 1847, 2359, 4411, 4926, 833, 3400, 6988, 7501, 7502, 5971, 4436, 7006, 4452, 3947, 4977, 893, 5505, 1928, 5512, 1419, 6028, 6027, 8590, 4497, 920, 7069, 8093, 7584, 8097, 1443, 6052, 2472, 4015, 2994, 7091, 1970, 951, 7615, 1987, 6595, 5065, 458, 2016, 2026, 5246]"
0.93,0.01,0.3287304609076497,"[1026, 2054, 1546, 30, 13, 14, 15, 1009]"
0.01,0.04,0.46730621565405206,"[2054, 1546, 12, 14, 527, 20, 24, 38, 40, 553, 42, 49, 54, 58, 62, 67, 1092, 70, 582, 1096, 1094, 1098, 75, 590, 80, 97, 614, 3185, 124, 644, 141, 1697, 162, 163, 165, 2214, 171, 172, 173, 3760, 190, 2250, 1231, 222, 6880, 8463, 1299, 276, 806, 808, 3374, 1326, 1332, 824, 4926, 833, 3400, 6988, 5966, 7502, 1872, 1873, 3923, 851, 856, 1904, 881, 1907, 4468, 4470, 4472, 889, 4473, 4475, 4476, 4478, 382, 4482, 4486, 904, 7050, 906, 4492, 4493, 4495, 4496, 5010, 3987, 402, 914, 920, 3490, 1443, 428, 433, 1461, 951, 442, 458, 5291]"
0.19,0.04,0.4499643372644381,"[1026, 2054, 1546, 12, 13, 14, 15, 24, 1555, 754, 25, 30, 70, 26, 40, 553, 1068, 49, 54, 58, 62, 67, 1553, 1092, 582, 1094, 77, 265, 1098, 590, 80, 97, 75, 624, 1700, 132, 2126, 86, 5216, 632, 127, 573, 35, 192, 5065, 208, 614, 1324, 1369, 4474, 8447, 4499, 209, 920, 413, 3490, 162, 2214, 1904, 370, 2993, 433, 4533, 3013, 458, 6175, 8456, 144, 2708, 3227, 163, 290, 1443, 171, 851, 172, 2046, 946, 1461, 442, 2016, 2026]"
0.01,0.02,0.44049778146485463,"[6658, 13, 527, 15, 17, 1553, 5143, 24, 4636, 2654, 4192, 6251, 3185, 5240, 3194, 4236, 7311, 1684, 8360, 5812, 1212, 192, 4801, 3778, 5827, 2762, 2255, 220, 1248, 5860, 8434, 1785, 5370, 3323, 6910, 4354, 260, 1285, 4359, 5388, 271, 2327, 6428, 1823, 4901, 1836, 7469, 1841, 1842, 1847, 2359, 4411, 4926, 833, 3400, 6988, 7501, 7502, 5971, 4436, 7006, 360, 4977, 893, 5505, 1928, 5512, 7050, 1419, 6028, 6027, 8590, 4497, 920, 8093, 7069, 7584, 8097, 1443, 6052, 2472, 4015, 1970, 2994, 7091, 951, 446, 1480, 8136, 3021, 8144, 7124, 7638, 4065, 1521, 1009, 8177, 7671, 3582, 4390]"
0.55,0.02,0.44997749019216127,"[2434, 30, 31, 32, 1697, 3490, 35, 163, 165, 38, 1443, 40, 553, 7976, 4139, 1068, 173, 468, 3760, 433, 172, 51, 171, 1461, 49, 55, 951, 1332, 58, 4538, 442, 62, 4926, 190, 833, 1987, 1096, 5065, 458, 67, 1092, 70, 1094, 582, 1098, 75]"
0.95,0.01,0.2541411844347935,"[1094, 2054, 13, 15, 4493, 4478]"
0.14,0.03,0.41988444808426206,"[1792, 3078, 6281, 3725, 5774, 38, 1608, 1418, 2571, 7438, 30, 553, 17, 35, 40, 1553, 42, 614, 5231, 132, 144, 1213, 192, 193, 6346, 7372, 2255, 208, 209, 6871, 2775, 7897, 224, 1248, 5860, 231, 8434, 1785, 5370, 3323, 6910, 8447, 769, 260, 1285, 8456, 7946, 8459, 5388, 8460, 271, 8463, 1299, 2327, 282, 6428, 290, 4901, 806, 808, 1836, 7469, 1324, 1842, 1915, 1866, 1873, 851, 856, 1369, 1904, 370, 4474, 382, 4481, 4485, 4489, 429, 946, 1461, 442, 7615, 6595, 5065, 2016, 2026, 8480]"
0.59,0.02,0.4465130229413061,"[1026, 132, 2054, 1546, 12, 13, 14, 15, 1553, 1555, 24, 25, 26, 30, 35, 40, 553, 1068, 49, 54, 58, 573, 62, 67, 1092, 70, 582, 1094, 1098, 75, 77, 590, 2126, 80, 86, 5216, 97, 614, 624, 632, 127, 5832]"
0.48,0.03,0.4143729132143139,"[4481, 132, 4485, 8456, 265, 1546, 906, 12, 13, 14, 15, 144, 17, 1420, 4493, 2708, 4492, 1299, 920, 3227, 290, 1700, 1443, 2214, 3490, 171, 1324, 172, 433, 946, 1461, 951, 4538, 442, 7615, 192, 1987, 5065, 208, 209, 1873, 851, 856, 1369, 2016, 2026, 1904, 754, 370, 3829, 4474, 382, 8447]"
0.27,0.03,0.43828010342036716,"[4481, 7050, 5065, 15, 8144, 1480, 920, 7069, 428, 3490, 1443, 171, 4015, 173, 49, 2994, 433, 7091, 1332, 1461, 54, 951, 8177, 3647, 58, 2250, 4926, 442, 62, 1231, 833, 67, 1092, 1987, 70, 190, 1094, 1098, 75, 1096, 582, 590, 1872, 4433, 458, 80, 5966, 3923, 3400, 214, 6988, 856, 446, 7124, 7638, 2026, 6251, 97, 108, 614, 8300, 2538, 624, 5232, 3184, 4977, 5363, 8434, 5239, 4500, 4346, 3323, 124, 638]"
0.96,0.0,0.21341939312163394,"[4642, 1094, 4493, 1690, 4478]"
0.25,0.01,0.37641829837721974,"[3078, 2571, 5649, 6674, 8211, 6172, 5668, 7214, 4144, 1075, 4149, 3128, 4665, 3135, 2120, 5707, 594, 2660, 5732, 108, 8300, 5232, 3184, 5239, 3194, 124, 638, 6281, 3725, 5774, 4249, 6812, 5277, 5792, 5797, 3758, 6833, 1213, 193, 6346, 7372, 6871, 2775, 7897, 3294, 224, 7905, 3810, 5865, 5363, 5882, 4346, 8447, 1792, 768, 3344, 4882, 5907, 2841, 1315, 7459, 3880, 2345, 7982, 5940, 316, 5448, 2381, 7502, 5969, 8018, 1874, 6996, 6998, 889, 3582]"
0.98,0.0,0.16471478422191,"[4540, 2054, 5669]"
0.41,0.03,0.41729469352474147,"[35, 165, 2054, 38, 8200, 40, 1546, 141, 12, 553, 14, 527, 42, 49, 20, 24, 177, 5216, 632, 127, 573, 192, 5065, 208, 614, 1324, 1369, 4474, 8447, 4499, 209, 920, 413, 3490, 162, 2214, 1904, 370, 6215, 433, 4533, 3013, 458, 6175, 8456, 144, 2708, 3227, 163, 290, 1443, 171, 851, 172, 2046, 946, 1461, 442, 2016, 2026]"
0.64,0.02,0.390046724617363,"[2054, 1546, 12, 13, 14, 15, 17, 1553, 1299, 30, 31, 32, 5150, 162, 35, 38, 40, 553, 1068, 49, 54, 58, 62, 7102, 582, 75, 77, 590, 2126, 80, 2640, 600, 97, 614, 624, 4478, 1663]"
0.75,0.02,0.33994665494180865,"[6658, 2054, 907, 8460, 13, 4493, 15, 144, 17, 1553, 1555, 8463, 1299, 24, 3227, 30, 31, 32, 1697, 290, 35, 38, 6595, 5447, 458, 5984]"
0.29,0.03,0.44894265852275306,"[2054, 1546, 12, 5649, 17, 6674, 8211, 1553, 24, 35, 40, 553, 1068, 49, 54, 58, 62, 67, 1092, 582, 1098, 75, 77, 2126, 590, 2640, 80, 600, 97, 4749, 7952, 808, 1324, 1873, 851, 162, 163, 165, 2214, 171, 172, 214, 1231, 2250, 173, 190, 1369, 1904, 15, 4474, 5966, 1872, 382, 3923, 4485, 124, 1332, 833, 3400, 4926, 4478, 904, 3490, 1443, 428, 433, 1461, 951, 442, 1987, 5065, 458]"
0.7,0.01,0.33505899710273335,"[1792, 6657, 5640, 7311, 6802, 4627, 7069, 6821, 1339, 2758, 8265, 6910, 2255, 2640, 1746, 1235, 3923, 1626, 1248, 97, 5858, 101, 377, 624, 8434, 1785, 5370, 3323, 3582, 1663, 1851]"
0.27,0.03,0.4803700020484234,"[4642, 2654, 2655, 4192, 5729, 101, 7311, 6802, 6821, 2255, 1746, 5858, 49, 54, 58, 62, 67, 1092, 70, 582, 3185, 1096, 644, 1094, 590, 80, 97, 614, 1098, 124, 75, 127, 1697, 162, 5363, 8434, 5239, 4500, 4346, 3323, 638, 7050, 920, 3400, 6988, 3490, 1443, 171, 3923, 428, 173, 4015, 2994, 4926, 833, 433, 7091, 856, 1231, 5966, 1332, 1461, 1872, 951, 2250, 442, 190, 446, 1987, 1480, 5065, 458, 8144, 735]"
0.95,0.01,0.2731252032274567,"[904, 30, 31, 36, 4478, 1094]"
0.57,0.02,0.3817014461042073,"[1026, 2054, 1546, 12, 5262, 17, 5781, 5755, 31, 2082, 7890, 38, 442, 8537, 32, 247, 1128, 4848, 231, 627, 3703, 624, 6907, 124, 5484, 4492, 4493, 4496, 2454, 920, 413, 1443, 428, 429, 2993, 946, 3507, 433, 1461, 7615, 458, 2016, 2026, 114]"
0.78,0.0,0.29227541595124185,"[6657, 5640, 4627, 8265, 2640, 1626, 101, 7311, 6802, 6821, 2758, 2255, 1746, 1235, 1248, 5858, 8434, 1785, 8209, 6005, 5240, 3194, 276]"
0.01,0.03,0.4795910420019889,"[382, 904, 10, 30, 31, 32, 1697, 3490, 35, 163, 1443, 38, 7976, 40, 553, 4139, 1068, 173, 1582, 172, 3760, 433, 171, 51, 1332, 1461, 54, 55, 951, 58, 442, 62, 2124, 190, 833, 446, 67, 1092, 1987, 582, 70, 1096, 3400, 1098, 75, 6988, 3021, 5966, 1231, 1872, 4433, 80, 3923, 7124, 7502, 214, 7638, 856, 4267, 222, 97, 4065, 614, 8136, 5105, 1521, 1009, 3185, 1013, 7671, 5240, 7511, 7517, 4958, 4449, 356, 2917, 8567, 888, 8058, 4474, 8595, 2451, 2965, 3991, 928, 5538, 1450, 7083, 7082, 6574, 949, 452, 6598, 2506, 3030, 3544, 4571, 3062, 2039]"
0.61,0.01,0.38779817461856847,"[1792, 3078, 6281, 3725, 5774, 38, 1608, 1418, 2571, 7438, 30, 553, 35, 17, 40, 42, 1553, 614, 5231, 132, 144, 1213, 192, 193, 6346, 7372, 2255, 208, 209, 6871, 2775, 6199, 224, 1248, 5860, 231, 8434, 1785, 5370, 3323]"
0.59,0.02,0.36340832984578175,"[3937, 2054, 4493, 4478, 40, 553, 42, 171, 8499, 173, 172, 808, 1326, 49, 3374, 54, 58, 62, 67, 1092, 70, 1094, 582, 1098, 75, 2250, 77, 590, 1231, 80, 458, 8463, 214, 220, 97, 614, 231, 624, 3829, 8446, 1663, 2341]"
0.32,0.02,0.4592687959651849,"[769, 1026, 2, 4354, 1285, 5505, 8, 1928, 7946, 5512, 1418, 13, 14, 15, 16, 17, 1553, 527, 271, 6028, 2327, 24, 25, 6428, 30, 32, 35, 4901, 38, 40, 553, 4139, 1068, 1836, 7469, 49, 1841, 51, 1842, 54, 55, 1847, 2359, 4411, 4926, 4801, 3778, 5827, 833, 3400, 2762, 202, 6988, 7502, 5971, 4436, 7006, 1248, 5860, 1419, 5997, 624, 4977, 8434, 1785, 5370, 3323, 893, 6977]"
0.07,0.04,0.4362873049934437,"[1792, 3078, 6281, 3725, 5774, 38, 1608, 1418, 2571, 7438, 40, 553, 17, 1553, 30, 26, 70, 1068, 49, 54, 58, 62, 67, 1092, 582, 1094, 77, 1098, 75, 590, 80, 97, 265, 624, 1700, 132, 162, 2214, 2126, 86, 5216, 632, 127, 572, 35, 3227, 192, 5065, 208, 209, 8447, 8456, 614, 290, 144, 1324, 1369, 1904, 370, 4474, 382, 4485, 1873, 172, 429, 2708, 1987, 856, 442, 851, 7615, 4538, 951, 1461, 171, 163, 946, 2016, 2026, 6595, 4489, 4490, 1443, 4495, 4496, 428, 3507, 8459, 8460, 1332, 8463, 1299, 806, 808]"
0.93,0.0,0.24905312280473435,"[1792, 3078, 6281, 904, 979, 1521, 1009, 17]"
0.79,0.01,0.36982658722386474,"[458, 642, 2054, 904, 17, 407, 32, 38, 7482, 442, 4665, 8537, 247, 231, 1128, 4848, 624, 627, 3703, 6907, 124, 3528]"
0.08,0.02,0.40747976741955527,"[35, 2655, 2054, 4192, 5729, 101, 7311, 6802, 6821, 2255, 1746, 5858, 5860, 8434, 1270, 1785, 8441, 5370, 3323, 6910, 1792, 769, 260, 1285, 4359, 7946, 5388, 271, 2327, 6428, 4901, 1836, 7469, 1842, 2359, 1339, 4926, 833, 5444, 3400, 6988, 7502, 3923, 4436, 5971, 7006, 7656, 4960, 3947, 4977, 6001, 5512, 1928, 906, 6027, 1418, 6028, 1419, 8590, 2448, 4497, 2961, 6547, 6035, 406, 6044, 7069, 8604, 2466, 7589, 2985, 1963, 2477, 1455, 436, 8628, 797, 1993, 2510, 5073, 7134, 4065, 2017, 2531, 996, 484, 6118, 2537, 3562, 6123, 7671, 3582, 4539]"
0.99,0.0,0.1536876645877152,"[2054, 2434]"
0.19,0.04,0.4518008541727654,"[3937, 2054, 2655, 12, 13, 14, 15, 24, 1555, 754, 25, 30, 70, 26, 40, 553, 1068, 49, 54, 58, 62, 67, 1553, 1092, 582, 1094, 77, 265, 1098, 590, 80, 97, 75, 624, 1700, 132, 2126, 86, 5216, 632, 127, 573, 35, 192, 5065, 208, 614, 1324, 1369, 4474, 8447, 4499, 209, 920, 413, 3490, 2236, 2214, 1904, 370, 2993, 433, 4533, 3013, 458, 6175, 8456, 144, 2708, 3227, 163, 290, 1443, 171, 851, 172, 2046, 946, 1461, 442, 2016, 2026]"
0.36,0.03,0.48529576719097234,"[382, 904, 10, 30, 31, 1697, 3490, 32, 163, 1443, 35, 7976, 4139, 38, 173, 40, 553, 1582, 1068, 7522, 3760, 433, 171, 51, 1332, 1461, 55, 951, 54, 442, 4926, 58, 190, 833, 62, 446, 67, 1092, 1987, 70, 1096, 3400, 1098, 6988, 3021, 5966, 1231, 582, 1872, 4433, 75, 3923, 7124, 7502, 214, 7638, 80, 856, 4267, 222, 4065, 8136, 5105, 97, 614]"
0.72,0.01,0.40994464778802864,"[1026, 2054, 1546, 12, 5262, 17, 5781, 31, 287, 24, 32, 1332, 1461, 38, 30, 4538, 35, 442, 8367, 40, 553, 1873, 49, 595, 856, 5065, 1369, 851, 254]"
0.86,0.01,0.36642970690479304,"[2054, 1546, 12, 13, 14, 15, 2870, 17, 377, 1553, 97, 30, 31, 614, 624]"
0.37,0.02,0.40371726856648427,"[1792, 6657, 5640, 7311, 6802, 7069, 7589, 6821, 1339, 1993, 8265, 2640, 1746, 3923, 1626, 3828, 4960, 5858, 4065, 101, 6118, 3582, 2537, 3562, 3947, 1270, 7671, 8441, 1987, 54, 58, 62, 588, 1904, 370, 76, 1128, 86, 5216, 75, 1098, 614, 1092, 144, 2708, 2126, 3227, 1697, 4474, 163, 165, 192, 2250, 1231, 208, 209, 214, 8447, 8456, 171, 172, 8459, 8460, 2829]"
0.02,0.03,0.4582653195536165,"[2039, 31, 32, 35, 38, 40, 4139, 1068, 1582, 51, 54, 55, 58, 62, 67, 1092, 582, 70, 1096, 1098, 75, 2124, 80, 97, 614, 3185, 5240, 1697, 163, 171, 172, 173, 4267, 3760, 190, 1231, 214, 222, 7976, 1332, 833, 3400, 6988, 5966, 7502, 1872, 4433, 3923, 7511, 856, 7517, 4958, 4449, 356, 2917, 8567, 888, 8058, 4474, 2434, 4485, 8595, 2451, 2965, 3991, 7069, 928, 3490, 1443, 5538, 1450, 7083, 7082, 6574, 433, 1461, 949, 951, 442, 446, 1987, 452, 6598, 8136, 2506, 3021, 7124, 7638, 3030, 3544, 4571, 4065, 1009, 1521, 8177, 5105, 1013, 3062, 7671]"
0.6,0.01,0.3532130009321566,"[1792, 769, 260, 1285, 2054, 4359, 7946, 5388, 7311, 271, 6802, 1785, 2327, 6428, 35, 6821, 4901, 1836, 7469, 1842, 2359, 1339, 4926, 833, 5444, 3400, 2255, 1746, 2655, 4192, 5729, 5858, 5860, 101, 8434, 1270, 8441, 5370, 3323, 6910, 6488]"
0.64,0.01,0.3284233891618732,"[1792, 6657, 5640, 7311, 6802, 7069, 8093, 1443, 7589, 6821, 7847, 2472, 4015, 951, 1339, 7671, 1993, 2640, 1746, 3923, 1626, 4448, 4960, 5858, 4065, 2016, 101, 6118, 2537, 3562, 3947, 2026, 1270, 254, 8441, 3582, 6858]"
0.54,0.02,0.3841697731379159,"[3937, 2054, 4493, 4478, 1553, 1152, 5150, 31, 162, 32, 5688, 62, 38, 40, 553, 49, 54, 1068, 1094, 582, 1098, 75, 77, 1299, 80, 856, 97, 377, 1663, 202, 6988, 624, 7502, 5971, 4436, 7006, 1248, 5860, 1419, 5997, 4977, 8434, 1785, 5370, 3323, 893, 6977]"
0.66,0.02,0.4373272409701583,"[1026, 2054, 1546, 12, 13, 14, 15, 24, 1555, 2325, 25, 30, 26, 70, 40, 553, 1068, 49, 54, 58, 62, 1553, 1092, 582, 1094, 77, 1098, 67, 75, 590, 80, 97, 265, 624, 1700]"
0.74,0.01,0.3468367176170962,"[1026, 2054, 1546, 12, 4493, 5262, 8463, 17, 1299, 5781, 24, 3227, 30, 31, 32, 1697, 2082, 290, 35, 38, 6595, 5447, 458, 7890, 5984, 5755, 4260]"
0.38,0.03,0.4885057199053998,"[458, 904, 30, 5065, 31, 32, 1697, 7976, 4139, 3490, 35, 163, 165, 38, 1443, 40, 553, 1068, 173, 1582, 3760, 172, 49, 51, 54, 433, 1461, 55, 171, 951, 1332, 58, 442, 4538, 62, 190, 4926, 833, 67, 1092, 1987, 582, 70, 1096, 1094, 1098, 75, 588, 76, 2126, 2250, 590, 6416, 1872, 80, 3400, 6988, 86, 5966, 214, 3923, 614, 851]"
0.99,0.0,0.13999156902243082,"[8448, 2427]"
0.2,0.03,0.4406376283476834,"[2054, 13, 15, 1553, 1555, 24, 25, 26, 30, 6175, 35, 40, 553, 1068, 49, 54, 58, 573, 62, 67, 1092, 1094, 70, 582, 1098, 75, 77, 590, 2126, 80, 86, 5216, 97, 614, 624, 632, 127, 132, 144, 2708, 3227, 163, 1700, 2214, 171, 172, 2236, 192, 208, 209, 754, 8447, 8456, 265, 290, 1324, 851, 1369, 1904, 370, 4474, 4478, 4493, 4499, 920, 413, 3490, 1443, 2993, 433, 946, 4533, 1461, 442, 3013, 5065, 458, 2016, 2026, 2046, 6029]"
0.17,0.03,0.44717793789118676,"[15, 49, 54, 58, 62, 3647, 1092, 70, 582, 1096, 1094, 1098, 75, 590, 5712, 80, 97, 614, 171, 173, 2250, 1231, 214, 222, 252, 276, 806, 808, 7467, 1326, 3374, 1332, 824, 4926, 833, 3400, 6988, 5966, 7502, 1872, 1873, 4433, 851, 3923, 5971, 4436, 856, 346, 7006, 4447, 1904, 881, 1907, 4468, 4472, 377, 889, 4478, 4481, 4486, 392, 7050, 906, 4492, 4496, 2454, 920, 7069, 413, 3490, 1443, 428, 429, 4015, 433, 2994, 946, 3507, 1461, 442, 7615, 458, 2016, 2026]"
0.58,0.02,0.393494337277289,"[8200, 1546, 12, 8460, 14, 527, 8463, 1299, 20, 24, 1443, 2341, 38, 806, 40, 553, 42, 808, 1582, 49, 54, 58, 62, 67, 1092, 1094, 70, 1096, 582, 1098, 458, 1231, 80, 214, 220, 97, 614, 231, 624, 3829, 8446, 1663, 3156]"
0.1,0.03,0.46261331238097225,"[10, 30, 31, 32, 35, 38, 40, 553, 4139, 1068, 1582, 51, 54, 55, 58, 1697, 163, 171, 173, 3760, 5370, 3323, 6910, 769, 4354, 260, 1285, 4359, 7946, 5388, 271, 2327, 6428, 1823, 4901, 7976, 1836, 7469, 1841, 1842, 1332, 1847, 2359, 4411, 4926, 833, 3400, 6988, 7501, 7502, 5971, 7006, 7522, 4452, 3947, 4977, 893, 382, 5505, 904, 1928, 5512, 1419, 6028, 6027, 8590, 4497, 920, 8093, 7069, 7584, 8097, 3490, 1443, 6052, 2472, 4015, 433, 2994, 7091, 1970, 1461, 951, 442, 7615, 1987, 6595, 5065, 458, 2016, 2026]"
0.26,0.02,0.39510363886264765,"[5505, 6658, 769, 4354, 260, 1285, 4359, 8200, 1928, 5370, 7946, 4236, 5388, 14, 527, 7311, 271, 6027, 6028, 1684, 8590, 4497, 5143, 24, 2327, 920, 4636, 6428, 8093, 1823, 7584, 1443, 4901, 8360, 1836, 7469, 1841, 1842, 5812, 1847, 2359, 4411, 1212, 4926, 192, 4801, 3778, 5827, 833, 3400, 202, 2762, 6988, 7501, 7502, 2255, 5971, 4436, 5512, 7006, 4192, 5729, 1248, 5860, 1419, 6251, 4977, 8434, 5240, 1785, 3194, 3323, 893, 6910, 658]"
0.27,0.03,0.4749410495696046,"[1792, 2654, 2655, 7311, 6802, 4192, 5729, 2255, 49, 54, 58, 62, 167, 1092, 1746, 3923, 6821, 70, 582, 3185, 1096, 644, 1094, 590, 80, 97, 614, 1098, 124, 75, 127, 1443, 4015, 951, 1697, 162, 5363, 101, 5858, 8434, 5239, 4500, 4346, 3323, 638, 7050, 920, 3400, 6988, 3490, 171, 428, 173, 2994, 4926, 833, 433, 7091, 856, 1231, 5966, 1332, 1461, 1872, 2250, 442, 190, 446, 1987, 1480, 5065, 458, 8144, 735]"
0.08,0.02,0.4271663867624096,"[3078, 38, 2654, 4192, 6251, 3185, 5240, 3194, 6281, 4236, 3725, 5774, 7311, 1684, 8360, 5812, 1212, 192, 4801, 3778, 5827, 202, 2762, 2255, 1248, 5860, 8434, 1785, 5370, 3323, 6910, 1792, 769, 4354, 260, 1285, 4359, 7946, 5388, 271, 2327, 6428, 1823, 4901, 1836, 7469, 1841, 1842, 1847, 2359, 4411, 4926, 833, 3400, 6988, 7501, 7502, 5971, 4436, 7006, 4452, 3947, 4977, 893, 5505, 1928, 5512, 1419, 6028, 6027, 8590, 4497, 920, 7069, 8093, 7584, 8097, 1443, 6052, 2472, 4015, 2994, 7091, 1970, 951, 7615, 1987, 6595, 5065, 458, 2016, 2026, 4092]"
0.22,0.03,0.4343663733963189,"[2054, 1546, 12, 5649, 17, 6674, 8211, 1553, 24, 35, 40, 553, 1068, 49, 54, 58, 62, 67, 1092, 582, 1098, 75, 77, 2126, 590, 2640, 80, 600, 97, 4749, 162, 163, 165, 2214, 171, 172, 173, 190, 2250, 1231, 214, 8459, 8460, 1804, 8463, 7952, 1299, 276, 806, 808, 7467, 1324, 1326, 3374, 1332, 824, 4926, 833, 5447, 3400, 5966, 1872, 1873, 3923, 851, 1369, 1904, 881, 370, 1907, 4468, 4472, 889, 4478, 4486, 392, 906, 442, 1277]"
0.08,0.02,0.4331105011318038,"[4642, 2654, 2655, 3330, 6910, 8400, 260, 4359, 4749, 1832, 4192, 5729, 6251, 2255, 5240, 3194, 4236, 7311, 6802, 1687, 3232, 8360, 5812, 1212, 192, 4801, 3778, 5827, 2762, 202, 1248, 5860, 8434, 1785, 5370, 3323, 769, 4354, 1285, 7946, 271, 208, 209, 4901, 1836, 7469, 1841, 1842, 1847, 2359, 4411, 4926, 833, 3400, 6988, 7502, 5971, 4436, 7006, 7501, 4977, 893, 4452, 3947, 6027, 8590, 4497, 920, 7069, 8093, 7584, 8097, 1443, 6052, 2472, 4015, 2994, 7091, 1970, 951, 5505, 1928, 5512, 7615, 1419, 6028, 1987, 6595, 5065, 458, 2016, 2026, 5246]"
0.32,0.03,0.4127803130071659,"[3937, 2054, 4493, 4478, 8499, 40, 553, 42, 171, 2341, 173, 881, 808, 1326, 49, 172, 54, 58, 62, 67, 1092, 70, 1094, 582, 1098, 75, 2250, 77, 590, 1231, 80, 458, 3374, 214, 220, 97, 614, 231, 624, 3829, 1663, 8446, 1907, 4468, 1657, 4472, 889, 6178, 392, 906, 4492, 4496, 2454, 920, 413, 1443, 428, 429, 2993, 946, 3507, 433, 1461, 442, 7615, 2016, 2026, 8463, 7467]"
0.69,0.01,0.3893147257006112,"[644, 7311, 6802, 4642, 6821, 49, 54, 58, 1851, 62, 67, 1092, 70, 582, 1096, 1094, 2255, 1746, 3923, 2654, 2655, 4192, 5729, 5858, 97, 101, 3185, 8434, 3323, 3582, 1663, 7875]"
0.96,0.0,0.21329120210216468,"[3937, 1094, 4490, 4478, 1690]"
0.91,0.01,0.26886541234337924,"[4486, 1907, 2273, 15, 4433, 5105, 1521, 5405, 31, 7823]"
0.81,0.01,0.39205978961441024,"[4642, 2654, 1546, 12, 13, 4702, 15, 1555, 24, 25, 40, 49, 54, 62, 67, 1092, 70, 582, 1096, 754]"
0.34,0.02,0.4232683102762159,"[1792, 3078, 6281, 3725, 5774, 38, 1608, 1418, 2571, 7438, 30, 553, 35, 17, 40, 42, 1553, 614, 5231, 132, 144, 1213, 192, 193, 6346, 7372, 2255, 208, 209, 6871, 2775, 4354, 260, 2359, 1248, 4411, 8434, 1785, 5370, 3323, 4926, 833, 1285, 4359, 7946, 271, 2327, 5388, 3400, 6988, 5966, 7502, 5460, 5971, 8136, 1521, 2994, 4881, 1009, 8177, 7638, 2489, 2472, 1443, 8093, 293, 951]"
0.93,0.0,0.259652259616291,"[6658, 2050, 907, 8460, 13, 7069, 15, 1009]"
0.91,0.0,0.15718006129724993,"[1792, 3078, 2571, 5649, 5396, 8211, 6172, 5668, 7214, 7823]"
0.28,0.03,0.444252138976994,"[1792, 3078, 6281, 3725, 5774, 38, 1608, 1418, 2571, 7438, 40, 553, 1553, 30, 26, 17, 70, 1068, 58, 49, 54, 1094, 62, 67, 582, 1092, 77, 1098, 75, 590, 80, 97, 265, 624, 1700, 132, 410, 86, 5216, 632, 127, 572, 35, 3227, 192, 208, 2214, 5065, 162, 209, 8447, 124, 1614, 4485, 1443, 163, 1369, 1904, 808, 4474, 382, 171, 428, 1324, 172, 1332, 1873, 1461, 951, 4538, 442, 1987, 851]"
0.14,0.04,0.4427648991965194,"[1026, 2, 8, 13, 14, 15, 16, 17, 1553, 527, 24, 25, 30, 32, 35, 38, 40, 553, 4139, 1068, 49, 51, 54, 55, 58, 62, 67, 1092, 582, 1098, 75, 588, 76, 2126, 86, 5216, 614, 1128, 624, 632, 165, 2214, 171, 172, 173, 190, 2250, 1231, 214, 220, 231, 8446, 8459, 1804, 8460, 8463, 1299, 276, 806, 808, 1326, 3374, 1332, 824, 1873, 851, 856, 1904, 881, 4472, 889, 4476, 4478, 4486, 906, 4492, 4496, 920, 3490, 1443, 428, 433, 1461, 951, 442, 458, 1444]"
0.62,0.02,0.43353000965639354,"[2054, 13, 15, 1553, 1555, 24, 25, 26, 30, 6175, 35, 40, 553, 1068, 49, 54, 58, 573, 62, 67, 1092, 1094, 70, 582, 1098, 75, 77, 590, 2126, 80, 86, 5216, 97, 614, 624, 632, 127, 6094, 144]"
0.98,0.0,0.15293096536682926,"[4523, 4486, 5411]"
0.29,0.03,0.43038847842270644,"[35, 165, 2054, 38, 8200, 40, 12, 177, 5216, 553, 1546, 141, 42, 49, 632, 127, 14, 527, 573, 192, 20, 24, 5065, 208, 614, 8447, 1369, 4474, 4499, 1324, 209, 413, 370, 6215, 4533, 3013, 6175, 1904, 8456, 144, 2708, 3227, 290, 433, 920, 458, 2214, 3490, 162, 2046, 946, 2016, 1443, 2026, 5966, 1231, 851, 1872, 428, 3923, 3400, 171, 172, 1461, 442, 214, 173, 377, 163, 124, 382, 1614]"
0.19,0.03,0.45007201078949344,"[1026, 2054, 1546, 12, 13, 14, 15, 24, 1555, 2325, 25, 30, 26, 70, 40, 553, 1068, 49, 54, 58, 62, 1553, 1094, 77, 590, 265, 624, 1700, 582, 1092, 1098, 4449, 75, 80, 356, 2917, 2460, 888, 67, 8058, 4474, 2434, 4485, 97, 8595, 2451, 2965, 3991, 7069, 928, 3490, 1443, 5538, 1450, 7083, 7082, 6574, 433, 1461, 949, 951, 442, 446, 1987, 452, 6598, 8136, 2506, 3021, 7124, 7638, 3030, 3544, 4571, 4065, 1009, 1521, 8177, 5105, 1013, 3062, 7671]"
0.95,0.0,0.28345504894972207,"[222, 14, 15, 1651, 6802, 3923]"
0.02,0.03,0.46703675124403676,"[1026, 2054, 1546, 12, 13, 14, 15, 24, 1555, 754, 25, 30, 26, 70, 40, 553, 1068, 49, 54, 58, 62, 8360, 5812, 1212, 1970, 4801, 3778, 5827, 2762, 2255, 1248, 5860, 8434, 1785, 5370, 3323, 6910, 4354, 1285, 4359, 5388, 271, 2327, 6428, 4901, 1836, 7469, 1841, 192, 1842, 1847, 2359, 4411, 4926, 260, 833, 6988, 7502, 5971, 4436, 7006, 3400, 4977, 893, 6658, 1928, 5512, 1419, 6027, 6028, 8590, 4497, 920, 951, 8093, 7584, 8097, 6052, 2472, 4015, 1480, 2994, 7091, 4604, 446, 1443, 8136, 3021, 3185, 8144, 7124, 7638, 4065, 1521, 1009, 8177, 7671, 3582, 7069]"
0.87,0.01,0.3206845046235176,"[5729, 2, 8, 13, 14, 15, 16, 17, 1553, 527, 24, 3599, 30, 4493]"
0.83,0.01,0.33142688477268945,"[2, 8, 2026, 13, 14, 15, 16, 17, 1553, 527, 4493, 3790, 114, 24, 25, 8315, 30, 1701]"
0.11,0.02,0.39846701537822027,"[4642, 2654, 2655, 4192, 5729, 101, 7311, 6802, 6821, 2255, 3438, 5858, 5860, 8434, 1270, 1785, 8441, 5370, 3323, 6910, 1792, 769, 260, 1285, 4359, 7946, 5388, 271, 2327, 6428, 4901, 1836, 7469, 1842, 2359, 1339, 4926, 833, 5444, 3400, 6988, 7502, 3923, 4436, 5971, 7006, 4448, 4960, 3947, 4977, 6001, 5512, 1928, 906, 6027, 1418, 6028, 1419, 8590, 2448, 4497, 2961, 6547, 6035, 406, 6044, 7069, 8604, 2466, 2985, 7589, 1963, 2477, 1455, 436, 8628, 5565, 2510, 5073, 1993, 7134, 4065, 2017, 2531, 996, 484, 2537, 6118, 3562, 6123]"
0.25,0.03,0.43375426659429916,"[458, 1026, 4478, 132, 2054, 1546, 906, 4492, 13, 8459, 527, 15, 17, 1553, 16, 20, 144, 276, 8463, 24, 25, 26, 30, 162, 35, 163, 1443, 3490, 165, 40, 553, 42, 2214, 1068, 806, 808, 171, 172, 49, 173, 1326, 1332, 1461, 54, 951, 824, 58, 62, 67, 1092, 8460, 70, 1094, 582, 1098, 75, 2250, 77, 590, 1231, 80, 1873, 3374, 851, 214, 220, 97, 614, 231, 624, 1904, 3829, 1804, 8446, 1663, 7436]"
0.77,0.01,0.4185601333543989,"[904, 141, 14, 17, 20, 920, 24, 30, 31, 32, 1697, 3490, 35, 1443, 38, 40, 553, 42, 428, 49, 62, 67, 5065, 458]"
0.06,0.04,0.4320065577072073,"[8200, 14, 527, 1553, 5143, 24, 4636, 35, 573, 67, 1092, 582, 1094, 1098, 75, 77, 590, 2126, 80, 86, 2654, 4192, 5729, 97, 5216, 614, 6251, 624, 632, 5240, 3194, 127, 132, 4236, 7311, 144, 1684, 2708, 3227, 162, 163, 1700, 2214, 171, 172, 192, 202, 208, 209, 8447, 769, 8456, 265, 7946, 8459, 8460, 8463, 1299, 1823, 290, 806, 808, 1324, 1332, 7501, 1873, 851, 856, 1369, 1904, 370, 4474, 382, 5505, 4485, 4489, 4490, 4495, 4496, 1443, 428, 429, 946, 3507, 1461, 951, 442, 4538, 7615, 1987, 6595, 5065, 2016, 2026, 3154]"
0.81,0.0,0.2886502382824492,"[1792, 6657, 5640, 7311, 6805, 7069, 7589, 6821, 1339, 1993, 8265, 2640, 1746, 3923, 1626, 4448, 70, 582, 1096, 754]"
0.93,0.0,0.30119777552827853,"[141, 2054, 1546, 12, 5262, 7069, 15, 1009]"
0.87,0.0,0.20582912872649795,"[3078, 2571, 5649, 6674, 8211, 5601, 5668, 7214, 4144, 1075, 4149, 3128, 4665, 3135]"
0.07,0.03,0.412569197117017,"[3078, 2571, 17, 1553, 30, 35, 38, 40, 553, 42, 1608, 614, 5231, 132, 6281, 3725, 5774, 144, 1213, 192, 193, 6346, 7372, 2255, 208, 209, 6871, 2775, 7897, 224, 1248, 5860, 231, 8434, 1785, 5370, 3323, 6910, 8447, 1792, 769, 260, 1285, 8456, 7946, 8459, 8460, 5388, 7438, 8463, 271, 1299, 2327, 6428, 4901, 1836, 7469, 1842, 7006, 4452, 3947, 4977, 893, 5505, 5512, 1928, 1418, 1419, 6028, 6027, 8590, 4497, 920, 7069, 8093, 7584, 8097, 1443, 6052, 2472, 4015, 2994, 7091, 1970, 951, 7615, 1987, 6595, 5065, 458, 2016, 2026, 4092, 4301]"
0.21,0.02,0.4323327214575392,"[1792, 3078, 2571, 5649, 6674, 8211, 6172, 5668, 7214, 4144, 1075, 4149, 3128, 4665, 3135, 2120, 5707, 594, 2660, 5732, 108, 8300, 5232, 3184, 5239, 638, 6281, 3725, 5774, 4249, 6812, 1981, 5792, 5797, 3758, 6833, 1213, 193, 6346, 7372, 6871, 2775, 7897, 3294, 224, 7905, 3810, 5865, 5363, 4346, 5882, 7502, 768, 3344, 4882, 5907, 2841, 1315, 7459, 3880, 2345, 428, 4015, 433, 2994, 7091, 1461, 951, 4538, 442, 446, 1987, 1480, 5065, 458, 8136, 3021, 8144, 7124, 1013]"
0.9,0.0,0.2961887213212465,"[2273, 362, 15, 7823, 4433, 5105, 1907, 1521, 5405, 31, 492]"
0.74,0.01,0.3465582570111291,"[2434, 4485, 1293, 7831, 7069, 31, 1443, 428, 429, 2993, 946, 3507, 433, 1461, 442, 7615, 458, 3790, 7638, 4065, 2026, 1009, 1521, 8177, 114, 7671, 1100]"
0.79,0.01,0.3611015179812922,"[2054, 1546, 12, 5755, 7482, 442, 17, 4665, 8537, 247, 31, 231, 1128, 32, 4848, 4881, 3703, 38, 6907, 124, 5484, 624]"
0.58,0.02,0.40228341243303734,"[4478, 4485, 8, 904, 1546, 13, 141, 527, 15, 17, 7952, 14, 20, 920, 24, 3490, 1443, 162, 163, 38, 165, 40, 553, 42, 433, 1324, 2214, 808, 4015, 8446, 49, 1663, 3156, 54, 62, 67, 1092, 70, 582, 1096, 458, 1231, 214]"
0.14,0.03,0.4361229615330984,"[3078, 38, 2654, 4192, 6251, 3185, 5240, 3194, 4236, 6281, 7311, 3725, 5774, 1684, 8360, 5812, 1212, 192, 4801, 3778, 5827, 202, 2762, 2255, 1248, 5860, 8434, 1785, 5370, 3323, 6910, 4354, 4359, 1823, 1841, 1847, 2359, 4411, 4926, 833, 3400, 6988, 7501, 7502, 5971, 1792, 930, 4436, 260, 271, 2327, 6428, 7946, 1836, 7469, 4901, 1842, 5388, 1285, 282, 290, 806, 808, 1324, 1915, 1866, 1873, 851, 856, 1369, 1904, 370, 4474, 382, 4481, 4485, 4489, 429, 946, 1461, 442, 8480, 7615, 6595, 5065, 2016, 2026]"
0.49,0.02,0.4464529697363201,"[2039, 31, 32, 35, 38, 40, 4139, 1068, 1582, 51, 54, 55, 220, 62, 1096, 2124, 614, 3185, 5240, 67, 1092, 582, 1697, 1098, 75, 80, 70, 163, 171, 172, 173, 4267, 3760, 190, 1231, 97, 214, 222, 7976, 1332, 833, 3400, 6988, 5966, 7502, 1872, 4433, 3923, 7511, 856, 7517, 4958]"
0.43,0.02,0.3946725178367232,"[1026, 2054, 1546, 12, 5262, 17, 5781, 5755, 31, 2082, 7890, 38, 442, 8537, 32, 247, 1128, 4848, 231, 627, 3703, 624, 6907, 124, 5484, 4492, 4493, 4496, 2454, 920, 413, 1443, 428, 429, 2993, 946, 3507, 433, 1461, 5966, 1746, 1235, 3923, 7502, 5460, 5971, 1626, 1248, 4065, 3286, 101, 1521, 8434, 1009, 7671, 1785, 5370, 3582]"
0.35,0.02,0.43018450574042255,"[1792, 6657, 4354, 132, 260, 1285, 4359, 5640, 1418, 2571, 7946, 5388, 5774, 7311, 7438, 17, 1553, 144, 271, 4881, 2327, 8093, 30, 1443, 35, 293, 38, 2472, 40, 42, 2994, 951, 2359, 2489, 4411, 1213, 4926, 192, 193, 833, 1608, 3400, 6346, 8136, 7372, 6988, 5966, 2255, 208, 209, 7502, 5971, 5460, 7638, 6871, 2775, 1248, 614, 5231, 1521, 8434, 1009, 8177, 1785, 5370, 3323]"
0.11,0.03,0.5018249595687485,"[10, 30, 31, 32, 35, 38, 40, 553, 42, 4139, 1068, 1582, 49, 54, 58, 62, 67, 1092, 70, 1094, 1096, 582, 1098, 75, 590, 80, 97, 614, 3185, 124, 644, 1697, 163, 165, 2214, 171, 172, 173, 3760, 190, 2250, 1231, 214, 222, 7976, 1332, 4926, 833, 3400, 6988, 5966, 7502, 1872, 3923, 856, 889, 382, 904, 7050, 920, 7069, 3490, 1443, 428, 4015, 433, 2994, 7091, 1461, 951, 442, 4538, 446, 1987, 1480, 5065, 458, 8136, 3021, 8144, 7124, 7638, 4065, 1521, 1009, 8177, 1013, 7671, 3582, 2976]"
0.52,0.01,0.4024722634128485,"[1792, 6657, 5640, 7311, 6802, 8093, 7069, 1443, 7589, 6821, 7847, 2472, 429, 4015, 946, 3507, 1461, 951, 442, 1339, 4538, 7615, 1987, 6595, 1993, 6858, 5065, 2640, 1746, 3923, 3154, 1626, 4448, 4960, 5858, 4065, 2016, 101, 6118, 3582, 2537, 3562, 3947, 2026, 1270, 7671, 8441, 254, 51]"
0.29,0.03,0.44010677378455676,"[1792, 6657, 5640, 7311, 6802, 7069, 2365, 6821, 1339, 1993, 8265, 2640, 1746, 3923, 1626, 4448, 4960, 5858, 4065, 101, 6118, 3582, 2537, 3562, 3947, 1270, 7671, 8441, 254, 1068, 806, 808, 171, 172, 49, 173, 1326, 1332, 1461, 54, 951, 824, 58, 62, 67, 1092, 8460, 70, 1094, 582, 1098, 75, 2250, 77, 590, 1231, 80, 1873, 3374, 851, 214, 220, 97, 614, 231, 624, 1904, 3829, 1804, 8446, 1663, 7436]"
0.62,0.01,0.3271778200280999,"[1792, 6657, 769, 2194, 260, 1285, 4359, 5640, 7946, 5388, 7311, 271, 4881, 6802, 4627, 2327, 6428, 7069, 6821, 4901, 1836, 7469, 1841, 1842, 2994, 1847, 2359, 1339, 4411, 4926, 833, 2758, 3400, 8265, 8136, 6988, 6910, 2255, 2640]"
0.99,0.0,0.0787591031983833,"[2039, 2428]"
0.08,0.02,0.4297891368293172,"[6658, 13, 527, 10, 17, 1553, 5143, 24, 4636, 2654, 4192, 6251, 3185, 5240, 3194, 4236, 7311, 1684, 8360, 5812, 1212, 192, 4801, 3778, 5827, 2762, 2255, 220, 1248, 5860, 8434, 1785, 5370, 3323, 6910, 4354, 260, 1285, 4359, 5388, 271, 2327, 6428, 1823, 4901, 1836, 7469, 1841, 1842, 1847, 2359, 4411, 4926, 7501, 833, 3400, 6988, 7502, 5971, 4436, 7006, 360, 4977, 893, 5505, 1928, 5512, 7050, 1419, 6028, 6027, 8590, 4497, 920, 8093, 7069, 7584, 8097, 6052, 2472, 4015, 1443, 1970, 2994, 7091, 446, 951, 1480, 8136, 3021, 8144, 7124, 7638]"
0.94,0.0,0.2543140031496136,"[6657, 7311, 15, 1009, 6802, 7069, 382]"
0.73,0.01,0.3513414689860539,"[2434, 4485, 1293, 7831, 7069, 31, 1443, 428, 429, 2993, 946, 3507, 433, 1461, 442, 7615, 5065, 458, 3790, 595, 851, 7638, 856, 1369, 4065, 1009, 1521, 254]"
0.83,0.01,0.3173103641999788,"[8448, 5262, 17, 5781, 5755, 31, 32, 38, 7482, 442, 4665, 8537, 247, 54, 1128, 4848, 624, 627]"
0.96,0.0,0.2112281491887813,"[4432, 4478, 2333, 2054, 125]"
0.3,0.03,0.41833088335169466,"[1792, 132, 3078, 6281, 1418, 2571, 265, 3725, 5774, 7438, 8459, 17, 1553, 8460, 8463, 144, 1299, 4496, 26, 30, 162, 35, 1700, 163, 38, 2214, 40, 553, 1443, 7467, 1068, 806, 1326, 3374, 171, 49, 172, 428, 429, 1332, 54, 824, 58, 442, 62, 67, 1092, 70, 582, 1608, 1094, 1098, 75, 5447, 77, 590, 2126, 80, 1873, 851, 86, 97, 808, 614, 624, 881, 1904, 1907, 4468, 4472, 6305]"
0.92,0.01,0.30871607917780963,"[2273, 141, 15, 7823, 5105, 1907, 1521, 5405, 31]"
0.69,0.01,0.3326390217946288,"[5729, 769, 5505, 8200, 7946, 202, 14, 527, 7501, 5143, 24, 4636, 2654, 4192, 6251, 5240, 3194, 4236, 7311, 1684, 1823, 8360, 5812, 1212, 192, 67, 4801, 3778, 5827, 2762, 2255, 6658]"
0.96,0.0,0.19070232901077677,"[588, 6657, 5640, 7311, 6802]"
0.71,0.02,0.41492173083082773,"[2054, 1546, 12, 13, 14, 15, 144, 17, 1553, 30, 5150, 31, 32, 40, 553, 1068, 49, 54, 58, 62, 2250, 1231, 214, 220, 97, 614, 377, 624, 1657, 1663]"
0.49,0.02,0.37130444879813185,"[2434, 132, 4485, 8459, 8460, 1293, 1804, 8463, 4496, 1299, 276, 7831, 7069, 31, 35, 163, 165, 2214, 806, 808, 1443, 171, 172, 173, 7467, 1326, 3374, 428, 429, 1332, 824, 442, 2236, 582, 5447, 1873, 851, 7638, 4065, 4472, 231, 1904, 1009, 1521, 8177, 881, 3829, 1907, 7671, 4468, 8446, 81]"
0.32,0.03,0.4218333555472388,"[3947, 1546, 132, 13, 527, 15, 17, 2251, 16, 20, 24, 25, 26, 30, 35, 40, 553, 42, 1068, 49, 54, 58, 62, 67, 1092, 70, 1094, 582, 1098, 75, 77, 590, 80, 97, 614, 624, 1663, 144, 162, 163, 165, 2214, 8459, 8460, 1804, 2054, 276, 806, 1332, 824, 1873, 3829, 8446, 231, 214, 220, 1231, 851, 2250, 1904, 8463, 171, 172, 173, 808, 1326, 3374, 458, 4478]"
0.81,0.01,0.3847654985344532,"[1026, 2054, 13, 15, 17, 1553, 24, 26, 30, 25, 1879, 754, 67, 40, 1092, 70, 582, 49, 54, 62]"
0.55,0.02,0.41031958928574874,"[1026, 2054, 1419, 13, 15, 17, 1553, 1299, 24, 26, 30, 32, 162, 35, 38, 40, 553, 42, 1068, 49, 54, 58, 62, 6977, 67, 1092, 1094, 582, 1098, 75, 77, 80, 4436, 7006, 1248, 5860, 5997, 624, 4977, 8434, 1785, 5370, 3323, 893, 4478, 1663]"
0.08,0.03,0.4125456722290508,"[6658, 2054, 907, 8460, 13, 4493, 15, 144, 17, 1553, 1555, 8463, 1299, 3227, 24, 30, 31, 32, 1697, 290, 35, 38, 6595, 5447, 458, 5984, 1248, 5860, 8434, 1785, 5370, 3323, 6910, 4354, 1285, 4359, 5388, 271, 2327, 6428, 4901, 1836, 7469, 1841, 1842, 1847, 2359, 4411, 4926, 260, 833, 6988, 7502, 5971, 4436, 7006, 3400, 4977, 6527, 1928, 5512, 1419, 6027, 6028, 8590, 4497, 920, 8093, 7584, 8097, 6052, 2472, 4015, 1480, 2994, 7091, 951, 7050, 446, 8136, 3021, 3185, 8144, 7124, 7638, 4065, 1521, 1443, 1009, 8177, 7671, 3582, 7069]"
0.44,0.01,0.3660089997760667,"[1792, 3078, 2571, 5649, 6674, 8211, 6172, 5668, 7214, 4144, 1075, 4149, 3128, 4665, 3135, 2120, 5707, 594, 2660, 5732, 108, 8300, 5232, 3184, 5239, 638, 6281, 3725, 5774, 4249, 6812, 1981, 5792, 5797, 3758, 6833, 1213, 193, 6346, 7372, 6871, 2775, 7897, 3294, 946, 3507, 3658, 1993, 8165, 6118, 1462, 7405, 877, 8179, 1935, 895, 428]"
0.53,0.02,0.4042025437073884,"[2054, 1546, 1419, 12, 13, 14, 15, 527, 1553, 1299, 1785, 162, 40, 553, 49, 54, 58, 62, 6977, 1092, 70, 582, 1096, 1094, 1098, 75, 6988, 590, 7502, 80, 5971, 4436, 7006, 1248, 6626, 5860, 614, 5997, 624, 4977, 8434, 377, 5370, 3323, 893, 4478, 1663, 1477]"
0.82,0.01,0.39055458981908653,"[1546, 12, 13, 141, 15, 1555, 24, 25, 40, 54, 62, 67, 1092, 70, 582, 1096, 4702, 2654, 754]"
0.29,0.03,0.42593888785891265,"[4642, 2, 8, 13, 14, 15, 16, 17, 1553, 527, 24, 25, 30, 32, 35, 38, 40, 553, 4139, 1068, 49, 51, 54, 55, 58, 62, 67, 1092, 582, 1098, 75, 588, 76, 2126, 86, 5216, 614, 1128, 624, 632, 165, 2214, 171, 172, 173, 1449, 2250, 1231, 214, 220, 231, 8446, 8459, 4486, 906, 4492, 4496, 920, 413, 1443, 7467, 429, 433, 2993, 946, 1461, 3507, 348, 856, 458, 4472, 889]"
0.15,0.04,0.4325405390839816,"[362, 4523, 1231, 132, 214, 220, 231, 3829, 8446, 8459, 8460, 1804, 8463, 1299, 276, 806, 808, 7467, 1326, 3374, 54, 58, 573, 1873, 851, 62, 67, 1092, 1904, 70, 582, 1094, 1098, 75, 77, 590, 2126, 80, 906, 920, 4492, 4493, 86, 5216, 97, 614, 624, 632, 127, 442, 7615, 946, 1461, 144, 1443, 433, 2708, 3227, 162, 1420, 1700, 192, 208, 209, 754, 2026, 8447, 8456, 265, 290, 1324, 1369, 370, 4474, 4486, 4538, 1987, 172, 382, 856, 171, 5065, 2214, 2016, 3490, 951]"
0.69,0.02,0.3713498614035853,"[1026, 132, 2054, 1546, 906, 4492, 13, 8459, 527, 15, 17, 1553, 16, 20, 144, 276, 8463, 24, 25, 26, 30, 162, 35, 163, 1443, 3490, 165, 40, 42, 2214, 458, 4478]"
0.46,0.03,0.43118754164587636,"[4642, 2, 8, 13, 14, 15, 16, 17, 1553, 527, 24, 25, 30, 32, 35, 38, 40, 553, 4139, 1068, 31, 51, 54, 55, 58, 62, 67, 1092, 582, 1098, 75, 588, 76, 2126, 86, 5216, 614, 1128, 624, 632, 4492, 4496, 920, 413, 1443, 429, 2993, 946, 3507, 433, 1461, 442, 231, 7615, 458]"
0.36,0.03,0.47904689810048207,"[1, 2054, 904, 1546, 12, 141, 14, 527, 20, 24, 1697, 162, 163, 7522, 38, 51, 40, 553, 55, 3760, 4433, 4267, 5105, 3490, 4926, 173, 1443, 433, 1332, 1461, 54, 58, 442, 171, 62, 951, 190, 67, 1092, 1987, 70, 833, 582, 1096, 446, 1098, 75, 3400, 6988, 3021, 1231, 1872, 205, 5966, 222, 7502, 214, 3923, 856, 97, 7124, 7638, 614, 4065, 8136]"
0.38,0.03,0.43326039972057995,"[2273, 362, 15, 7823, 4433, 5105, 1907, 1521, 5405, 31, 492, 35, 163, 1443, 3490, 165, 341, 553, 42, 2214, 1068, 806, 808, 171, 172, 49, 173, 1326, 1332, 1461, 54, 951, 824, 58, 62, 67, 1092, 8460, 70, 1094, 582, 1098, 75, 2250, 77, 590, 1231, 80, 1873, 3374, 851, 214, 220, 97, 614, 231, 624, 1904, 3829, 1804, 8446, 1663, 7436]"
1.0,0.0,0.01674453888423033,[7564]
0.02,0.03,0.4607954853512546,"[1026, 2, 8, 13, 14, 15, 16, 17, 1553, 527, 24, 25, 30, 32, 38, 40, 553, 4139, 1068, 49, 51, 54, 55, 58, 62, 67, 1092, 582, 1098, 75, 588, 76, 2126, 86, 5216, 614, 1128, 624, 632, 3721, 165, 2214, 171, 172, 173, 190, 2250, 1231, 214, 220, 5882, 768, 3344, 4882, 5907, 2841, 1315, 7459, 3880, 2345, 7982, 815, 316, 5448, 2381, 7502, 5969, 8018, 1874, 6996, 6998, 7517, 4958, 4449, 356, 2917, 8567, 888, 8058, 4474, 8595, 2451, 2965, 3991, 928, 5538, 1450, 7083, 7082, 6574, 949, 452, 6598, 2506, 3030, 3544, 4571, 3062, 2039]"
0.71,0.01,0.30021087272631763,"[1152, 2054, 4493, 1553, 5150, 31, 32, 162, 8265, 2640, 1746, 3923, 254, 1626, 4448, 3937, 4960, 5858, 4065, 101, 6118, 3582, 2537, 3562, 3947, 1270, 7671, 8441, 4478, 2800]"
0.42,0.02,0.4307073652824034,"[6658, 13, 527, 10, 17, 1553, 5143, 24, 4636, 2654, 4192, 6251, 3185, 5240, 3194, 4236, 7311, 1684, 8360, 5812, 1212, 192, 4801, 3778, 5827, 2762, 2255, 220, 1248, 5860, 8434, 1785, 5370, 3323, 6910, 4354, 260, 1285, 4359, 5388, 271, 2327, 788, 1823, 4901, 1836, 7469, 1841, 1842, 1847, 2359, 4411, 4926, 1443, 2472, 8093, 4015, 951, 7069]"
0.41,0.03,0.4114345749563718,"[5729, 769, 5505, 8200, 7946, 202, 14, 527, 7501, 141, 24, 12, 553, 42, 49, 20, 177, 5216, 632, 127, 572, 5065, 208, 614, 1324, 1369, 4474, 8447, 192, 4499, 209, 920, 413, 3490, 162, 2214, 1904, 370, 6215, 433, 4533, 3013, 458, 6175, 8456, 144, 2708, 3227, 163, 290, 1443, 171, 851, 172, 2046, 946, 1461, 442, 2016, 2026]"
0.35,0.02,0.4532870488857559,"[769, 1026, 2, 4354, 260, 1285, 4359, 8, 7946, 13, 14, 15, 16, 271, 4881, 4627, 2327, 6428, 8093, 1443, 6821, 4901, 2472, 1836, 7469, 4015, 1841, 1842, 2994, 1847, 2359, 2489, 951, 1339, 4411, 4926, 833, 3400, 8265, 8136, 6988, 6910, 2255, 2640, 5966, 1746, 1235, 3923, 7502, 5460, 5971, 7638, 1626, 1248, 4065, 5858, 101, 1521, 8434, 1009, 8177, 7671, 1785, 5370, 3323, 3582]"
0.93,0.0,0.243806846798732,"[6658, 4062, 6232, 15, 6802, 1009, 7069, 7311]"
0.99,0.0,0.07728814844660858,"[399, 4540]"
0.65,0.01,0.33241883851632525,"[1792, 6657, 5640, 7311, 6802, 7069, 8093, 1443, 7589, 6821, 7847, 2472, 4015, 951, 1339, 7671, 1993, 2640, 1746, 3923, 1626, 3400, 4960, 5858, 4065, 2016, 101, 6118, 2537, 3562, 3947, 2026, 1270, 254, 8441, 3582]"
0.1,0.02,0.3812621986085848,"[3078, 2571, 5649, 6674, 8211, 6172, 5668, 7214, 4144, 1075, 4149, 3128, 4665, 3135, 2120, 5707, 594, 2660, 5732, 108, 8300, 5232, 1792, 1285, 4359, 7946, 5388, 271, 2327, 6428, 4901, 1836, 7469, 1842, 2359, 1339, 4926, 833, 5444, 3400, 6988, 7502, 3923, 4436, 5971, 7006, 4448, 4960, 3947, 4977, 6001, 5512, 1928, 906, 6027, 1418, 6028, 8590, 1419, 2448, 4497, 2961, 6547, 6035, 406, 6044, 7069, 8604, 2466, 7589, 2985, 1963, 2477, 1455, 436, 8628, 5565, 1993, 2510, 5073, 7134, 4065, 2017, 2531, 996, 484, 6118, 2537, 3562, 6123, 1549]"
0.47,0.03,0.41965964227680463,"[8448, 4492, 5262, 14, 15, 17, 16, 1553, 527, 5781, 4496, 24, 25, 920, 413, 30, 31, 32, 35, 1443, 38, 40, 553, 4139, 1068, 429, 2993, 946, 51, 3507, 54, 55, 1461, 442, 58, 62, 7615, 67, 1092, 582, 1098, 75, 588, 76, 2126, 458, 86, 5216, 614, 231, 1128, 624, 632, 5755]"
0.49,0.03,0.41013090761985105,"[458, 904, 30, 5065, 31, 32, 1697, 7976, 4139, 3490, 38, 35, 163, 40, 165, 553, 1068, 2214, 1443, 173, 806, 808, 7467, 172, 1326, 3755, 428, 429, 824, 2236, 5447, 1332, 171, 442, 1873, 7638, 4065, 4472, 231, 1904, 1009, 1521, 8177, 881, 3829, 1907, 7671, 582, 4468, 8446, 81, 851]"
0.79,0.01,0.39122121845112556,"[1026, 2, 8, 13, 14, 15, 16, 17, 1553, 527, 24, 25, 30, 32, 38, 40, 553, 4139, 1068, 49, 51, 6929]"
0.03,0.03,0.46707420715251224,"[6658, 1546, 13, 527, 15, 17, 16, 20, 24, 25, 26, 30, 35, 40, 553, 42, 1068, 49, 54, 58, 62, 67, 1092, 70, 1094, 582, 1098, 75, 77, 590, 80, 3185, 132, 2251, 8434, 1785, 5370, 3323, 6910, 4354, 260, 1285, 4359, 5388, 271, 6428, 4901, 1836, 7469, 1841, 1842, 1847, 2359, 4411, 4926, 833, 3400, 6988, 7502, 5971, 4436, 7006, 3947, 4977, 893, 1928, 5512, 7050, 1419, 6027, 6028, 8590, 4497, 920, 8093, 7069, 7584, 8097, 1443, 6052, 2472, 4015, 2994, 7091, 951, 446, 1480, 8136, 3021, 8144, 7124, 7638, 4065, 1521, 1009, 8177, 7671, 3582]"
0.81,0.0,0.29091268100894996,"[1792, 6657, 5640, 7311, 6802, 7069, 8093, 1443, 729, 6821, 7847, 2472, 4015, 951, 1339, 7671, 1993, 2640, 3947, 3923]"
0.39,0.03,0.4743548080321297,"[1, 2054, 904, 1546, 12, 127, 14, 527, 20, 24, 1697, 162, 163, 165, 38, 2214, 553, 42, 3760, 644, 40, 172, 4538, 173, 4926, 49, 433, 1332, 1461, 58, 54, 442, 951, 171, 62, 190, 3490, 1987, 833, 1094, 1098, 75, 2250, 458, 67, 1092, 590, 70, 1231, 1096, 582, 1872, 80, 5065, 222, 214, 5966, 856, 3923, 97, 3400, 6988]"
0.48,0.02,0.4538457705327641,"[458, 2696, 904, 5258, 7050, 920, 3490, 163, 1443, 165, 2214, 171, 172, 173, 428, 4015, 3760, 433, 2994, 7091, 1332, 1461, 951, 4538, 442, 4926, 190, 446, 833, 1987, 3400, 2505, 2250, 1480, 6988, 5065, 7502, 1231, 5966, 1872, 7890, 3923, 3021, 8144, 7124, 856, 222, 5729, 5735, 8136, 1013, 889, 1797]"
0.32,0.03,0.38898579681233314,"[5729, 769, 5505, 8200, 7946, 202, 14, 527, 7501, 5143, 4636, 24, 2654, 1942, 6251, 5240, 3194, 4236, 7311, 1684, 1823, 8360, 5812, 1212, 192, 1970, 4801, 3778, 5827, 2762, 2255, 1248, 5860, 97, 614, 624, 1663, 144, 162, 163, 165, 2214, 8459, 8460, 1804, 2054, 276, 806, 1332, 824, 1873, 3829, 8446, 231, 214, 220, 1231, 851, 2250, 1904, 8463, 171, 172, 173, 808, 1326, 3374, 458, 4478]"
0.9,0.0,0.23738877392773883,"[1792, 5668, 3078, 1293, 5649, 6674, 8211, 7831, 6172, 7069, 31]"
0.97,0.0,0.1276878901325581,"[4523, 4477, 5411, 6858]"
0.33,0.01,0.371322078538435,"[1792, 6657, 5640, 7311, 6802, 7069, 7589, 1993, 4448, 1339, 4960, 6118, 6821, 2537, 1746, 3923, 1626, 2640, 4673, 3562, 3947, 3582, 1270, 8441, 254, 5858, 7671, 2472, 101, 4015, 8093, 1443, 4065, 7501, 951, 833, 3400, 6988, 7502, 5971, 4436, 7006, 360, 4977, 893, 5505, 1928, 5512, 7050, 1419, 6028, 6027, 8590, 4497, 920, 7584, 8097, 6052, 1970, 2994, 7091, 446, 1480, 8136, 3021, 8144, 7124, 7638]"
0.76,0.0,0.27391245651135476,"[3078, 2571, 5649, 6674, 8211, 5601, 5668, 7214, 8614, 1075, 4149, 3128, 4665, 3135, 1248, 5860, 1419, 5997, 4977, 8434, 1785, 5370, 3323, 893, 6977]"
0.75,0.01,0.3059975587430802,"[4523, 4486, 5411, 7091, 1461, 951, 624, 4538, 446, 1987, 1480, 5065, 458, 8136, 3021, 8144, 7124, 7638, 4065, 1521, 1009, 8177, 1013, 7671, 3582, 2976]"
0.83,0.01,0.3204433371801825,"[6658, 2054, 907, 8460, 13, 4493, 370, 144, 17, 1553, 54, 1128, 4848, 624, 627, 32, 31, 38]"
0.86,0.01,0.3128481715045943,"[8448, 5258, 17, 5781, 5755, 31, 32, 38, 7482, 442, 4665, 8537, 247, 54, 1128]"
0.78,0.0,0.2867198128005758,"[3947, 1680, 2993, 1651, 1746, 3923, 6802, 1626, 4448, 4963, 5858, 4065, 2016, 101, 6118, 2537, 3562, 2026, 1270, 254, 8441, 3582, 6858]"
0.13,0.02,0.47125361531150245,"[8200, 14, 527, 5143, 24, 4636, 2654, 4192, 5729, 97, 614, 6251, 3185, 5240, 3194, 124, 4236, 7311, 1684, 8360, 5812, 1212, 192, 4801, 3778, 5827, 202, 2762, 2255, 1248, 5860, 8434, 1785, 5370, 3323, 6910, 769, 4354, 260, 1285, 4359, 7946, 5388, 271, 2327, 6428, 1823, 4901, 1836, 7469, 1841, 1842, 1847, 2359, 4411, 4926, 833, 3400, 6988, 7501, 7502, 5971, 4436, 889, 5505, 7050, 920, 7069, 1443, 428, 4015, 1970, 2994, 7091, 951, 446, 1480, 8136, 3021, 8144, 7124, 7638, 4065, 1521, 8177, 1013, 7671, 3582]"
0.63,0.02,0.3700751212001816,"[8448, 4492, 5262, 15, 14, 17, 16, 1553, 527, 5781, 4496, 920, 24, 25, 413, 30, 31, 32, 35, 1443, 38, 40, 553, 4139, 1068, 429, 6858, 101, 6118, 3582, 2537, 3562, 3947, 2026, 1270, 8441, 254, 4958]"
0.55,0.01,0.3425126155488083,"[1792, 6657, 5640, 7311, 6802, 7069, 7589, 8093, 6821, 1443, 7847, 2472, 4015, 59, 1339, 7671, 1993, 2640, 1746, 3923, 1626, 4960, 5858, 4065, 3400, 2016, 101, 6118, 2537, 3562, 3947, 2026, 1270, 254, 8441, 3582, 6251, 4977, 8434, 5240, 1785, 3194, 3323, 893, 6910, 658]"
0.04,0.03,0.44834830699789574,"[3078, 2571, 5649, 6674, 8211, 35, 40, 553, 42, 1068, 7214, 4144, 49, 1075, 4149, 54, 3128, 58, 62, 67, 1092, 70, 1094, 582, 1098, 75, 77, 590, 80, 3185, 132, 2251, 8434, 1785, 5370, 3323, 6910, 4354, 260, 1285, 4359, 5388, 271, 6428, 4901, 1836, 7469, 1841, 1842, 1847, 2359, 4411, 4926, 833, 3400, 6988, 7502, 5971, 4436, 7006, 3947, 4977, 893, 1928, 5512, 7050, 1419, 6027, 6028, 8590, 4497, 920, 8093, 7069, 7584, 8097, 1443, 6052, 2472, 4015, 2994, 7091, 951, 446, 1480, 8136, 3021, 8144, 7124, 7638, 5601, 4065, 1521, 1009, 8177, 7671, 3582]"
0.95,0.0,0.1656111628345992,"[8448, 5735, 2696, 2505, 5254, 7890]"
0.45,0.03,0.42510407198262223,"[1792, 3078, 6281, 1418, 2571, 4492, 3725, 5774, 7438, 4496, 1553, 17, 920, 26, 413, 30, 35, 1443, 38, 40, 553, 1068, 429, 49, 2993, 946, 3507, 433, 54, 1461, 58, 442, 62, 7615, 67, 1092, 70, 1094, 1608, 582, 1098, 75, 588, 77, 590, 76, 2126, 458, 86, 5216, 614, 231, 1128, 624, 632, 514]"
0.5,0.02,0.42481621695697525,"[2054, 1546, 1419, 12, 13, 14, 15, 527, 1553, 1299, 1785, 162, 40, 553, 49, 54, 58, 62, 6977, 7502, 5971, 4436, 7006, 1248, 6626, 1092, 1096, 1094, 1098, 75, 6988, 590, 70, 80, 351, 5860, 5997, 624, 4977, 614, 8434, 377, 5370, 3323, 893, 4478, 1663, 1477, 214, 3923, 851]"
0.16,0.03,0.43538842517767795,"[2054, 54, 58, 573, 62, 67, 1092, 70, 1094, 1098, 75, 77, 590, 2126, 80, 86, 5216, 97, 614, 624, 632, 127, 144, 2708, 3227, 162, 1700, 2214, 171, 172, 192, 208, 209, 214, 220, 231, 754, 3829, 8446, 8447, 8456, 265, 8459, 8460, 1804, 8463, 1299, 276, 2333, 290, 806, 808, 7467, 1324, 1326, 3374, 4432, 1873, 851, 856, 1369, 1904, 370, 4474, 4478, 382, 4486, 906, 4492, 4493, 1420, 920, 3490, 1443, 433, 946, 1461, 951, 442, 4538, 7615, 1987, 5065, 2016, 2026]"
0.24,0.02,0.41537324784890284,"[4065, 2434, 4485, 1521, 1009, 8177, 7638, 7671, 7069, 7831, 1293, 31, 202, 2762, 2255, 1248, 5860, 8434, 1785, 5370, 3323, 6910, 4354, 4359, 1823, 1841, 1847, 1190, 4411, 4926, 833, 3400, 6988, 7501, 7502, 5971, 1792, 930, 4436, 260, 271, 2327, 6428, 7946, 1836, 7469, 4901, 1842, 5388, 1285, 282, 290, 806, 808, 1324, 1915, 1866, 1873, 851, 856, 1369, 1904, 370, 4474, 382, 4481, 4489, 429, 946, 1461, 442, 8480, 7615, 6595, 5065, 2016, 2026]"
0.14,0.03,0.44006328758419766,"[6657, 5640, 58, 573, 62, 4673, 67, 1092, 70, 582, 1094, 1098, 75, 77, 590, 2126, 2640, 80, 86, 1626, 5216, 97, 614, 624, 632, 127, 7311, 144, 6802, 2708, 3227, 162, 1700, 6821, 2214, 171, 172, 192, 208, 209, 1746, 754, 8447, 1792, 8456, 265, 290, 1324, 1339, 1873, 3923, 851, 856, 1369, 4448, 4960, 3947, 1904, 370, 4474, 382, 4486, 906, 4492, 4493, 1420, 920, 7069, 3490, 1443, 7589, 433, 946, 1461, 951, 442, 4538, 7615, 1987, 1993, 5065, 2016, 6118, 2537, 3562, 2026, 4876]"
0.59,0.02,0.4217972749157053,"[2214, 904, 30, 31, 32, 1697, 3490, 35, 163, 165, 38, 806, 7976, 40, 553, 4139, 1068, 173, 7467, 172, 808, 1326, 162, 42, 433, 1324, 4015, 49, 54, 62, 67, 1092, 70, 582, 1096, 5065, 458, 1231, 3156, 214, 8446, 1663]"
0.05,0.03,0.43518200139729213,"[1792, 6657, 5640, 7311, 6802, 7069, 8093, 1443, 7589, 6821, 7847, 2472, 4015, 951, 1339, 7671, 1993, 2640, 1746, 3923, 1626, 3400, 4960, 5858, 4065, 101, 2016, 6118, 2537, 3562, 3947, 1270, 2026, 77, 590, 80, 97, 614, 624, 1663, 144, 162, 163, 165, 2214, 171, 172, 173, 2250, 1231, 214, 220, 231, 3829, 8446, 8459, 8460, 1804, 8463, 1299, 276, 806, 808, 1326, 3374, 1332, 824, 1873, 851, 1904, 881, 1907, 4468, 1657, 4472, 889, 4478, 4486, 392, 906, 4492, 4496, 2454, 920, 413, 428, 429, 2993, 946, 3507, 433, 1651, 442, 7615, 458, 7467]"
0.54,0.01,0.39574161798015584,"[1792, 6657, 769, 4354, 260, 1285, 4359, 5640, 7946, 5388, 7311, 271, 4881, 6802, 4627, 2327, 6420, 7069, 6821, 582, 1098, 75, 77, 80, 856, 97, 377, 1663, 202, 624, 4436, 7006, 5860, 1419, 5997, 6988, 4977, 8434, 1785, 5370, 3323, 893, 6977, 7502, 1248, 5971, 1299]"
0.84,0.01,0.33598988835238985,"[4481, 141, 15, 1555, 24, 25, 40, 54, 62, 67, 1092, 70, 582, 1096, 4702, 305, 754]"
0.73,0.02,0.3992842280955251,"[2054, 1546, 12, 13, 14, 15, 6048, 17, 1553, 377, 97, 30, 31, 614, 624, 1657, 1663, 49, 2250, 32, 1231, 54, 58, 214, 62, 220, 38, 144]"
0.68,0.02,0.3720739550131479,"[6657, 2054, 1546, 906, 4492, 13, 8459, 527, 15, 17, 1553, 16, 20, 144, 276, 8463, 24, 25, 26, 30, 162, 35, 163, 1443, 3490, 165, 40, 2214, 42, 458, 588, 4478, 3428]"
0.96,0.0,0.22347461268480218,"[1026, 696, 5640, 7311, 6802]"
0.66,0.01,0.3675303522735678,"[2434, 4485, 1293, 7831, 7069, 31, 1443, 428, 429, 2993, 946, 3507, 433, 1461, 7615, 3400, 5065, 458, 6988, 3790, 5966, 80, 595, 851, 3923, 7638, 214, 856, 1369, 222, 4065, 97, 1009, 1521, 254]"
0.17,0.03,0.43192161081065406,"[8200, 12, 14, 527, 20, 24, 553, 42, 49, 572, 6215, 5703, 5216, 5729, 614, 632, 127, 141, 144, 162, 163, 2214, 171, 172, 173, 177, 192, 202, 2250, 1231, 208, 209, 214, 220, 3829, 8446, 8447, 769, 7946, 8459, 8460, 1804, 8463, 1299, 276, 806, 808, 1324, 1326, 3374, 1332, 824, 7501, 1873, 851, 1369, 1904, 881, 370, 1907, 4468, 4474, 5505, 4496, 4499, 920, 413, 3490, 1443, 428, 429, 433, 946, 3507, 4533, 1461, 442, 7615, 3013, 5065, 458, 2016, 2026, 979]"
0.6,0.02,0.4141138309307051,"[458, 904, 30, 5065, 31, 32, 1697, 7976, 4139, 3490, 38, 35, 163, 40, 165, 553, 1068, 2214, 1443, 173, 806, 808, 7467, 172, 1326, 3377, 428, 429, 824, 2236, 5447, 1332, 171, 442, 1873, 7638, 4065, 4472, 231, 1904, 7671]"
0.23,0.03,0.43994934696309307,"[1, 2054, 904, 1546, 12, 141, 14, 527, 20, 24, 1697, 162, 163, 7522, 38, 51, 40, 553, 55, 3760, 4433, 4267, 5105, 3490, 4926, 173, 1443, 433, 1332, 1461, 54, 58, 951, 442, 62, 190, 3526, 67, 1092, 833, 70, 1096, 582, 171, 446, 1098, 75, 3400, 6988, 3021, 1231, 1872, 205, 8463, 1299, 276, 214, 806, 808, 97, 7467, 1326, 614, 3374, 824, 5447, 1873, 851, 1904, 881, 1907, 4468, 4472, 889, 4478, 4486, 392, 906]"
0.7,0.01,0.287611492766504,"[1792, 6657, 5640, 7311, 6802, 7069, 32, 162, 7671, 8265, 2640, 1746, 3923, 1626, 4448, 4960, 3937, 5858, 4065, 101, 6118, 3582, 2537, 3562, 3947, 2800, 1270, 254, 8441, 4478, 6429]"
0.12,0.03,0.46566022414779884,"[4523, 4486, 5411, 7091, 1461, 951, 1546, 4538, 446, 1987, 4642, 5065, 458, 8136, 3021, 8144, 7124, 7638, 4065, 1521, 1009, 8177, 1013, 7671, 3582, 12, 141, 14, 527, 20, 24, 1697, 162, 163, 165, 38, 2214, 40, 553, 42, 3760, 644, 172, 173, 4926, 49, 433, 1332, 54, 58, 442, 171, 62, 190, 3490, 67, 1092, 70, 833, 582, 1096, 1094, 1098, 75, 2250, 590, 1231, 1872, 80, 222, 214, 5966, 856, 3923, 97, 3400, 6988, 614, 7502, 124, 889, 428, 4015, 920, 2994, 7050, 3185, 1443, 7069]"
0.37,0.02,0.3916343066688598,"[5505, 6658, 4354, 260, 769, 1285, 4359, 8200, 1928, 7946, 6027, 4236, 5388, 14, 527, 271, 6028, 8590, 1684, 4497, 5143, 24, 2327, 920, 4636, 6428, 8093, 1823, 7584, 1443, 4901, 8360, 1836, 7469, 1841, 1842, 5812, 1847, 2359, 4411, 1212, 4926, 192, 4801, 3778, 5827, 833, 3400, 202, 2762, 6988, 7501, 7502, 2255, 5971, 4436, 5512, 7006, 4192, 5729, 1248, 5860, 1419, 5370]"
0.32,0.03,0.39067290543102207,"[3078, 2571, 5649, 6674, 8211, 5601, 5668, 7214, 4144, 1075, 4149, 24, 2654, 1942, 6251, 5240, 3194, 4236, 7311, 1684, 1823, 8360, 5812, 1212, 192, 1970, 4801, 3778, 5827, 2762, 2255, 3626, 5860, 97, 614, 624, 1663, 144, 162, 163, 165, 2214, 8459, 8460, 1804, 2054, 276, 806, 1332, 824, 1873, 3829, 8446, 231, 214, 220, 1231, 851, 2250, 1904, 8463, 171, 172, 173, 808, 1326, 3374, 458, 4478]"
0.28,0.03,0.4363887276244095,"[1026, 2054, 1546, 12, 13, 14, 15, 1804, 1553, 7436, 8460, 806, 808, 171, 1068, 172, 1326, 3374, 173, 49, 1663, 1332, 1461, 54, 951, 824, 58, 1339, 62, 67, 1092, 582, 70, 1094, 1993, 8265, 1098, 75, 77, 590, 2250, 2640, 1231, 1746, 3923, 254, 80, 214, 1873, 851, 1626, 220, 4448, 4960, 5858, 4065, 97, 101, 6118, 614, 231, 2537, 3562, 3947, 624, 1904, 3829, 1270, 7671, 8441, 3582, 8446, 5454]"
0.03,0.02,0.39555231964510806,"[6658, 3078, 2571, 5649, 6674, 8211, 6172, 5668, 7214, 4144, 1075, 4149, 3128, 4665, 3135, 2120, 5707, 594, 2660, 5732, 108, 5232, 3184, 3185, 5239, 638, 6281, 3725, 5774, 4249, 6812, 5792, 5797, 3758, 5370, 3323, 6910, 1792, 4354, 260, 1285, 4359, 5388, 271, 2327, 6428, 4901, 1836, 7469, 1841, 1842, 1847, 2359, 4411, 4926, 833, 3400, 6988, 7502, 5971, 4436, 7006, 4977, 893, 1928, 5512, 7050, 1419, 6027, 6028, 8590, 4497, 920, 8093, 7069, 7584, 8097, 1443, 6052, 2472, 4015, 2994, 7091, 951, 1981, 446, 1480, 8136, 3021, 8144, 7124, 7638, 4065, 1521, 1009, 8177, 7671, 3582]"
0.56,0.02,0.42046603263608506,"[4642, 2, 8, 13, 14, 15, 16, 17, 1553, 527, 24, 25, 30, 32, 35, 38, 553, 4139, 1068, 40, 49, 51, 55, 58, 54, 62, 316, 1098, 75, 588, 76, 2126, 86, 1092, 582, 5216, 614, 1128, 624, 974, 632, 348, 2832, 190, 8460]"
0.5,0.02,0.41523506806931687,"[3078, 2571, 5649, 6674, 8211, 35, 40, 553, 42, 1068, 7214, 4144, 49, 1075, 4149, 54, 3128, 58, 62, 67, 1092, 70, 1094, 582, 1098, 75, 77, 590, 80, 3185, 132, 2251, 8434, 1785, 5370, 3323, 6910, 4354, 260, 1285, 4359, 5388, 271, 5338, 4901, 1836, 7469, 1841, 1842, 1009, 7069]"
0.46,0.02,0.4060267778076677,"[2054, 54, 58, 573, 62, 67, 1092, 70, 1094, 1098, 75, 77, 590, 2126, 80, 86, 5216, 97, 614, 624, 632, 127, 144, 2708, 3227, 162, 1700, 2214, 1694, 172, 192, 208, 209, 214, 220, 231, 754, 3829, 8446, 8447, 8456, 265, 8459, 8460, 1804, 8463, 1299, 276, 2333, 290, 806, 2016, 2026, 1443, 951]"
0.99,0.0,0.05712351861790155,"[5258, 7890]"
0.93,0.0,0.28234711842882887,"[6658, 13, 527, 15, 6802, 1009, 7069, 7199]"
0.98,0.0,0.10070358291446668,"[7564, 254, 3444]"
0.26,0.02,0.4014941678409134,"[2434, 4485, 1293, 7831, 7069, 31, 1443, 428, 429, 2993, 946, 3507, 433, 1461, 7615, 5065, 3400, 458, 6988, 271, 6027, 6028, 1684, 8590, 4497, 5143, 24, 2327, 920, 4636, 6428, 8093, 734, 7584, 4901, 8360, 1836, 7469, 1841, 1842, 5812, 1847, 2359, 4411, 1212, 4926, 192, 4801, 3778, 5827, 833, 202, 2762, 7501, 7502, 2255, 5971, 4436, 5512, 7006, 4192, 5729, 1248, 5860, 1419, 6251, 4977, 8434, 5240, 1785, 3194, 3323, 893, 6910, 658]"
0.4,0.02,0.3931494444401956,"[5505, 7967, 769, 4354, 260, 1285, 4359, 8200, 1928, 5370, 7946, 4236, 5388, 14, 527, 7311, 271, 6027, 6028, 1684, 8590, 4497, 5143, 24, 2327, 920, 4636, 6428, 8093, 1823, 7584, 1443, 4901, 8360, 1836, 7469, 1841, 1842, 5812, 1847, 2359, 4411, 1212, 4926, 192, 4801, 3778, 5827, 833, 3400, 202, 2762, 6988, 7501, 7502, 2255, 5971, 4436, 433, 1461, 442]"
0.23,0.02,0.4350335228023825,"[6657, 2054, 1546, 31, 7831, 1190, 202, 2762, 2255, 1248, 5860, 8434, 1785, 5370, 3323, 6910, 1792, 4354, 260, 1285, 4359, 7946, 5388, 1293, 271, 2327, 282, 6428, 1823, 8480, 290, 4901, 806, 808, 1836, 7469, 1324, 1841, 1842, 1847, 4411, 4926, 833, 3400, 1866, 6988, 7501, 7502, 1873, 5971, 4436, 851, 856, 1369, 1904, 370, 4474, 1915, 382, 4481, 4489, 906, 7069, 930, 429, 946, 1461, 442, 7615, 6595, 5065, 7638, 2016, 2026, 1009, 8177, 7671, 4052]"
0.95,0.0,0.23441220440499266,"[1026, 1680, 2993, 1651, 6807, 3923]"
0.97,0.0,0.11433014627924676,"[5729, 8023, 2696, 2505]"
0.72,0.01,0.36135552292204653,"[8200, 12, 141, 14, 527, 144, 8463, 1299, 20, 24, 162, 163, 2214, 553, 42, 171, 172, 173, 49, 177, 442, 572, 6215, 5703, 458, 5729, 614, 632, 127]"
0.2,0.03,0.4220581637058246,"[8448, 5262, 8463, 17, 1555, 1299, 5781, 24, 3227, 30, 31, 32, 1697, 290, 35, 38, 4665, 442, 7482, 6595, 5447, 8537, 5984, 247, 5755, 458, 3263, 192, 202, 2250, 1231, 208, 209, 214, 220, 3829, 8446, 8447, 769, 7946, 8459, 8460, 1804, 276, 806, 808, 1324, 1326, 3374, 1332, 824, 7501, 1873, 851, 1369, 1904, 881, 370, 1907, 4468, 4474, 5505, 4496, 4499, 920, 413, 3490, 1443, 428, 429, 433, 946, 3507, 4533, 1461, 7615, 3013, 5065, 2016, 2026, 1805]"
0.77,0.01,0.319857505306817,"[6658, 1285, 5388, 271, 788, 2327, 8093, 7069, 1823, 1443, 4901, 1062, 2472, 1836, 7469, 4015, 1841, 1842, 1847, 2359, 951, 4411, 4540, 4926]"
0.89,0.01,0.2912207987525681,"[7937, 5262, 8463, 17, 1555, 1299, 5781, 24, 3227, 30, 31, 32]"
0.35,0.02,0.4037353021934684,"[1792, 6657, 4478, 382, 4486, 5640, 906, 4492, 4493, 1420, 7311, 6802, 920, 8093, 7069, 3490, 1443, 7589, 6821, 7847, 2472, 808, 7467, 1324, 1326, 4015, 3374, 433, 946, 1461, 951, 442, 1339, 4538, 7615, 1987, 1993, 6858, 5065, 2640, 4432, 1746, 3923, 851, 856, 1369, 1626, 4448, 4960, 5858, 4065, 2016, 101, 6118, 3582, 2537, 3562, 3947, 2026, 1904, 370, 1270, 7671, 8441, 4474, 254]"
0.08,0.02,0.4209471992761976,"[6658, 4062, 6232, 10, 17, 1553, 7069, 7311, 5143, 24, 4636, 2654, 4192, 6251, 3185, 5240, 3194, 4236, 1684, 8361, 5812, 1212, 192, 4801, 3778, 5827, 2762, 2255, 220, 1248, 5860, 8434, 1785, 5370, 3323, 6910, 4354, 260, 1285, 4359, 5388, 271, 2327, 6428, 1823, 4901, 1836, 7469, 1841, 1842, 1847, 2359, 4411, 4926, 7501, 833, 3400, 6988, 7502, 5971, 4436, 7006, 360, 4977, 893, 5505, 1928, 5512, 7050, 1419, 6028, 6027, 8590, 4497, 920, 8093, 7584, 8097, 6052, 2472, 4015, 1443, 1970, 2994, 7091, 446, 951, 1480, 8136, 3021, 8144, 7124, 7638]"
0.81,0.01,0.30456177560429,"[1792, 3078, 1293, 6674, 8211, 7831, 6172, 7069, 31, 5668, 70, 582, 1096, 5065, 458, 1231, 3156, 214, 8446, 1663]"
0.17,0.04,0.4204576301481475,"[1026, 2054, 13, 15, 17, 1553, 24, 26, 30, 35, 40, 553, 38, 32, 42, 2003, 49, 54, 58, 62, 67, 1092, 70, 1094, 582, 1098, 75, 77, 590, 80, 97, 614, 1657, 624, 1663, 132, 144, 162, 3867, 165, 2214, 171, 172, 173, 2250, 1231, 214, 220, 3829, 8446, 231, 8459, 8460, 1804, 8463, 1299, 276, 806, 808, 7467, 1326, 3374, 1332, 824, 5447, 1873, 851, 1904, 881, 1907, 4468, 4472, 889, 4478, 4486, 392, 906, 442, 2506, 3030, 3544, 4571, 3062, 2039]"
0.63,0.02,0.37591250685087974,"[6658, 2054, 907, 8460, 13, 4493, 15, 144, 17, 1553, 4496, 25, 413, 40, 24, 30, 31, 1424, 4139, 1068, 429, 6858, 101, 32, 6118, 2537, 35, 38, 3562, 3947, 2026, 1270, 8441, 254, 4958, 1443, 3582, 920]"
0.45,0.02,0.4765364288916243,"[458, 2696, 904, 5258, 7050, 920, 3490, 163, 165, 2214, 1443, 171, 172, 173, 428, 4015, 3760, 2994, 433, 7092, 1332, 951, 1461, 4538, 442, 4926, 190, 446, 833, 1987, 3400, 2505, 2250, 1480, 6988, 5065, 7502, 1231, 5966, 1872, 7890, 3923, 3021, 588, 77, 590, 76, 2126, 86, 5216, 614, 231, 1128, 624, 632, 514]"
0.62,0.02,0.3840802519367542,"[1026, 2054, 4492, 14, 527, 16, 17, 15, 1553, 4496, 5781, 24, 25, 920, 413, 30, 31, 32, 35, 1443, 38, 40, 553, 4139, 1068, 429, 6858, 4958, 101, 6118, 2537, 3562, 3947, 2026, 1270, 254, 8441, 3582, 2044]"
0.07,0.02,0.37782938882635986,"[1792, 3078, 2571, 5649, 6674, 8211, 6172, 5668, 7214, 4144, 1075, 4149, 3128, 4665, 3135, 2120, 5707, 594, 2660, 5732, 108, 8300, 2935, 3184, 5239, 638, 6281, 3725, 5774, 4249, 6812, 5277, 5792, 5797, 3758, 6833, 1213, 193, 6346, 7372, 6871, 2775, 7897, 3294, 224, 7905, 3810, 5865, 5363, 4346, 5882, 7502, 768, 3344, 4882, 5907, 2841, 1315, 7459, 3880, 2345, 7982, 815, 316, 5448, 2381, 5969, 8018, 1874, 6996, 6998, 7511, 7517, 4958, 4449, 356, 2917, 8567, 888, 8058, 4474, 8595, 2451, 2965, 3991, 928, 5538, 1450, 7083, 7082, 6574, 949, 452, 6598]"
0.08,0.04,0.451453736155337,"[8448, 4492, 5262, 15, 1546, 14, 12, 1553, 13, 49, 51, 920, 24, 25, 413, 30, 4496, 32, 35, 1443, 38, 40, 553, 4139, 1068, 429, 54, 55, 58, 62, 67, 1092, 582, 2026, 1098, 75, 588, 76, 86, 5216, 614, 1128, 624, 632, 132, 2708, 163, 165, 2214, 171, 173, 190, 2250, 8459, 8460, 8463, 2832, 3212, 806, 808, 1332, 824, 1873, 851, 856, 1904, 881, 1907, 4468, 4472, 889, 382, 4485, 4486, 392, 4489, 906, 4490, 4495, 428, 2993, 433, 3507, 946, 1461, 951, 442, 4538, 7615, 1987, 6595, 458, 2016]"
0.51,0.02,0.44795527775828947,"[1026, 2054, 1546, 12, 13, 14, 15, 1553, 1555, 24, 25, 26, 30, 35, 1443, 40, 553, 1068, 49, 946, 51, 1461, 951, 4538, 442, 7615, 1987, 5065, 2640, 1746, 3923, 3154, 254, 1626, 4448, 4960, 5858, 4065, 2016, 101, 6118, 2537, 3562, 3947, 2026, 1270, 7671, 8441, 3582, 7322]"
0.26,0.01,0.4196657088962542,"[1792, 3078, 2571, 5649, 6674, 8211, 6172, 5668, 7214, 4144, 1075, 4149, 3128, 4665, 3135, 2120, 5707, 594, 2660, 5732, 108, 8300, 5232, 3184, 5239, 638, 6281, 3725, 5774, 4249, 6812, 1981, 5792, 740, 3758, 6833, 1213, 193, 6346, 7372, 6872, 2775, 7897, 3294, 224, 7905, 3810, 5865, 5363, 4346, 5882, 7502, 768, 3344, 4882, 5907, 458, 428, 5512, 7006, 4192, 5729, 1248, 5860, 1419, 6251, 4977, 8434, 5240, 1785, 3194, 3323, 893, 6910, 658]"
0.65,0.02,0.37957160278047264,"[8448, 4492, 5262, 15, 14, 17, 16, 1553, 527, 5781, 4496, 920, 24, 25, 413, 30, 31, 32, 35, 1443, 38, 40, 553, 4139, 1068, 429, 751, 101, 6118, 3582, 2537, 3562, 3947, 2026, 1270, 8441]"
0.39,0.03,0.4195604897054258,"[2054, 1546, 8459, 12, 13, 14, 15, 144, 17, 1553, 8460, 1804, 8463, 1299, 276, 30, 5150, 31, 32, 35, 163, 165, 38, 806, 40, 553, 2214, 171, 1068, 172, 173, 7467, 1326, 49, 3374, 1332, 54, 824, 58, 2236, 62, 582, 5447, 2250, 1231, 1873, 851, 214, 220, 1443, 97, 808, 614, 231, 377, 624, 881, 3829, 1657, 8446, 1663, 4803]"
0.8,0.01,0.3486351743831422,"[5729, 5735, 2696, 2505, 5258, 7890, 1697, 290, 35, 38, 4665, 442, 7482, 6595, 5447, 458, 8537, 5984, 247, 5755, 8228]"
0.69,0.02,0.40485246541101216,"[2214, 904, 30, 31, 32, 1697, 3490, 35, 163, 165, 12, 806, 7976, 40, 553, 4139, 1068, 173, 7467, 172, 808, 1326, 162, 42, 433, 1324, 4015, 49, 54, 62, 67, 1092]"
0.17,0.03,0.45866663821275144,"[6658, 2102, 13, 527, 15, 20, 17, 26, 24, 25, 16, 30, 35, 40, 553, 42, 1068, 49, 54, 58, 62, 67, 1092, 70, 1094, 582, 1098, 75, 77, 590, 80, 3185, 132, 2251, 8434, 1785, 5370, 3323, 6910, 4354, 260, 1285, 4359, 5388, 271, 6428, 4901, 1836, 7469, 1841, 1842, 1847, 2359, 4411, 4926, 833, 3400, 6988, 7502, 5971, 4436, 7006, 3947, 4977, 893, 1928, 5512, 7050, 1419, 4472, 889, 165, 2214, 7467, 429, 433, 856, 2993, 946, 1461, 458, 3507, 920, 1443]"
0.09,0.04,0.4533444784828746,"[1026, 1680, 1651, 2993, 6807, 392, 1546, 906, 12, 13, 14, 15, 4496, 1553, 32, 1513, 4139, 1299, 24, 25, 51, 54, 413, 30, 35, 1443, 40, 553, 1068, 4492, 429, 49, 3507, 1332, 433, 946, 1461, 824, 442, 7615, 920, 458, 55, 1873, 851, 58, 62, 1904, 881, 67, 1907, 4468, 4472, 889, 1092, 582, 1098, 75, 588, 76, 2832, 86, 5216, 614, 1128, 624, 632, 165, 2214, 171, 172, 173, 190, 2250, 1231, 214, 220, 231, 8446, 8459, 8460, 1804, 8463, 276, 806, 808, 7467, 1326, 3374, 856, 4470, 4476]"
0.53,0.01,0.30306997110721723,"[768, 3344, 4882, 5907, 8595, 2451, 2965, 3991, 2039, 2841, 928, 5538, 1315, 7459, 3880, 2345, 1450, 7083, 7082, 7982, 815, 6574, 949, 316, 452, 6598, 5448, 2506, 2381, 7502, 5969, 8018, 1874, 6996, 6998, 3030, 3544, 4571, 7517, 4958, 4449, 356, 2917, 4474, 3062, 8567, 888, 8058]"
0.09,0.02,0.41406258598712153,"[6657, 5640, 8265, 2640, 1626, 7311, 6802, 6821, 8361, 5812, 1212, 192, 4801, 3778, 5827, 2762, 2255, 1746, 220, 1248, 5858, 5860, 8434, 1785, 5370, 3323, 6910, 1792, 4354, 260, 1285, 4359, 5388, 271, 2327, 6428, 1823, 4901, 1836, 7469, 1841, 1842, 1847, 2359, 1339, 4411, 4926, 833, 3400, 6988, 7501, 7502, 3923, 5971, 4436, 7006, 4448, 4960, 360, 4977, 893, 5505, 1928, 7050, 1419, 6028, 6027, 8590, 4497, 920, 7069, 8093, 7584, 8097, 1443, 6052, 7589, 2472, 4015, 1970, 2994, 7091, 951, 446, 1480, 1993, 8136, 3021, 8144, 7124, 7638, 4065]"
0.44,0.01,0.35620960783780276,"[1792, 6657, 5505, 5640, 1928, 5512, 7050, 1419, 6028, 6027, 7311, 8590, 4497, 6802, 920, 7069, 8093, 7584, 1443, 7589, 6821, 2472, 4015, 951, 1339, 4673, 833, 3400, 1993, 6988, 7501, 7502, 2640, 1746, 3923, 254, 5971, 4436, 1626, 7006, 4448, 4960, 5858, 4065, 101, 6118, 360, 2537, 3562, 3947, 4977, 1270, 7671, 8441, 893, 3582, 5116]"
0.73,0.02,0.38840640861780795,"[4481, 141, 15, 1555, 24, 25, 40, 54, 62, 4702, 305, 754, 67, 1092, 70, 1096, 6416, 582, 1872, 8514, 3400, 6988, 86, 5966, 214, 3923, 614, 851]"
0.75,0.01,0.34091516690647683,"[4486, 5262, 8463, 17, 1555, 1299, 5781, 24, 3227, 30, 31, 1697, 290, 35, 38, 4665, 7482, 442, 3263, 6595, 5447, 458, 8537, 5984, 247, 5755]"
0.71,0.01,0.26160084858496835,"[1792, 4478, 3078, 6281, 1418, 2571, 4492, 3725, 6429, 162, 8265, 2640, 1746, 3923, 254, 1626, 4448, 4960, 3937, 5858, 4065, 101, 6118, 2537, 3562, 3947, 2800, 1270, 8441, 3582]"
0.84,0.01,0.2924903846061033,"[362, 4523, 7831, 6172, 7069, 31, 5668, 70, 582, 1096, 5065, 458, 3212, 3156, 214, 8446, 1663]"
0.4,0.03,0.4151310416512842,"[2054, 8459, 12, 13, 15, 144, 17, 1553, 8460, 1804, 8463, 1299, 276, 1657, 5150, 30, 32, 31, 35, 163, 165, 38, 806, 40, 553, 2214, 171, 1068, 172, 173, 7467, 1326, 49, 3374, 1332, 54, 824, 58, 2236, 62, 4803, 582, 5447, 2250, 1231, 4432, 1873, 851, 214, 220, 1443, 97, 808, 614, 231, 624, 881, 3829, 377, 8446, 1663]"
0.13,0.03,0.42540172022579825,"[6658, 10, 17, 1553, 5143, 24, 4636, 6232, 2654, 4192, 6251, 3185, 5240, 3194, 4236, 7311, 1684, 8361, 5812, 1212, 192, 4801, 3778, 5827, 2762, 2255, 209, 1746, 220, 1248, 5860, 8434, 754, 1785, 5370, 3323, 6910, 8447, 1792, 4354, 260, 1285, 4359, 8456, 265, 4876, 290, 1324, 1339, 1873, 3923, 851, 856, 1369, 4448, 4960, 3947, 1904, 370, 4474, 382, 4486, 906, 4492, 4493, 1420, 920, 7069, 3490, 1443, 7589, 433, 946, 1461, 951, 442, 4538, 7615, 1987, 1993, 5065, 4062, 2016, 6118, 2537, 3562, 2026, 4202]"
0.38,0.03,0.4326868590619074,"[1792, 6657, 5640, 8460, 7311, 6802, 7069, 6821, 806, 808, 171, 1068, 173, 1326, 3374, 49, 1332, 1461, 54, 951, 824, 58, 1339, 2365, 62, 67, 1092, 70, 1094, 582, 1993, 8265, 1098, 75, 2250, 77, 590, 2640, 1231, 1746, 3923, 254, 80, 1873, 851, 214, 1626, 220, 4448, 4960, 5858, 4065, 97, 101, 6118, 614, 2537, 3562, 3947, 1270, 7671, 8441, 3582]"
0.56,0.02,0.45204934284916465,"[1026, 2054, 1546, 12, 13, 14, 15, 1553, 1555, 24, 25, 26, 30, 35, 1443, 40, 553, 1068, 49, 946, 51, 1461, 951, 4538, 442, 7615, 2640, 1746, 3923, 1626, 4448, 4960, 5858, 4065, 101, 6118, 3582, 2537, 3562, 3947, 1270, 7671, 8441, 254, 7785]"
0.67,0.02,0.43468806619257006,"[1, 2054, 904, 1546, 12, 141, 14, 527, 20, 24, 1697, 162, 163, 165, 38, 2214, 40, 553, 1907, 3760, 644, 172, 4538, 173, 4926, 49, 433, 1332, 1461, 54, 58, 442, 951, 171]"
0.92,0.0,0.25143113859859667,"[15, 7311, 6802, 499, 6645, 7069, 4062, 3071, 2883]"
0.12,0.03,0.4387460550980544,"[2054, 54, 58, 573, 62, 67, 1092, 70, 1094, 1098, 75, 77, 590, 2126, 80, 86, 5216, 97, 614, 624, 632, 127, 144, 2708, 3227, 162, 1700, 2214, 171, 172, 192, 208, 209, 214, 220, 231, 3829, 8446, 8447, 8456, 265, 8459, 8460, 1804, 8463, 1299, 276, 2333, 290, 806, 808, 7467, 1324, 1326, 3374, 4432, 1873, 851, 856, 1369, 1904, 370, 4474, 382, 920, 2976, 3490, 1443, 433, 1461, 951, 442, 4538, 1987, 1480, 8136, 458, 5065, 3021, 8144, 7124, 7638, 4065, 1521, 1009, 8177, 1013, 7671, 3582]"
0.57,0.02,0.4271601734320677,"[6658, 2102, 13, 527, 15, 20, 17, 26, 24, 25, 16, 30, 40, 553, 42, 35, 1068, 49, 54, 58, 62, 67, 1092, 70, 1094, 5128, 1098, 75, 77, 590, 80, 3185, 132, 2251, 8434, 1785, 5370, 3323, 6910, 4354, 260, 1285, 4359, 458]"
0.5,0.01,0.3374175183704041,"[6658, 4354, 260, 1285, 3078, 4359, 6281, 2571, 5388, 3725, 5774, 271, 5649, 6674, 8211, 2327, 4249, 6172, 6812, 6428, 5792, 5668, 5797, 4901, 1836, 7469, 7214, 3758, 4144, 1841, 1842, 1075, 4149, 1847, 3128, 4665, 3135, 2120, 5707, 6910, 594, 2660, 5732, 108, 5232, 3184, 3185, 5239, 5370, 3323, 638]"
0.21,0.02,0.3844260215897588,"[362, 4523, 8360, 5812, 1212, 192, 1970, 4801, 3778, 5827, 2762, 2255, 1248, 5860, 8434, 1785, 5370, 3323, 6910, 4354, 1285, 4359, 5388, 271, 2327, 6428, 4901, 1836, 7469, 1841, 1842, 1847, 2359, 4411, 4926, 260, 833, 6988, 7502, 5971, 895, 7006, 3400, 4977, 893, 6658, 1928, 5512, 1419, 6027, 6028, 8590, 4497, 920, 8093, 7584, 8097, 6052, 2472, 4015, 1480, 2994, 7091, 951, 7050, 446, 8136, 3021, 3185, 8144, 7124, 7638, 4065, 1521, 1443, 1009, 8177, 7671, 3582, 7069]"
0.52,0.02,0.37364676871990654,"[6658, 2054, 907, 8460, 13, 4493, 15, 144, 17, 1553, 4496, 1424, 24, 25, 920, 413, 30, 31, 32, 8097, 35, 6052, 1443, 40, 4139, 1068, 429, 1970, 2994, 7091, 446, 1480, 8136, 6858, 3021, 8144, 7124, 7638, 4958, 101, 6118, 3582, 2537, 3562, 3947, 2026, 1270, 8441, 254]"
0.65,0.02,0.403018728017132,"[5729, 8023, 5262, 15, 14, 1094, 16, 1553, 527, 5781, 4496, 920, 24, 25, 413, 30, 31, 32, 35, 1443, 38, 40, 553, 4139, 1068, 429, 751, 101, 6118, 3582, 2537, 3562, 3947, 2026, 1270, 8441]"
0.79,0.01,0.3437824257728116,"[3078, 2571, 5649, 6674, 8211, 35, 8228, 40, 553, 42, 1068, 7214, 4144, 49, 1075, 4149, 54, 3128, 58, 62, 5755, 5956]"
0.95,0.0,0.22583730383083978,"[1026, 860, 2054, 4486, 3923, 2993]"
0.16,0.04,0.4227947550844362,"[2, 13, 15, 17, 1553, 24, 26, 30, 32, 4642, 35, 38, 40, 553, 42, 49, 54, 58, 62, 67, 1092, 70, 1094, 582, 1098, 75, 77, 590, 80, 97, 614, 624, 1657, 1663, 132, 144, 162, 165, 2214, 171, 172, 173, 2250, 1231, 214, 220, 231, 3829, 8446, 8459, 8460, 1804, 8463, 1299, 276, 3867, 806, 808, 7467, 1326, 3374, 1332, 824, 5447, 1873, 851, 1904, 881, 1907, 4468, 4472, 889, 4478, 4486, 392, 906, 442, 2506, 2003, 3030, 3544, 4571, 3062, 2039, 3020]"
0.92,0.0,0.2744526713637656,"[1792, 3078, 15, 527, 1009, 6802, 7069, 7199, 762]"
0.16,0.03,0.45813916250968045,"[10, 30, 31, 32, 35, 38, 40, 553, 42, 4139, 1068, 1582, 49, 54, 58, 62, 67, 1092, 70, 1094, 1096, 582, 1098, 75, 590, 80, 97, 614, 3185, 124, 644, 1697, 163, 165, 173, 3760, 190, 2250, 1231, 222, 7976, 1332, 4926, 833, 214, 3400, 6988, 1102, 2214, 171, 172, 7502, 1872, 3923, 889, 904, 382, 856, 7050, 7069, 428, 4015, 2994, 7091, 446, 4478, 4486, 906, 4492, 4493, 1420, 946, 7615, 2016, 2026, 920, 3490, 1443, 433, 1461, 951, 442, 4538, 1987, 5065]"
0.64,0.02,0.3866294988157223,"[6658, 907, 8460, 13, 4493, 15, 527, 144, 17, 1553, 1424, 24, 25, 920, 413, 30, 31, 32, 35, 1443, 38, 40, 4139, 1068, 429, 6858, 4958, 101, 6118, 3582, 2537, 3562, 3947, 2026, 1270, 8441, 254]"
0.85,0.01,0.3235701617496034,"[32, 38, 231, 1128, 3703, 5484, 442, 2993, 7890, 4848, 624, 627, 247, 8537, 7482, 124]"
0.51,0.02,0.4528021229057756,"[1026, 2, 8, 3721, 13, 14, 15, 16, 17, 1553, 527, 24, 25, 30, 32, 165, 38, 2214, 40, 553, 4139, 1068, 171, 172, 173, 49, 51, 54, 55, 58, 62, 190, 67, 1092, 1098, 75, 588, 76, 2126, 2250, 1231, 86, 214, 220, 5216, 614, 1128, 624, 632, 5882]"
0.46,0.03,0.43965938696111095,"[1792, 6657, 514, 5774, 7311, 7438, 4496, 6802, 1553, 17, 920, 26, 7069, 30, 413, 32, 35, 1443, 38, 40, 553, 1068, 429, 49, 2993, 946, 3507, 433, 54, 1461, 58, 442, 62, 7615, 67, 1092, 70, 1094, 1608, 582, 1098, 75, 588, 77, 590, 76, 2126, 458, 86, 5216, 614, 231, 1128, 624, 632]"
0.87,0.0,0.2413814705876013,"[120, 7890, 7083, 7082, 6574, 949, 452, 6598, 2506, 3030, 3544, 4571, 3062, 2039]"
0.96,0.0,0.22595739045986685,"[6658, 1582, 907, 8460, 13]"
0.55,0.02,0.3690222426309838,"[4486, 3369, 4493, 15, 144, 17, 1553, 4496, 1424, 24, 25, 920, 413, 30, 31, 32, 8097, 35, 6052, 1443, 40, 4139, 1068, 429, 1970, 2994, 7091, 446, 1480, 8136, 6858, 3021, 8144, 7124, 7638, 4958, 101, 6118, 3582, 2537, 3562, 3947, 2026, 1270, 8441, 256]"
0.35,0.03,0.48818703953859743,"[644, 904, 10, 7050, 920, 7069, 30, 31, 32, 1697, 3490, 35, 163, 38, 2214, 40, 553, 42, 4139, 1068, 171, 1582, 172, 173, 49, 3760, 428, 1332, 4015, 54, 433, 2994, 58, 62, 190, 4926, 833, 7976, 67, 1092, 70, 1094, 1096, 582, 1098, 75, 2250, 3400, 590, 1231, 80, 6988, 5966, 7502, 1872, 3923, 214, 856, 1443, 222, 97, 614, 3185, 889, 124, 382]"
0.99,0.0,0.16330002005407218,"[458, 8496]"
0.28,0.02,0.43765143611430435,"[6658, 4354, 260, 1285, 3078, 4359, 6281, 2571, 5388, 3725, 5774, 271, 5649, 6674, 8211, 2327, 4249, 6172, 6812, 6428, 5792, 5668, 1461, 54, 951, 824, 58, 1339, 62, 67, 1092, 582, 70, 1094, 1993, 8265, 1098, 75, 77, 590, 2250, 2562, 1231, 1746, 3923, 254, 80, 214, 1873, 851, 1626, 220, 4448, 4960, 5858, 4065, 97, 101, 6118, 614, 231, 2537, 3562, 3947, 624, 1904, 3829, 1270, 7671, 8441, 3582, 8446, 5454]"
0.08,0.03,0.4411712157667226,"[3078, 2571, 5649, 6674, 8211, 35, 40, 553, 42, 1068, 7214, 4144, 49, 1075, 4149, 54, 3128, 58, 62, 67, 1092, 70, 1094, 582, 1098, 75, 77, 590, 80, 3185, 2251, 8434, 1785, 5370, 3323, 6910, 4354, 260, 1285, 4359, 5388, 271, 6428, 4901, 1836, 7469, 1841, 1842, 1847, 2359, 4411, 4926, 833, 3400, 6988, 7502, 5971, 4436, 7006, 3947, 4977, 893, 1928, 5512, 7050, 1419, 6027, 6028, 8590, 4497, 920, 8093, 7069, 7584, 8097, 1443, 6052, 2472, 4015, 2994, 7091, 951, 446, 1480, 8136, 3021, 8144, 7124, 7638, 5601, 4065, 1521, 1009]"
0.6,0.02,0.36891183949293893,"[6658, 2054, 907, 8460, 13, 4493, 15, 144, 17, 1553, 4496, 1424, 24, 25, 920, 1379, 30, 31, 32, 8097, 6052, 1443, 40, 4139, 35, 1068, 429, 1970, 2994, 7091, 446, 1480, 8136, 6858, 3021, 8144, 7124, 7638, 4958, 101, 6118]"
0.81,0.01,0.3816129312457891,"[1026, 2, 8, 13, 14, 15, 24, 25, 40, 54, 62, 67, 1092, 70, 582, 1096, 2654, 4702, 754, 4863]"
0.16,0.04,0.444269229182813,"[2214, 904, 30, 31, 32, 1697, 35, 3490, 77, 590, 2126, 80, 806, 86, 5216, 97, 614, 624, 7467, 172, 632, 1326, 127, 808, 433, 144, 2708, 1324, 54, 62, 3227, 1700, 162, 171, 192, 208, 209, 220, 231, 70, 8446, 214, 754, 67, 5065, 1092, 3829, 8447, 8456, 265, 8459, 8460, 1804, 8463, 1299, 276, 2333, 290, 3374, 4432, 1873, 851, 856, 1369, 1904, 370, 4474, 4478, 382, 4486, 906, 4483, 4493, 1420, 920, 1443, 946, 1461, 951, 442, 4538, 7615, 1987, 2016, 2026]"
0.58,0.02,0.3981772251004103,"[2054, 3490, 163, 162, 165, 38, 2214, 7976, 40, 553, 4139, 1068, 173, 42, 4015, 172, 49, 7467, 1324, 1326, 433, 54, 58, 573, 62, 67, 1092, 1094, 70, 582, 1096, 1098, 75, 458, 5065, 1231, 3156, 214, 806, 808, 8446, 1663, 725]"
0.93,0.0,0.2879122491998628,"[2054, 54, 58, 15, 6802, 7069, 7309, 1009]"
0.75,0.01,0.3951358246552521,"[2696, 5258, 6416, 1094, 3400, 2505, 1098, 75, 588, 76, 2126, 2250, 590, 1872, 7890, 80, 6988, 5966, 86, 214, 3923, 851, 5729, 614, 5735, 6624]"
0.53,0.01,0.3144917040403127,"[6658, 10, 17, 1553, 5143, 24, 4636, 6232, 2654, 4192, 6251, 3185, 5240, 3194, 2633, 7311, 1684, 8361, 5812, 1212, 192, 4801, 3778, 5827, 2762, 2255, 209, 1746, 220, 1248, 5860, 8434, 754, 1785, 5370, 3323, 6910, 8447, 1792, 4354, 260, 1285, 4359, 8456, 265, 4876, 7069, 4062]"
0.4,0.03,0.44910180840534253,"[1, 2054, 904, 1546, 12, 141, 14, 527, 20, 24, 1697, 162, 7522, 1657, 163, 5150, 38, 40, 553, 30, 32, 31, 35, 165, 806, 173, 2214, 1068, 1332, 172, 54, 58, 7467, 1326, 62, 49, 1443, 3374, 824, 171, 2236, 4803, 5447, 2250, 4432, 1873, 851, 220, 808, 582, 231, 624, 881, 3829, 1231, 3596, 8446, 1663, 214, 97, 614]"
0.78,0.01,0.3457994276641688,"[1792, 3078, 527, 15, 784, 6802, 7069, 7199, 1443, 2214, 7467, 429, 433, 2993, 946, 3507, 1461, 316, 458, 1009, 4472, 889, 762]"
0.98,0.0,0.1049011051049833,"[2696, 2505, 8023]"
0.33,0.02,0.43238273440241426,"[1792, 6657, 514, 769, 4354, 260, 1285, 4359, 7946, 5388, 5774, 7311, 7438, 4496, 6802, 1553, 17, 271, 4881, 2327, 920, 26, 413, 7069, 30, 32, 8093, 35, 1443, 38, 40, 553, 2472, 1068, 429, 4015, 49, 2993, 946, 3507, 433, 54, 1461, 1847, 2359, 58, 442, 4411, 2489, 62, 7615, 4926, 833, 67, 3400, 8136, 6988, 5966, 7502, 5971, 5460, 7638, 2994, 1521, 1009, 8177, 951, 6862]"
0.66,0.02,0.3571745424778656,"[4486, 5262, 8463, 17, 1555, 1299, 5781, 24, 3227, 30, 31, 1697, 290, 35, 38, 4665, 442, 7482, 3263, 6595, 5447, 458, 254, 8537, 5984, 2537, 3562, 3947, 2026, 1270, 247, 8441, 5755, 3582, 713]"
0.47,0.01,0.36306544337546665,"[1792, 6657, 769, 4354, 260, 1285, 4359, 5640, 7946, 5378, 7311, 271, 4881, 6802, 4627, 2327, 6428, 7069, 6821, 4901, 1836, 7469, 1841, 1842, 2994, 1847, 2359, 1339, 4411, 4926, 833, 2758, 3400, 8265, 8136, 6988, 6910, 2255, 2640, 5966, 1746, 1235, 3923, 7502, 5460, 5971, 1626, 1248, 4065, 5858, 101, 1521, 8434, 1009]"
0.09,0.02,0.3979720840243113,"[6658, 3078, 2571, 5649, 6674, 8211, 6172, 5668, 7214, 4144, 1075, 4149, 3128, 4665, 3135, 2120, 5707, 594, 2660, 5732, 108, 5232, 3184, 3185, 5239, 638, 6281, 3725, 5774, 4249, 6812, 5792, 5797, 3758, 5370, 3323, 6910, 1792, 4354, 260, 1285, 4359, 5388, 271, 2327, 6428, 4901, 7469, 1841, 1842, 1847, 2359, 4411, 4926, 833, 3400, 6988, 7502, 5971, 4436, 7006, 4977, 893, 1928, 5512, 7050, 1419, 6027, 6028, 8590, 4497, 920, 8093, 7069, 1443, 4015, 2994, 7091, 951, 446, 1480, 8136, 3021, 8144, 7124, 7638, 4065, 1521, 1009, 8177, 7671, 3582]"
0.52,0.01,0.32869733445713356,"[1792, 6657, 5505, 5640, 1928, 5512, 7050, 1419, 6028, 6027, 7311, 8590, 4497, 6802, 920, 7069, 8093, 7584, 7589, 1463, 6821, 2472, 4015, 951, 1339, 1068, 429, 1970, 2994, 7091, 446, 1480, 8136, 6858, 3021, 254, 8144, 7124, 7638, 4958, 2026, 101, 6118, 3582, 2537, 3562, 3947, 1270, 8441]"
0.97,0.0,0.2153656506152427,"[4486, 3369, 407, 1128]"
0.16,0.03,0.3939678935638996,"[6658, 3078, 2571, 5649, 6674, 8211, 6172, 5668, 7214, 4144, 1075, 4149, 3128, 4665, 3135, 2120, 5707, 594, 2660, 5732, 108, 5232, 3184, 3185, 5239, 638, 6281, 3725, 5774, 4249, 6812, 5792, 5797, 3758, 5370, 3323, 6910, 1792, 4354, 260, 1285, 4359, 5388, 67, 5065, 1092, 3829, 8447, 8456, 265, 8459, 8466, 1804, 8463, 1299, 276, 2333, 290, 3374, 4432, 1873, 851, 856, 1369, 1904, 370, 4474, 4478, 382, 4486, 906, 4483, 920, 4493, 1420, 946, 1461, 1443, 442, 4538, 7615, 1987, 2016, 951, 2026]"
0.69,0.01,0.3445346731434765,"[8448, 951, 4538, 442, 4926, 190, 446, 833, 1987, 3400, 2505, 2250, 1480, 6988, 5065, 7502, 1231, 5966, 1872, 7890, 3923, 3021, 8144, 7124, 856, 222, 5728, 5735, 8136, 1013, 889, 1797]"
0.88,0.01,0.3142412679379575,"[1381, 5258, 17, 5781, 5755, 31, 32, 38, 7482, 442, 4665, 8537, 247]"
0.19,0.03,0.42070301724599357,"[17, 1555, 24, 30, 31, 32, 35, 38, 4665, 1086, 4703, 5755, 5262, 5781, 3227, 1697, 3263, 192, 202, 1231, 208, 209, 6355, 214, 7383, 220, 247, 8446, 8447, 8448, 769, 7946, 8459, 8460, 1804, 1805, 8463, 1299, 276, 2842, 290, 806, 808, 1324, 1326, 3374, 1332, 824, 7482, 5447, 1873, 851, 5984, 1904, 881, 370, 1907, 4468, 4474, 5505, 4496, 4499, 920, 413, 3490, 1443, 428, 429, 433, 946, 3507, 4533, 1461, 442, 7615, 6595, 3013, 5065, 458, 2016, 2026, 1992]"
0.63,0.02,0.36468227492475136,"[2, 132, 4486, 8459, 8460, 13, 1804, 15, 144, 17, 1553, 8449, 1299, 276, 24, 26, 3867, 30, 32, 4642, 35, 162, 165, 38, 2214, 40, 553, 42, 171, 172, 173, 806, 808, 7467, 49, 1326, 3374, 1332]"
0.34,0.03,0.4481230161021399,"[1026, 382, 132, 1546, 8459, 13, 527, 15, 17, 1553, 16, 20, 144, 24, 25, 26, 920, 30, 162, 35, 1443, 165, 163, 2214, 40, 553, 42, 171, 1068, 172, 173, 428, 49, 433, 1332, 54, 58, 62, 67, 1092, 70, 1094, 582, 1098, 75, 2250, 77, 590, 1231, 80, 1872, 3923, 214, 856, 220, 222, 97, 614, 231, 624, 3185, 3829, 889, 124, 8446, 1663, 7286]"
0.46,0.02,0.4584776174693741,"[1797, 2696, 904, 7050, 5258, 920, 7069, 3490, 163, 1443, 165, 2214, 171, 172, 173, 428, 4015, 3760, 433, 2994, 7091, 1332, 1461, 951, 4538, 442, 4926, 190, 833, 1987, 3400, 2505, 458, 2250, 1480, 6988, 5065, 7502, 1231, 5966, 1872, 7890, 3923, 8144, 7124, 856, 222, 3021, 5729, 5735, 8136, 1013, 7671, 889, 3582]"
0.27,0.03,0.417446165928564,"[4354, 2562, 260, 1285, 4486, 3078, 4359, 6281, 2571, 5388, 3725, 5774, 271, 5649, 6674, 8211, 2327, 4249, 6812, 6172, 6428, 5792, 5668, 1461, 54, 951, 824, 58, 1339, 62, 67, 1092, 582, 70, 1094, 1993, 8265, 1098, 75, 77, 590, 2250, 1231, 80, 1746, 3923, 1873, 851, 214, 5454, 1626, 220, 4448, 4960, 5858, 4065, 97, 101, 6118, 614, 231, 2537, 3562, 3947, 3582, 624, 1904, 3829, 1270, 7671, 8441, 254, 8446, 7469]"
0.07,0.03,0.4248578879037277,"[17, 31, 32, 38, 7214, 4144, 49, 1075, 4149, 54, 3128, 58, 62, 67, 1092, 70, 1094, 582, 1098, 75, 77, 590, 80, 3185, 5755, 5258, 5781, 2251, 8434, 1785, 5370, 3323, 6910, 8448, 4354, 260, 1285, 4359, 5388, 271, 6428, 4901, 1836, 7469, 1841, 1842, 1847, 2359, 7482, 4411, 4926, 833, 3400, 6988, 7502, 5971, 4436, 7006, 3947, 4977, 893, 1928, 5512, 7050, 1419, 6027, 6028, 8590, 4497, 920, 8093, 7069, 7584, 8097, 1443, 6052, 2472, 4015, 2994, 7091, 951, 442, 446, 1480, 8136, 3021, 8144, 7124, 7638, 5601, 4065, 1521, 1009, 2774]"
0.12,0.04,0.4471078689530825,"[1026, 2054, 1546, 12, 13, 14, 15, 1553, 1555, 24, 25, 26, 30, 35, 40, 553, 1068, 49, 54, 58, 573, 62, 67, 1092, 70, 582, 1094, 1098, 75, 77, 590, 2126, 80, 86, 5216, 97, 614, 624, 632, 127, 132, 144, 2708, 3227, 162, 1700, 2214, 171, 172, 192, 208, 209, 754, 8447, 8456, 265, 290, 1324, 1873, 851, 856, 1369, 1904, 370, 4474, 382, 4485, 1420, 920, 1443, 946, 951, 4538, 7615, 1987, 5065, 3021, 8144, 7124, 7638, 2016, 4065, 2026, 1521, 8177, 1013, 7671, 3582, 8369]"
0.13,0.03,0.48643197325714815,"[1, 2054, 904, 1546, 12, 141, 14, 527, 20, 24, 1697, 162, 163, 165, 38, 2214, 40, 7311, 1684, 8360, 5812, 1212, 192, 4801, 4926, 3778, 5827, 202, 2762, 2255, 1248, 5860, 8434, 1785, 951, 5370, 3323, 6910, 769, 4354, 260, 1285, 4359, 7946, 5388, 271, 2327, 6428, 1823, 4901, 1836, 7469, 1841, 1842, 1847, 2359, 4411, 833, 3400, 6988, 7501, 7502, 5971, 4436, 889, 5505, 7050, 920, 7066, 1443, 428, 4015, 1970, 2994, 7091, 446, 1480, 8136, 3021, 8144, 7124, 7638, 4065, 1521, 8177, 1013, 7671, 3582]"
0.71,0.01,0.3001089807177497,"[6658, 4354, 260, 1285, 3078, 4359, 6281, 2571, 5388, 3725, 5774, 271, 5649, 6674, 8082, 2327, 4448, 4960, 3937, 5858, 4065, 2800, 101, 6118, 2537, 3562, 3947, 1270, 8441, 3582]"
0.94,0.0,0.26160451426828923,"[1, 2054, 2993, 6802, 1651, 3923, 2929]"
0.53,0.02,0.3585938309762625,"[1026, 1680, 1651, 2993, 6807, 527, 1546, 906, 12, 13, 14, 15, 4496, 1553, 32, 1513, 4139, 1299, 7082, 7982, 815, 6574, 949, 316, 452, 6598, 5448, 2506, 2381, 7502, 5969, 8018, 1874, 6996, 6998, 3030, 3544, 4571, 7517, 4958, 4449, 356, 2917, 4474, 3062, 8567, 888, 8058]"
0.09,0.04,0.4395538393984433,"[768, 3344, 4882, 5907, 8595, 2451, 2965, 3991, 2039, 2841, 4804, 5538, 1315, 7459, 3880, 2345, 1450, 7083, 24, 25, 51, 54, 413, 30, 35, 1443, 40, 553, 1068, 4492, 429, 49, 3507, 1332, 433, 946, 1461, 824, 442, 7615, 920, 458, 55, 1873, 851, 58, 62, 1904, 881, 67, 1907, 4468, 4472, 889, 1092, 582, 1098, 75, 588, 76, 2832, 86, 5216, 614, 1128, 624, 632, 165, 2214, 171, 172, 173, 190, 2250, 1231, 214, 220, 231, 8446, 8459, 8460, 1804, 8463, 276, 806, 808, 7467, 1326, 3374, 856, 4470, 4476]"
0.37,0.03,0.44287561257395824,"[904, 7050, 920, 30, 31, 32, 1697, 3490, 35, 163, 165, 2214, 38, 806, 7976, 40, 553, 4139, 1068, 173, 7467, 808, 172, 1326, 42, 1324, 433, 49, 54, 4015, 162, 1332, 2994, 7091, 1461, 62, 951, 4538, 442, 446, 67, 1092, 1987, 70, 1096, 5065, 458, 1480, 8136, 3021, 5966, 1231, 1872, 8144, 3156, 7124, 214, 856, 1443, 428, 1013, 889, 8446, 1663]"
0.44,0.02,0.46661745276491795,"[4642, 2654, 2655, 4192, 5729, 101, 7311, 6802, 6821, 2255, 1746, 5858, 49, 54, 58, 62, 67, 1092, 70, 582, 1096, 1094, 1098, 75, 590, 80, 97, 614, 3185, 124, 644, 127, 4916, 833, 171, 3400, 6988, 7502, 3923, 3760, 1697, 162, 190, 165, 163, 2214, 2250, 222, 904, 1231, 3490, 172, 173, 4015, 433, 5065, 458]"
0.44,0.01,0.3758521307754139,"[6658, 4354, 260, 1285, 4359, 5640, 7946, 5388, 7311, 271, 4881, 6802, 4627, 2327, 6428, 7069, 6821, 4901, 1836, 7469, 1841, 1842, 2994, 1847, 2359, 1339, 4411, 4926, 833, 2758, 3400, 8265, 8136, 6988, 5966, 2255, 2640, 7502, 1746, 1235, 3923, 5460, 5971, 6232, 1626, 4062, 1248, 4065, 5858, 101, 3582, 1009, 1521, 8434, 7671, 1785, 5370]"
0.39,0.03,0.44932467327656755,"[6658, 1582, 907, 8460, 13, 32, 1697, 3490, 35, 180, 38, 2214, 40, 553, 42, 4139, 1068, 171, 172, 173, 49, 3760, 428, 1332, 4015, 54, 433, 2994, 58, 62, 190, 4926, 833, 7976, 67, 1092, 70, 1094, 1096, 582, 1098, 75, 2250, 3400, 590, 1231, 80, 6988, 5966, 7502, 1872, 3923, 214, 856, 1443, 222, 97, 614, 3185, 889, 124, 382]"
0.83,0.01,0.39342321377701095,"[2214, 904, 30, 73, 32, 1697, 35, 3490, 77, 590, 2126, 80, 806, 86, 5216, 97, 614, 54]"
0.36,0.02,0.4577291298609075,"[6658, 3078, 2571, 5649, 6674, 8211, 6172, 5668, 7214, 4144, 1075, 4149, 3128, 4665, 3135, 2120, 76, 594, 2660, 5732, 108, 5232, 3184, 3185, 5239, 638, 1332, 1461, 54, 58, 442, 171, 62, 190, 67, 1092, 1987, 70, 582, 1096, 1098, 75, 1231, 1872, 205, 5966, 222, 214, 3923, 856, 97, 614, 833, 4065, 4926, 1443, 3400, 8136, 6988, 7502, 3021, 7124, 7638, 951, 446]"
0.05,0.04,0.4481962195031385,"[644, 904, 10, 419, 920, 7069, 30, 31, 32, 1697, 3490, 35, 163, 38, 2214, 40, 553, 42, 4139, 1068, 1582, 171, 172, 173, 49, 3760, 4015, 1332, 428, 54, 2994, 190, 58, 62, 433, 4926, 833, 7976, 67, 1092, 70, 1094, 1096, 582, 1098, 75, 2250, 3400, 590, 1231, 80, 6988, 5966, 7502, 8460, 1804, 214, 8463, 1299, 276, 97, 614, 806, 889, 808, 1326, 3374, 824, 1873, 851, 1904, 881, 1907, 4468, 1657, 4472, 4478, 4486, 392, 906, 4492, 4496, 2454, 413, 429, 2993, 946, 3507, 1461, 442, 1443, 7615, 458, 2016, 2026, 7467]"
0.21,0.03,0.43391409024734606,"[1026, 1546, 12, 13, 14, 15, 1553, 24, 25, 30, 32, 35, 4139, 51, 54, 1651, 1680, 6807, 3263, 192, 202, 2250, 1231, 208, 209, 214, 220, 8446, 8447, 769, 7946, 8459, 8460, 1805, 1804, 8463, 1299, 276, 806, 808, 1324, 1326, 3374, 1332, 824, 7501, 1873, 851, 1369, 1904, 881, 370, 1907, 4468, 4474, 5505, 392, 906, 4496, 4499, 920, 413, 3490, 1443, 428, 429, 2993, 433, 3507, 946, 1461, 4533, 442, 7615, 3013, 5065, 458, 2016, 1513, 2026]"
0.9,0.0,0.23847154453085972,"[4486, 3363, 2993, 7890, 4848, 624, 627, 247, 8537, 7482, 124]"
0.66,0.02,0.3968584508302808,"[7564, 15, 16, 17, 527, 1553, 4496, 5781, 920, 24, 25, 413, 30, 31, 32, 35, 1443, 38, 40, 553, 4139, 1068, 429, 6858, 4958, 101, 6118, 3582, 2537, 3562, 3947, 1270, 8441, 2044, 254]"
0.22,0.03,0.4530392560663743,"[1546, 12, 13, 15, 16, 17, 1553, 1555, 527, 24, 25, 32, 38, 40, 553, 4139, 1068, 49, 51, 54, 55, 58, 62, 67, 1092, 582, 1098, 75, 588, 76, 2126, 86, 5216, 614, 1128, 624, 632, 141, 165, 2214, 171, 172, 173, 190, 2250, 1231, 231, 8446, 8460, 1804, 2832, 276, 806, 808, 1326, 3374, 348, 1392, 889, 920, 1443, 1449, 433, 2994, 7091, 1461, 951, 4538, 442, 446, 1987, 1480, 5065, 8136, 458, 3021, 8144, 7124, 1013]"
0.99,0.0,0.1384459467523742,"[1426, 4523]"
0.64,0.02,0.420717371701552,"[1792, 3078, 15, 527, 1009, 6802, 7069, 7199, 17, 1553, 1424, 24, 25, 920, 413, 30, 31, 32, 35, 1443, 38, 40, 4139, 1068, 429, 6858, 4958, 101, 6118, 1089, 2537, 3562, 3947, 2026, 1270, 8441, 254]"
0.59,0.02,0.39306373956107044,"[4486, 3363, 2993, 7890, 4848, 1697, 3490, 35, 163, 165, 38, 806, 7976, 40, 553, 4139, 1068, 173, 7467, 172, 808, 1326, 162, 42, 433, 1324, 4015, 49, 54, 62, 67, 1092, 70, 582, 1096, 5065, 458, 1231, 3156, 277, 8446, 1663]"
0.92,0.0,0.25894823129064914,"[7564, 254, 1728, 458, 1231, 3156, 214, 8446, 1663]"
0.96,0.0,0.15218902668450862,"[5729, 8453, 2696, 2505, 5258]"
0.03,0.03,0.43051974889819034,"[4065, 2434, 4485, 1521, 7831, 8177, 1009, 7671, 1293, 31, 202, 7638, 2762, 2255, 7069, 1248, 5860, 8434, 1785, 5370, 3323, 6910, 1823, 1190, 7501, 930, 7946, 282, 290, 806, 1708, 1324, 4354, 4359, 1841, 1847, 1915, 4411, 4926, 833, 3400, 6988, 1866, 7502, 5971, 1873, 851, 4436, 856, 1369, 1904, 370, 4474, 382, 4481, 3758, 2359, 7006, 1792, 4977, 271, 2327, 6428, 1836, 7469, 1842, 260, 893, 4901, 1928, 5512, 7050, 1419, 6027, 6028, 5388, 8590, 4497, 1285, 920, 8093, 7584, 8097, 1443, 6052, 2472, 4015, 2994, 7091, 951, 1981, 446, 1480, 8136, 3021, 8144, 7124, 3582]"
0.89,0.01,0.31015176291580016,"[32, 2214, 904, 624, 627, 247, 8537, 7482, 124, 30, 31, 631]"
0.44,0.03,0.4372476593275705,"[1, 2054, 904, 1546, 12, 141, 14, 527, 20, 24, 1697, 163, 165, 38, 1907, 3760, 162, 644, 173, 2214, 40, 553, 4538, 4926, 172, 433, 1332, 49, 1461, 442, 2696, 54, 382, 4485, 951, 1420, 920, 1443, 946, 7615, 1987, 171, 5065, 3021, 58, 8144, 7124, 7638, 2016, 4065, 2026, 1521, 8177, 1013, 7671, 3582, 8369]"
0.32,0.03,0.423369496791539,"[2993, 6802, 7069, 2365, 6821, 1339, 1993, 8265, 2640, 1746, 3923, 1626, 4448, 4960, 5858, 4065, 101, 6118, 3582, 2537, 3562, 3947, 1270, 7671, 7762, 254, 1068, 806, 808, 171, 172, 49, 173, 1326, 1332, 1461, 54, 951, 824, 58, 62, 67, 1092, 8460, 70, 1094, 582, 1098, 75, 2250, 77, 590, 1231, 80, 1873, 3374, 851, 214, 220, 97, 614, 231, 624, 1904, 3829, 1804, 8446, 1663, 7436]"
0.13,0.04,0.4391960686203831,"[1026, 2, 8, 13, 14, 15, 16, 17, 1553, 527, 24, 25, 30, 32, 35, 553, 4139, 1068, 38, 948, 624, 49, 51, 54, 55, 58, 62, 67, 1092, 582, 1098, 75, 588, 76, 2126, 86, 5216, 614, 1128, 632, 171, 172, 173, 190, 2250, 2214, 165, 1231, 214, 220, 231, 1904, 851, 4472, 889, 4476, 8446, 8459, 1804, 8460, 8463, 1299, 276, 806, 808, 1326, 3374, 1332, 824, 1873, 856, 881, 1480, 8136, 3021, 8144, 7124, 7638, 4065, 1521, 8177, 1013, 7671, 3582, 1443, 428, 920, 951]"
0.8,0.01,0.38340251865549535,"[904, 30, 32, 1697, 3490, 35, 2214, 54, 67, 1092, 70, 582, 1096, 73, 77, 590, 2654, 4702, 754, 4863, 3729]"
0.91,0.0,0.23413340493737933,"[8448, 1546, 4492, 5262, 6674, 8211, 7831, 6172, 7069, 31]"
0.15,0.04,0.4491072774480941,"[1792, 3078, 527, 15, 784, 6802, 7069, 1553, 1555, 1443, 2214, 24, 433, 25, 946, 26, 1461, 30, 35, 40, 553, 1068, 49, 54, 58, 573, 62, 67, 1092, 70, 582, 1094, 1098, 75, 77, 590, 2126, 220, 86, 5216, 97, 614, 624, 632, 127, 132, 144, 2708, 3227, 162, 1420, 1700, 192, 208, 209, 754, 8447, 8456, 265, 290, 1324, 1369, 370, 4474, 4485, 4538, 7615, 1987, 172, 1904, 1873, 382, 856, 851, 171, 5065, 2016, 2026, 4493, 920, 3490, 906, 4492, 1299, 951, 442]"
0.99,0.0,0.19303509255875195,"[4483, 458]"
0.12,0.04,0.4438260934419761,"[1546, 12, 13, 141, 15, 1555, 24, 25, 16, 17, 62, 527, 32, 54, 38, 4139, 40, 1553, 67, 1092, 30, 582, 51, 55, 588, 553, 76, 1128, 1098, 75, 1068, 49, 2126, 86, 5216, 614, 1449, 624, 632, 58, 348, 2832, 8460, 1804, 162, 1700, 192, 208, 209, 754, 8447, 8456, 265, 290, 1324, 1873, 851, 856, 1369, 1904, 370, 4474, 293, 4485, 1420, 951, 4538, 7615, 1987, 5065, 3021, 8144, 7124, 7638, 2016, 4065, 2026, 1521, 8177, 1013, 7671, 3582, 172, 171, 8369, 920, 1443, 2214, 946]"
0.24,0.01,0.37647453880491366,"[1792, 3078, 2571, 5649, 6674, 8211, 6172, 5668, 7214, 4144, 1075, 4149, 3128, 4665, 3135, 2120, 5707, 594, 2660, 5732, 108, 8300, 5232, 3184, 5239, 638, 6812, 5277, 5792, 4249, 5797, 3725, 5774, 6281, 3758, 6833, 1213, 193, 6346, 7372, 6871, 2774, 7897, 3294, 224, 7905, 3810, 5865, 5363, 4346, 5882, 7502, 768, 3344, 4882, 5907, 2841, 831, 7459, 3880, 2345, 7982, 815, 316, 5448, 2381, 5969, 8018, 1874, 6996, 6998, 7511, 7517, 4958, 4449, 356, 2026]"
0.99,0.0,0.08228966435894436,"[7564, 4922]"
0.42,0.02,0.4679648439892331,"[458, 2696, 904, 5258, 419, 163, 920, 3490, 1443, 165, 2214, 4015, 171, 172, 173, 428, 3760, 2994, 527, 433, 24, 1332, 25, 951, 1461, 4801, 3778, 5827, 2762, 2255, 1248, 5860, 8434, 1785, 5370, 3323, 6910, 4354, 260, 1285, 4359, 5388, 271, 2327, 788, 1823, 4901, 1836, 7469, 1841, 1842, 1847, 2359, 4411, 4926, 2472, 8093, 7069, 220]"
0.99,0.0,0.061781844896129035,"[1792, 1998]"
0.47,0.02,0.45635158010640897,"[1, 2054, 904, 1546, 12, 141, 14, 527, 20, 24, 1697, 162, 163, 165, 38, 2214, 40, 553, 1907, 3760, 644, 172, 4538, 173, 4926, 49, 433, 2359, 1339, 4411, 833, 2758, 3400, 8265, 8136, 4749, 6910, 2255, 2640, 5966, 1746, 1235, 3923, 7502, 5460, 5971, 1626, 1248, 4065, 5858, 101, 1521, 8434, 1009]"
0.87,0.01,0.35503246454042114,"[32, 644, 38, 904, 8537, 10, 7050, 247, 920, 4665, 442, 7069, 31, 71]"
0.16,0.03,0.46282496824680686,"[6658, 4354, 260, 1285, 3078, 4359, 6281, 2571, 5388, 3725, 5774, 271, 5649, 6674, 8211, 2327, 4249, 6172, 6812, 6428, 5792, 5668, 1461, 54, 951, 824, 58, 1339, 62, 67, 1092, 582, 70, 1094, 1993, 8265, 1098, 75, 77, 590, 2562, 1746, 1231, 2250, 3923, 254, 80, 214, 1626, 1873, 851, 220, 4448, 5898, 5858, 4065, 97, 101, 6118, 614, 231, 2537, 3562, 3947, 624, 1904, 3829, 1270, 7671, 8441, 3582, 8446, 5454, 428, 429, 2993, 946, 3507, 433, 442, 7615, 458, 2016, 2026, 7467]"
0.11,0.04,0.4455288848928628,"[768, 3344, 4882, 5907, 8595, 2451, 2965, 3991, 2039, 2841, 4804, 5538, 1315, 7459, 3880, 2345, 1450, 7083, 24, 25, 51, 54, 413, 30, 35, 1443, 40, 553, 1068, 4492, 429, 49, 3507, 1332, 433, 946, 1461, 824, 442, 7615, 920, 458, 55, 1873, 851, 58, 62, 1904, 881, 67, 1907, 4468, 4472, 889, 1092, 582, 1098, 75, 588, 76, 2832, 86, 5216, 614, 1128, 624, 632, 165, 2214, 171, 172, 173, 190, 2250, 1231, 214, 220, 231, 8446, 8459, 8455, 1804, 8463, 276, 806, 808, 7467, 1326, 3374, 856]"
0.05,0.03,0.4473610066871614,"[1, 2054, 1546, 12, 14, 527, 20, 24, 38, 40, 141, 7311, 1684, 1697, 162, 163, 165, 2214, 8360, 5812, 1212, 192, 4801, 3778, 5827, 202, 2762, 2255, 1248, 5860, 8434, 1785, 5370, 3323, 6910, 769, 4354, 260, 1285, 4359, 7946, 5388, 271, 2327, 6428, 1823, 4901, 1836, 7469, 1841, 1842, 1847, 2359, 4411, 4926, 833, 3400, 6988, 7501, 7502, 5971, 4436, 1907, 4468, 4470, 889, 4473, 4475, 382, 4478, 5505, 4482, 4486, 904, 7050, 906, 4492, 4493, 4495, 4496, 402, 914, 920, 3490, 1443, 428, 4015, 433, 1970, 2994, 7091, 1461, 951, 442, 446, 458]"
0.73,0.02,0.3978860244766057,"[6658, 1582, 907, 8460, 13, 32, 1697, 3490, 35, 180, 38, 86, 40, 851, 1420, 1092, 70, 582, 1096, 3400, 614, 6988, 5966, 1872, 3923, 54, 214, 62]"
0.69,0.01,0.36585465055768895,"[6658, 3078, 2571, 190, 6353, 2505, 2250, 5065, 1231, 5966, 1872, 7890, 3923, 856, 222, 5728, 5735, 1013, 889, 1797, 833, 446, 3400, 1480, 8136, 6988, 3021, 7502, 8144, 7124, 951, 4926]"
0.34,0.03,0.45324777984146847,"[1792, 6657, 5640, 7311, 6802, 7069, 2365, 6821, 1339, 1993, 8265, 2640, 1746, 3923, 1626, 4448, 4960, 5858, 4065, 101, 6118, 3582, 884, 3562, 3947, 1270, 553, 42, 428, 433, 1068, 1872, 856, 222, 171, 49, 172, 173, 1332, 3185, 54, 889, 124, 58, 62, 67, 1092, 7286, 70, 1094, 582, 1098, 75, 2250, 77, 590, 1231, 80, 214, 220, 97, 614, 231, 624, 3829, 8446, 1663]"
0.86,0.0,0.2061115787054666,"[1792, 5668, 2120, 2571, 7214, 4144, 5649, 6674, 8211, 1075, 4149, 3128, 4665, 6172, 3135]"
0.96,0.0,0.17327404003870828,"[7565, 254, 3444, 4470, 4476]"
0.25,0.02,0.3738230147120898,"[6658, 3078, 2571, 5649, 6674, 8211, 6172, 5668, 7214, 4144, 1075, 4149, 3128, 4665, 3135, 2120, 5707, 594, 2660, 5732, 108, 5232, 3184, 3185, 5239, 638, 6281, 3725, 5774, 4249, 6812, 5792, 5797, 5370, 3323, 6910, 1792, 4354, 260, 1285, 4359, 271, 2327, 6428, 8480, 4901, 1836, 7469, 1841, 1842, 1847, 4411, 4926, 833, 3400, 6988, 7502, 5971, 4436, 4489, 7069, 429, 946, 1461, 442, 7615, 6595, 5065, 7638, 2016, 4065, 2026, 1009, 1521, 8177, 7671]"
0.51,0.02,0.45947721516423945,"[1, 2054, 904, 1546, 12, 141, 14, 527, 20, 24, 1697, 162, 163, 3490, 1443, 38, 40, 553, 4267, 171, 173, 3760, 433, 51, 1332, 1461, 54, 55, 951, 58, 442, 4926, 62, 446, 8136, 3021, 4433, 7124, 7638, 7522, 101, 6118, 2537, 3562, 3947, 5105, 1270, 8441, 3582, 4142]"
0.82,0.01,0.3955460021984528,"[32, 1697, 3490, 35, 5216, 97, 806, 614, 904, 73, 7564, 77, 590, 2126, 80, 86, 54, 30, 2756]"
0.54,0.02,0.4404693801811078,"[1, 2054, 904, 1546, 12, 141, 14, 527, 20, 24, 1697, 162, 7522, 1657, 163, 5150, 38, 40, 553, 30, 32, 31, 35, 165, 806, 173, 2214, 1068, 1332, 172, 54, 58, 6177, 1326, 62, 49, 1443, 3374, 824, 171, 2236, 4803, 5447, 2250, 4432, 1873, 851]"
0.22,0.03,0.4264287199062866,"[6658, 3078, 2571, 5649, 6674, 8211, 25, 6172, 30, 32, 4642, 35, 5668, 38, 40, 553, 4139, 1068, 7214, 4144, 49, 51, 54, 55, 58, 62, 67, 1092, 582, 1098, 75, 588, 76, 2126, 86, 5216, 614, 1128, 623, 632, 165, 2214, 171, 172, 173, 2250, 1231, 214, 220, 231, 8446, 8459, 8460, 1804, 8463, 1299, 276, 806, 808, 7467, 1326, 3374, 1332, 824, 1873, 851, 7511, 856, 1904, 881, 1907, 4468, 4472, 889, 4478, 4486, 392, 906, 8261]"
0.85,0.01,0.3097733780493066,"[32, 644, 38, 904, 8537, 10, 1023, 247, 920, 4665, 7069, 442, 31, 71, 4470, 4476]"
0.25,0.02,0.42910218173020487,"[2, 8, 13, 14, 15, 16, 17, 1553, 527, 24, 1075, 4149, 3128, 4665, 3135, 2120, 5707, 594, 2660, 5732, 108, 5232, 1247, 3185, 5239, 638, 6281, 3725, 5774, 4249, 6812, 5792, 5797, 5370, 3323, 6910, 1792, 4354, 260, 1285, 4359, 271, 2327, 6428, 8480, 4901, 1836, 7469, 1841, 1842, 1847, 4411, 4926, 833, 3400, 6988, 7502, 5971, 4436, 4489, 7069, 429, 946, 1461, 442, 7615, 6595, 5065, 7638, 2016, 4065, 2026, 1009, 1521, 8177, 7671]"
0.7,0.01,0.3418064518031201,"[6658, 3078, 2571, 5649, 6674, 8211, 6172, 5668, 951, 446, 4926, 833, 1480, 8136, 3400, 5065, 6988, 3021, 5966, 7502, 1872, 8144, 7890, 3923, 7124, 856, 222, 5728, 5735, 1013, 889]"
0.73,0.01,0.31684012232321224,"[8449, 2, 132, 4486, 8459, 8460, 13, 1804, 15, 144, 17, 1553, 1299, 276, 24, 3867, 30, 32, 4642, 35, 254, 2537, 3562, 3947, 1270, 7671, 8441, 3582]"
0.01,0.02,0.42619290302678214,"[6658, 8200, 13, 14, 527, 5143, 24, 4636, 2654, 4192, 6251, 3185, 5240, 3194, 4236, 7311, 1684, 8360, 5812, 1212, 192, 4801, 3778, 5827, 202, 2762, 2255, 1248, 5860, 8434, 1785, 5370, 3323, 6910, 769, 4354, 260, 1285, 4359, 7946, 5388, 271, 2327, 6428, 1823, 4901, 1836, 7469, 1841, 1842, 1847, 2359, 4411, 4926, 833, 3400, 6988, 7501, 7502, 5971, 4436, 7006, 4977, 893, 5505, 1928, 5512, 7050, 1419, 6027, 6028, 8590, 4497, 920, 8093, 7069, 7584, 8097, 1443, 6052, 2472, 4015, 1970, 2994, 7091, 951, 446, 1480, 8136, 3021, 8144, 7124, 7638, 4065, 1521, 1009, 8177, 7671, 3582, 3117]"
0.78,0.01,0.25395192910552955,"[4481, 6988, 5966, 2255, 2640, 7502, 1746, 1235, 5460, 5971, 1626, 1248, 4065, 5858, 101, 3582, 1521, 8434, 1009, 7671, 1785, 5370, 6910]"
0.65,0.01,0.3975798051402275,"[6658, 4354, 260, 1285, 3078, 4359, 6281, 5388, 3725, 5774, 271, 5649, 6674, 8211, 2327, 4249, 6812, 6172, 6428, 5792, 5668, 1461, 54, 951, 824, 58, 1339, 62, 67, 1092, 582, 70, 1094, 2250, 1231, 3923]"
0.24,0.03,0.45693367627918147,"[1026, 1680, 1651, 2993, 6807, 392, 1546, 906, 12, 13, 14, 15, 4496, 1553, 32, 1513, 4139, 1299, 24, 25, 51, 54, 402, 30, 35, 1443, 40, 553, 1068, 4492, 429, 49, 3507, 1332, 433, 946, 1461, 824, 442, 7615, 458, 55, 920, 1873, 851, 58, 62, 1904, 881, 67, 1907, 4468, 4472, 889, 1092, 582, 1098, 75, 588, 76, 2832, 86, 5216, 614, 1128, 624, 632, 165, 2214, 171, 172, 173, 190, 2250, 1231, 214, 220]"
0.14,0.02,0.4121213997308406,"[6658, 3078, 15, 527, 7199, 3185, 6802, 2214, 1248, 5860, 8434, 1785, 5370, 762, 3323, 6910, 1792, 4354, 260, 1285, 4359, 5388, 271, 784, 2327, 6428, 7467, 1836, 7469, 1841, 1842, 1847, 2359, 4411, 316, 4926, 833, 3400, 6988, 7502, 5971, 4436, 7006, 4977, 4472, 889, 893, 1928, 5512, 7050, 1419, 6027, 6028, 8590, 4497, 920, 7069, 8093, 7584, 8097, 1443, 6052, 2472, 429, 4015, 433, 2993, 946, 3507, 1461, 2994, 951, 7091, 446, 1480, 8136, 458, 3021, 8144, 7124, 7638, 4065, 1009, 1521, 8177, 7671, 3582]"
0.05,0.04,0.4622739082767501,"[141, 2, 8, 13, 14, 15, 16, 32, 17, 1553, 24, 25, 30, 38, 4139, 40, 553, 527, 1068, 49, 51, 54, 55, 58, 62, 67, 1092, 582, 1098, 75, 588, 76, 2126, 86, 5216, 614, 1128, 624, 632, 3721, 190, 5882, 768, 3344, 4882, 5907, 2841, 1299, 2250, 1231, 214, 220, 276, 806, 808, 1326, 3374, 1332, 172, 173, 171, 165, 2214, 824, 1873, 851, 1904, 881, 1907, 4468, 1657, 4472, 889, 4478, 4486, 392, 906, 4492, 4496, 2454, 920, 413, 1443, 428, 429, 2993, 946, 3507, 433, 1461, 442, 7615, 458, 2016, 2026, 7467]"
0.11,0.04,0.44660014409117377,"[1026, 1680, 1651, 2993, 6807, 392, 1546, 906, 12, 13, 14, 15, 4496, 1553, 32, 1513, 4139, 1299, 24, 25, 51, 54, 413, 30, 35, 1443, 40, 553, 1068, 4492, 429, 49, 3507, 1332, 433, 946, 1461, 824, 442, 7615, 920, 458, 55, 1873, 851, 58, 62, 1904, 881, 67, 1907, 4468, 4472, 889, 1092, 582, 1098, 75, 588, 76, 2832, 86, 5216, 614, 1128, 624, 632, 6871, 2214, 171, 172, 173, 190, 2250, 1231, 214, 220, 231, 8446, 8459, 8460, 1804, 8463, 276, 806, 808, 7467, 1326, 3374, 856]"
0.95,0.0,0.2645836527826926,"[32, 1697, 907, 8460, 13, 1582]"
0.81,0.01,0.33356662264265946,"[4486, 3729, 30, 32, 1697, 3490, 35, 2214, 54, 1092, 70, 582, 1096, 73, 77, 590, 2654, 4702, 754, 4863]"
0.86,0.01,0.325768492690369,"[7564, 220, 808, 582, 231, 624, 881, 5765, 1231, 3596, 8446, 1663, 214, 97, 614]"
0.42,0.02,0.41917781354397765,"[5729, 10, 17, 1553, 220, 788, 6658, 527, 4354, 5143, 24, 4636, 2654, 4192, 6251, 5240, 260, 1285, 4359, 4236, 3194, 5388, 7311, 271, 1684, 1823, 8360, 5812, 1212, 192, 2327, 4801, 3778, 1248, 1785, 5370, 3323, 6910, 8434, 5860, 2762, 2255, 5827, 8093, 7069, 1443, 4901, 2472, 1836, 7469, 4015, 1841, 1842, 1847, 2359, 951, 25, 4926, 3185]"
0.94,0.0,0.21610040801129526,"[362, 4523, 2774, 7831, 6172, 7069, 31]"
0.89,0.0,0.22163470217294612,"[6658, 10, 5649, 6674, 8211, 7831, 6232, 6172, 7069, 4062, 31, 5496]"
0.29,0.03,0.42678509438665213,"[2, 132, 4486, 8459, 8460, 13, 1804, 15, 144, 17, 1553, 8463, 1299, 276, 24, 26, 3867, 4448, 4960, 5858, 4065, 101, 6118, 3582, 2537, 3562, 3947, 1270, 171, 172, 173, 7671, 8441, 254, 49, 806, 1326, 1332, 54, 824, 58, 62, 67, 1092, 70, 1094, 582, 3374, 1098, 75, 2250, 77, 590, 1231, 80, 1873, 851, 214, 220, 97, 614, 231, 624, 1904, 808, 1068, 3829, 1461, 8446, 1663, 951, 5573]"
0.08,0.04,0.44581114740798844,"[13, 14, 15, 1553, 24, 25, 30, 32, 35, 40, 553, 4139, 1068, 49, 51, 54, 55, 58, 62, 67, 1092, 582, 73, 1098, 75, 588, 77, 590, 2126, 76, 86, 5216, 97, 614, 1128, 624, 632, 1697, 165, 2214, 171, 172, 173, 190, 2250, 1231, 214, 220, 231, 8446, 8459, 8460, 1804, 8463, 2832, 1299, 276, 806, 808, 7467, 1326, 3374, 1332, 824, 1873, 851, 856, 1904, 881, 1907, 4468, 4470, 4472, 889, 4476, 904, 7564, 4492, 4496, 920, 413, 3490, 1443, 429, 433, 946, 3507, 1461, 442, 7615, 458, 1513, 1047]"
0.21,0.02,0.46139763543665746,"[8200, 14, 527, 5143, 24, 4636, 2654, 4192, 5729, 97, 614, 6251, 3185, 5240, 3194, 124, 4236, 7311, 1684, 8360, 5812, 1212, 192, 4801, 3778, 5827, 202, 2762, 2255, 1248, 5860, 8434, 1785, 5370, 3323, 6910, 769, 4354, 260, 1285, 4359, 7946, 5388, 271, 2327, 6428, 1823, 4901, 1836, 7469, 1841, 1842, 1847, 2359, 4411, 4926, 833, 3400, 6988, 7501, 7502, 5971, 4436, 889, 4577, 7050, 920, 7069, 1443, 428, 4015, 1970, 2994, 7091, 951, 446, 1480, 8136, 3021, 8144]"
0.97,0.0,0.1871607586907602,"[1792, 4540, 1062, 527]"
0.4,0.03,0.43603193441928045,"[1792, 5668, 3078, 1293, 5649, 6674, 8211, 7831, 20, 24, 31, 1697, 162, 7522, 1657, 163, 5150, 38, 40, 553, 30, 32, 35, 165, 806, 173, 2214, 1068, 1332, 172, 54, 58, 7464, 1326, 62, 49, 1443, 3374, 824, 171, 2236, 4803, 5447, 2250, 4432, 1873, 851, 220, 808, 582, 231, 624, 881, 3829, 1231, 3596, 8446, 1663, 214, 97, 614]"
0.33,0.03,0.45377679335753485,"[458, 644, 10, 30, 31, 32, 1697, 163, 35, 165, 38, 2214, 40, 553, 42, 4139, 1068, 7976, 1582, 808, 3760, 49, 172, 173, 171, 1332, 54, 58, 62, 190, 4926, 67, 1092, 4803, 70, 1094, 1096, 582, 1098, 75, 5447, 2250, 590, 1231, 80, 1873, 5065, 851, 7125, 214, 220, 1443, 222, 2016, 97, 614, 231, 377, 1513, 2026, 624, 3185, 881, 3829, 1657, 124, 8446, 1663]"
0.12,0.02,0.47975077649099374,"[17, 31, 32, 38, 7214, 4144, 49, 1075, 4149, 54, 3128, 58, 62, 67, 1092, 70, 1094, 3185, 1684, 8360, 5812, 1212, 192, 4801, 3778, 5827, 202, 2762, 2255, 1248, 5860, 8434, 1785, 5370, 3323, 6910, 769, 4354, 260, 1285, 4359, 7946, 5388, 271, 2327, 6428, 1823, 4901, 1836, 7469, 1841, 1842, 1847, 2359, 4411, 4926, 833, 3400, 6988, 7501, 7502, 5971, 4436, 889, 5505, 7050, 920, 7069, 1443, 428, 4015, 1970, 2994, 7091, 951, 446, 1480, 8136, 3021, 8144, 7124, 7638, 4065, 8177, 1521, 1013, 7671, 3582, 282]"
0.98,0.0,0.08585445523274382,"[0, 254, 3444]"
0.06,0.04,0.45736968752541063,"[6658, 527, 16, 17, 1553, 24, 25, 30, 31, 32, 38, 40, 553, 4139, 1068, 49, 51, 54, 55, 58, 62, 1092, 582, 1098, 75, 588, 76, 2126, 86, 5216, 614, 1128, 624, 3185, 632, 1657, 3721, 1684, 7831, 165, 2214, 1190, 171, 172, 173, 190, 2250, 1231, 214, 220, 5882, 768, 3344, 4882, 5907, 1299, 276, 2841, 806, 808, 7467, 1326, 3374, 1332, 824, 1873, 851, 1904, 881, 1907, 4468, 4472, 889, 4478, 4486, 392, 906, 4492, 4496, 2454, 920, 413, 1443, 428, 429, 2993, 946, 3507, 433, 1461, 442, 7615, 458, 2016, 2026]"
0.48,0.01,0.3449612307974549,"[7564, 5239, 638, 6281, 3725, 5774, 4249, 6812, 5792, 5797, 5370, 3323, 6910, 1792, 4354, 8099, 1285, 4359, 271, 2327, 6428, 8480, 4901, 1836, 7469, 1841, 1842, 1847, 4411, 4926, 833, 3400, 6988, 7502, 5971, 4436, 4489, 7069, 429, 946, 1461, 442, 7615, 6595, 5065, 7638, 2016, 4065, 2026, 1009, 1521, 8177, 7671]"
0.59,0.01,0.32206047212765054,"[6658, 3078, 2571, 5649, 6674, 8211, 6172, 5668, 7214, 4144, 1075, 4149, 3128, 4665, 3135, 2120, 5707, 594, 2660, 5732, 108, 5232, 3184, 3185, 5239, 638, 6281, 3725, 5774, 4249, 6812, 2188, 5797, 3758, 5065, 458, 1231, 3156, 277, 8446, 1663, 4015]"
0.71,0.02,0.3574481478905527,"[6658, 2054, 907, 13, 4493, 15, 144, 17, 1553, 4496, 1424, 920, 24, 25, 30, 31, 32, 8097, 1443, 6052, 446, 1480, 8136, 3021, 8144, 7124, 1379, 5735, 1013, 889]"
0.43,0.02,0.39324923540041945,"[4354, 260, 1285, 2054, 4359, 1546, 8459, 12, 13, 14, 15, 144, 17, 1553, 8460, 1804, 8463, 1299, 276, 271, 2327, 788, 8093, 30, 1823, 7069, 163, 1443, 165, 2214, 4901, 2472, 171, 172, 173, 1836, 7469, 1841, 1842, 1332, 1847, 2359, 4411, 4926, 4801, 3778, 5827, 2762, 2255, 220, 1248, 5860, 5388, 8434, 1785, 5370, 3323, 6910]"
0.78,0.0,0.2426693154778503,"[6658, 3078, 2571, 5649, 6674, 8211, 6172, 5668, 7214, 4144, 1075, 4149, 3128, 4665, 3135, 2120, 5707, 594, 2660, 5732, 108, 5232, 3185]"
0.15,0.04,0.4453345085956626,"[1546, 12, 13, 141, 15, 1555, 24, 25, 16, 17, 62, 32, 1461, 35, 54, 573, 70, 527, 67, 1092, 40, 582, 1094, 77, 590, 220, 30, 1553, 1098, 75, 97, 127, 2126, 86, 5216, 614, 553, 624, 632, 132, 144, 2708, 7269, 1068, 49, 382, 4493, 3490, 906, 4492, 8447, 754, 1299, 58, 208, 209, 442, 4485, 8456, 265, 1420, 192, 4474, 370, 1904, 1873, 856, 1369, 851, 920, 162, 290, 1700, 1443, 2214, 171, 172, 1324, 946, 951, 4538, 7615, 2016, 2026, 1987, 5065]"
0.16,0.03,0.457667545893369,"[1, 2054, 904, 1546, 12, 141, 14, 527, 20, 24, 1697, 163, 165, 38, 1907, 3760, 644, 4538, 4926, 173, 162, 2214, 40, 553, 2696, 382, 433, 1332, 172, 1461, 442, 49, 4485, 54, 951, 1420, 1987, 5065, 3021, 8144, 7615, 7124, 7638, 4065, 946, 1521, 58, 8177, 1013, 2016, 7671, 2026, 3582, 8369, 276, 171, 1443, 806, 808, 920, 1326, 3374, 824, 1873, 851, 1904, 881, 4468, 1657, 4472, 889, 4478, 4486, 392, 906, 4492, 4496, 2454, 413, 428, 429, 2993, 5126, 458, 7467]"
0.41,0.02,0.4610120465690766,"[1026, 2, 4354, 260, 1285, 4359, 8, 5388, 527, 271, 788, 2327, 24, 25, 920, 8093, 7069, 1823, 3490, 163, 419, 4901, 165, 2214, 2472, 1443, 171, 1836, 7469, 172, 4015, 3760, 1841, 2994, 1842, 173, 428, 433, 1847, 2359, 1332, 1461, 4411, 951, 4926, 4801, 3778, 5827, 2762, 458, 2255, 220, 1248, 5860, 8434, 1785, 5370, 3323, 6910, 7493]"
0.57,0.02,0.3688894641624919,"[6658, 2054, 907, 8460, 13, 4493, 15, 144, 17, 1553, 4496, 1424, 920, 24, 25, 30, 31, 32, 8097, 1443, 6052, 35, 40, 4139, 1068, 429, 2994, 7091, 446, 1480, 8136, 6858, 3021, 8144, 7124, 7638, 4958, 1379, 101, 6118, 1009, 1521, 8177, 7671]"
0.01,0.02,0.4485152267643666,"[8200, 14, 527, 5143, 24, 4637, 2654, 4192, 5729, 97, 614, 6251, 3185, 5240, 3194, 124, 4236, 7311, 769, 1684, 8360, 5812, 1212, 192, 4801, 3778, 5827, 202, 2762, 2255, 1248, 8434, 1785, 5370, 3323, 6910, 5860, 889, 5505, 428, 1419, 6027, 6028, 8590, 4497, 8093, 7584, 8097, 930, 6052, 2472, 1009, 4258, 4354, 260, 1285, 4359, 7946, 7050, 5388, 271, 2327, 920, 6428, 1823, 1836, 7469, 6988, 7501, 5971, 4436, 7502, 833, 3400, 1841, 1847, 2359, 4926, 4411, 1842, 4901, 7069, 1443, 4015, 1970, 2994, 7091, 1521, 8177, 8136, 7671, 7124, 4065, 7638, 3021, 8144, 3582, 951, 446, 1480]"
0.88,0.0,0.24663937749202647,"[7564, 4922, 907, 2537, 3562, 3947, 2026, 1270, 254, 8441, 3582, 2044, 4958]"
0.35,0.03,0.453446930269505,"[4481, 6988, 5966, 2255, 2640, 1746, 1235, 7502, 5460, 5971, 1626, 1248, 4065, 5858, 101, 3582, 1521, 2214, 40, 553, 42, 4139, 1068, 171, 1582, 172, 173, 49, 3760, 428, 1332, 5992, 54, 433, 2994, 58, 62, 190, 4926, 833, 7976, 67, 1092, 70, 1094, 1096, 582, 1098, 75, 2250, 3400, 590, 1231, 80, 1872, 3923, 214, 856, 1443, 222, 97, 614, 3185, 889, 124, 382]"
0.72,0.0,0.2691245974667984,"[1792, 3078, 6281, 2571, 3725, 5649, 6674, 8211, 6172, 5668, 7214, 4144, 1075, 4149, 3128, 4665, 3135, 2120, 5707, 594, 2660, 5732, 108, 8300, 5230, 3184, 5239, 638, 5868]"
0.4,0.03,0.44462033206956963,"[2696, 904, 5258, 527, 1657, 920, 24, 25, 31, 32, 3490, 419, 163, 1443, 165, 2214, 35, 38, 806, 171, 172, 173, 428, 4015, 3760, 433, 2994, 1068, 1332, 1461, 1326, 951, 49, 54, 824, 2236, 62, 7467, 4803, 582, 5447, 458, 40, 2250, 1231, 3374, 1873, 851, 214, 220, 553, 97, 808, 614, 231, 624, 881, 3829, 377, 8446, 1663]"
0.05,0.04,0.43539178525033073,"[1792, 3078, 2571, 5649, 6674, 8211, 6172, 5668, 7214, 4144, 1075, 4149, 3128, 4665, 3135, 2120, 5707, 42, 1068, 49, 54, 58, 62, 67, 1092, 70, 1094, 582, 1098, 75, 77, 590, 80, 97, 614, 624, 1663, 144, 162, 163, 165, 2214, 171, 172, 173, 2250, 1231, 214, 220, 231, 3829, 8446, 8459, 8460, 1804, 8463, 1299, 276, 806, 808, 1326, 3374, 1901, 824, 1873, 851, 1904, 881, 1907, 4468, 1657, 4472, 889, 4478, 4486, 392, 906, 4492, 4496, 2454, 920, 413, 1443, 428, 429, 2993, 946, 3507, 433, 1461, 442, 7615, 458, 2016, 2026, 7467]"
0.03,0.03,0.4548601098348787,"[2, 8, 13, 14, 15, 16, 17, 1553, 527, 24, 25, 30, 32, 4642, 35, 38, 40, 553, 4139, 1068, 49, 51, 54, 183, 58, 62, 6281, 3725, 5774, 4249, 6812, 5792, 5797, 3758, 5370, 3323, 6910, 1792, 4354, 260, 1285, 4359, 5388, 271, 2327, 6428, 4901, 1836, 7469, 1841, 1842, 1847, 2359, 4411, 4926, 833, 3400, 6988, 7502, 5971, 4436, 7006, 4977, 893, 1928, 5512, 7050, 1419, 6027, 6028, 8590, 4497, 8093, 7069, 7584, 8097, 6052, 2472, 4015, 920, 2994, 1443, 7091, 951, 1981, 446, 1480, 8136, 3021, 8144, 7124, 7638, 4065, 1521, 1009, 8177, 7671, 3582]"
0.74,0.01,0.3408331870747504,"[6658, 3078, 2571, 5649, 6674, 8211, 25, 6172, 30, 32, 4642, 35, 5668, 38, 2214, 40, 553, 4139, 1068, 7467, 7214, 49, 51, 54, 55, 4472, 889]"
0.82,0.01,0.33273494979337603,"[5765, 7564, 3596, 808, 1663, 582, 1231, 724, 214, 220, 97, 614, 231, 624, 881, 1904, 247, 5755, 8446]"
0.67,0.02,0.42839869604864145,"[7564, 2054, 904, 1546, 12, 141, 14, 527, 20, 24, 1722, 162, 163, 165, 38, 2214, 40, 553, 1907, 3760, 644, 172, 4538, 173, 4926, 49, 433, 1332, 1461, 54, 58, 442, 951, 171]"
0.23,0.03,0.42697459265275917,"[2, 2571, 5649, 6674, 8211, 25, 6172, 30, 32, 4642, 35, 5668, 38, 40, 553, 4139, 1068, 7214, 4144, 49, 51, 54, 55, 58, 62, 67, 1092, 8261, 582, 1098, 75, 588, 76, 2126, 86, 5216, 614, 1128, 623, 632, 165, 2214, 171, 172, 173, 2250, 1231, 214, 220, 231, 8446, 8460, 1804, 8463, 1299, 276, 806, 808, 7467, 1326, 3374, 1332, 824, 1873, 851, 7511, 856, 1904, 881, 1907, 4468, 4472, 889, 4478, 2434, 4486, 392, 906]"
0.36,0.03,0.41020373985429703,"[4486, 3369, 76, 1128, 1098, 75, 1068, 49, 2126, 86, 5216, 614, 1449, 624, 632, 58, 348, 2832, 8460, 1804, 162, 1700, 192, 208, 209, 754, 8447, 8456, 265, 290, 1324, 1873, 851, 856, 1369, 1904, 370, 4474, 293, 4485, 1420, 951, 4538, 7615, 1987, 5065, 3021, 8144, 7124, 7638, 2016, 4065, 2026, 1521, 8177, 1013, 7671, 3582, 172, 171, 7674, 920, 1443, 2214, 946]"
0.29,0.03,0.47220446477159495,"[1792, 6657, 769, 4354, 260, 1285, 4359, 5640, 7946, 5388, 7311, 271, 4881, 6802, 4627, 2327, 6428, 7069, 6821, 4901, 1836, 7469, 1841, 1842, 2994, 1847, 2359, 1339, 25, 4926, 833, 2758, 3400, 54, 824, 58, 62, 67, 1092, 70, 1094, 582, 3374, 1098, 75, 2250, 77, 590, 4065, 5858, 101, 1231, 80, 1873, 7671, 851, 214, 3582, 220, 97, 614, 231, 624, 1904, 808, 1068, 3829, 1461, 8446, 1663, 951, 5573]"
0.38,0.03,0.4428544374877671,"[8459, 8460, 13, 14, 15, 8463, 1553, 24, 25, 30, 32, 35, 1443, 165, 2214, 806, 40, 553, 808, 4139, 1068, 171, 49, 433, 51, 3507, 1332, 54, 55, 1461, 824, 58, 442, 62, 190, 7615, 67, 1092, 582, 73, 1098, 75, 588, 77, 590, 2126, 76, 2250, 458, 1873, 851, 86, 856, 5216, 97, 4472, 614, 1128, 624, 1904, 1907, 632, 889]"
0.04,0.04,0.44284521851542547,"[1026, 132, 1546, 8459, 8460, 276, 13, 527, 15, 17, 1553, 16, 20, 144, 8463, 1299, 24, 25, 26, 920, 30, 162, 35, 163, 165, 2214, 1443, 40, 553, 42, 171, 1068, 172, 173, 49, 433, 946, 1332, 1461, 54, 58, 442, 62, 7615, 67, 1092, 70, 1094, 582, 1098, 75, 2250, 77, 590, 1231, 80, 214, 220, 2016, 97, 614, 231, 2026, 624, 1907, 3829, 8446, 1663, 3867, 1804, 806, 808, 7467, 1326, 3374, 824, 1873, 851, 1904, 881, 4468, 4472, 889, 4478, 4486, 392, 906, 4492, 4496, 2454, 413, 2928, 429, 2993, 3507, 458, 4325]"
0.92,0.0,0.17516295556887496,"[4490, 108, 5232, 3184, 3185, 5239, 5370, 3323, 638]"
0.61,0.01,0.29216259348013396,"[7565, 258, 3444, 4470, 4476, 2965, 3991, 928, 5538, 1450, 7083, 7082, 6574, 949, 452, 6598, 2506, 3030, 791, 4571, 3062, 2039, 1970, 2994, 7091, 951, 446, 1480, 8136, 3021, 8144, 7124, 7638, 4065, 8177, 1521, 1013, 7671, 3582, 282]"
0.11,0.03,0.4983514239575991,"[1792, 6657, 5640, 7311, 6802, 7069, 7589, 6821, 1339, 1993, 8265, 2640, 1746, 1626, 3923, 4448, 58, 62, 67, 1092, 4065, 3582, 70, 1094, 1096, 582, 1098, 75, 7671, 590, 80, 97, 614, 3185, 124, 644, 1697, 163, 165, 2214, 171, 172, 173, 3760, 190, 2250, 1231, 214, 222, 7976, 1332, 4926, 833, 3400, 6988, 5966, 7502, 1872, 856, 889, 382, 898, 7050, 920, 3490, 1443, 428, 4015, 433, 2994, 7091, 1461, 951, 442, 4538, 446, 1987, 1480, 5065, 458, 8136, 3021, 8144, 7124, 7638, 1521, 1009, 8177, 1013, 2976]"
0.45,0.02,0.38489166462104385,"[0, 8447, 7946, 8459, 8460, 1804, 5262, 1805, 8463, 17, 1555, 1299, 5781, 276, 24, 2842, 3227, 30, 31, 32, 1697, 290, 35, 3490, 38, 806, 808, 1324, 1326, 3374, 1332, 824, 4665, 7482, 1086, 3263, 192, 5447, 202, 1231, 208, 209, 1873, 6355, 851, 724, 214, 7383, 220, 4703, 5984, 881, 247, 5755, 254, 8446]"
0.98,0.0,0.15948224347540307,"[8448, 607, 3444]"
0.89,0.0,0.23580599902808108,"[5729, 5735, 2696, 2505, 8211, 7831, 6232, 6172, 7069, 4924, 31, 5496]"
0.83,0.0,0.279661957922023,"[2993, 6280, 5252, 4801, 3778, 5827, 2762, 458, 2255, 220, 1248, 5860, 8434, 1785, 5370, 3323, 6910, 7493]"
0.99,0.0,0.05123529967362517,"[1792, 3444]"
0.94,0.0,0.15287451312095246,"[6658, 10, 5258, 5649, 6674, 7890, 5867]"
0.8,0.01,0.40401301681991963,"[1, 2054, 904, 1546, 12, 141, 1392, 527, 20, 24, 1697, 163, 165, 38, 1907, 3760, 644, 4538, 808, 881, 1904]"
0.28,0.03,0.45500340199562406,"[1, 2054, 904, 1546, 12, 141, 14, 527, 20, 24, 1697, 163, 165, 162, 38, 1907, 3760, 2214, 40, 553, 644, 173, 4538, 4926, 172, 2359, 1339, 106, 433, 4411, 833, 2758, 3400, 8265, 8136, 4749, 6910, 2255, 2640, 5966, 1746, 1235, 3923, 7502, 5460, 5971, 1626, 1248, 4065, 5858, 101, 1521, 8434, 1009, 7615, 1987, 1904, 1873, 382, 856, 851, 171, 5065, 2016, 2026, 4493, 920, 3490, 906, 4492, 1299, 951, 442]"
0.17,0.03,0.4362269151256143,"[5126, 3596, 40, 553, 49, 54, 58, 582, 97, 614, 624, 1657, 5755, 1663, 5765, 2696, 162, 2214, 171, 172, 173, 8369, 1231, 724, 214, 220, 231, 247, 8446, 276, 806, 808, 7467, 1326, 3374, 1332, 824, 4926, 1873, 851, 1904, 881, 4468, 4472, 889, 382, 4478, 4485, 4486, 392, 906, 7564, 1420, 4492, 4496, 2454, 920, 413, 1443, 428, 429, 433, 946, 2993, 1461, 951, 442, 7615, 1987, 5065, 458, 3021, 8144, 7124, 7638, 2016, 4065, 2026, 1521, 8177, 1013, 7671, 3582, 4219]"
0.63,0.02,0.38666015319189473,"[13, 14, 15, 1553, 24, 25, 30, 32, 35, 40, 553, 4139, 1068, 49, 51, 54, 55, 58, 62, 67, 1092, 1, 8459, 1804, 8460, 1299, 276, 165, 2214, 806, 808, 171, 172, 173, 7467, 1326, 3374, 1332]"
0.75,0.01,0.3136283882514025,"[6658, 4354, 260, 1285, 3078, 4359, 6281, 2571, 5388, 3725, 5774, 271, 5649, 6674, 3703, 8537, 231, 1128, 5484, 4848, 624, 627, 247, 6907, 124, 1164]"
0.14,0.02,0.4011366618456761,"[5729, 769, 5505, 8200, 7946, 202, 14, 527, 7501, 5143, 24, 4636, 2654, 4192, 6251, 5240, 3194, 4236, 7311, 1684, 1823, 8360, 5812, 1212, 192, 1970, 4801, 3778, 5827, 2762, 2255, 1248, 5860, 8434, 1785, 5370, 3323, 6910, 4354, 1285, 4359, 5388, 271, 2327, 6428, 4901, 1836, 7469, 1841, 1842, 1847, 2359, 4411, 4926, 260, 833, 6988, 7502, 5971, 4436, 7006, 3400, 4977, 893, 6658, 1928, 5512, 1419, 6027, 6028, 8591, 4497, 920, 8093, 7584, 8097, 6052, 2472, 4015, 1480, 2994, 7091, 951, 7050, 446, 8136, 3021]"
0.38,0.02,0.39089783456552407,"[4481, 1684, 8360, 5812, 1212, 192, 4801, 3778, 5827, 202, 2762, 2255, 1248, 5860, 8434, 1785, 5370, 3323, 6910, 769, 4354, 260, 1285, 4359, 7946, 5388, 271, 2327, 6428, 1823, 4901, 1836, 7469, 1841, 1842, 1847, 2359, 4411, 4926, 833, 3400, 6988, 7501, 7502, 5971, 4436, 889, 4577, 5603, 920, 7069, 1443, 428, 4015, 1970, 2994, 7091, 951, 446, 1480, 8136, 3021, 8144]"
0.55,0.02,0.41051912088040154,"[2, 132, 4486, 1546, 12, 141, 14, 527, 20, 24, 30, 5150, 32, 1697, 6177, 163, 31, 1443, 35, 165, 38, 2214, 162, 40, 1068, 553, 171, 172, 173, 49, 1326, 3374, 1332, 54, 824, 58, 2236, 62, 4803, 5447, 2250, 4432, 1873, 851, 806, 1657]"
0.14,0.04,0.4499979693380649,"[1546, 12, 13, 15, 16, 17, 527, 1555, 1553, 24, 25, 30, 32, 35, 40, 553, 1068, 49, 54, 58, 573, 62, 67, 1092, 70, 582, 1098, 75, 77, 590, 2126, 86, 5216, 97, 7269, 614, 624, 632, 127, 3204, 132, 141, 144, 4240, 2708, 162, 2214, 3238, 172, 1718, 192, 208, 209, 220, 754, 8447, 8456, 265, 1299, 290, 1324, 1873, 851, 1369, 1884, 1904, 370, 4474, 382, 4485, 906, 4492, 4493, 1420, 920, 3490, 1443, 946, 1461, 951, 4538, 7615, 1987, 5065, 2016, 2026, 5361]"
0.38,0.03,0.4425744077438456,"[1324, 2696, 904, 920, 30, 31, 32, 1697, 3490, 163, 35, 165, 38, 2214, 1443, 806, 40, 172, 173, 428, 4015, 553, 433, 2994, 4139, 1332, 1461, 1326, 951, 49, 54, 7091, 4538, 442, 62, 446, 7467, 67, 1092, 1987, 70, 1096, 5065, 458, 1480, 8136, 3021, 5966, 1231, 1872, 8144, 42, 3156, 7124, 214, 856, 808, 1663, 162, 1013, 889, 1068, 8446]"
0.15,0.03,0.442967894662892,"[1792, 6657, 5640, 7311, 6802, 7069, 7589, 6821, 1339, 1993, 8265, 2640, 1746, 3923, 1626, 4448, 4960, 5858, 4065, 101, 6118, 3582, 2537, 3562, 3947, 1270, 62, 67, 1092, 70, 582, 1094, 1098, 75, 77, 590, 2126, 220, 86, 5216, 97, 614, 624, 632, 407, 132, 144, 2708, 3227, 162, 1420, 1700, 192, 208, 209, 754, 8447, 8456, 265, 290, 1324, 1369, 370, 4474, 4485, 4538, 7615, 1987, 172, 1904, 1873, 382, 856, 851, 171, 5065, 2016, 2026, 4493, 920, 3490, 906, 4492, 1299, 951, 442]"
0.3,0.02,0.46107486572542855,"[17, 31, 32, 38, 7214, 4144, 49, 1075, 4149, 54, 3128, 58, 62, 67, 1092, 70, 1094, 3185, 1684, 8360, 5812, 1212, 192, 4801, 3778, 5827, 202, 2762, 2255, 1248, 5860, 8434, 1785, 5370, 3323, 6910, 769, 4354, 260, 1285, 4359, 7946, 5388, 271, 2327, 6428, 1823, 4901, 1836, 7469, 4973, 1842, 1847, 2359, 4411, 4926, 833, 3400, 6988, 7501, 7502, 5971, 4436, 889, 5505, 7050, 920, 7069, 1443, 428, 4015]"
0.25,0.03,0.45612070646002223,"[6658, 3078, 2571, 5649, 6674, 8211, 6172, 30, 35, 5668, 40, 553, 1068, 7214, 49, 1075, 4149, 54, 55, 3128, 4665, 58, 62, 3135, 67, 1092, 582, 2120, 1098, 5707, 75, 588, 76, 594, 86, 5216, 2660, 5732, 614, 1128, 108, 624, 632, 165, 2214, 171, 172, 173, 190, 2250, 1231, 214, 220, 2832, 1332, 824, 1873, 851, 1904, 881, 1907, 4468, 4472, 889, 4492, 402, 920, 1443, 429, 433, 946, 3507, 1461, 442, 7615, 458]"
0.02,0.02,0.4147118878847078,"[1, 2054, 1546, 12, 14, 527, 20, 4144, 1075, 4149, 3128, 4665, 3135, 2120, 5707, 2660, 5732, 108, 8300, 5232, 3184, 5239, 638, 6281, 141, 3725, 5774, 4249, 6812, 5277, 5792, 5797, 3758, 6833, 1213, 193, 6346, 7372, 6871, 2775, 7897, 3294, 224, 7905, 3810, 5865, 5363, 5882, 4346, 768, 3344, 4882, 5907, 2841, 1315, 7459, 3880, 2345, 7982, 815, 316, 5448, 2381, 7502, 5969, 8018, 1874, 6996, 6998, 7511, 7517, 4958, 4449, 356, 2917, 8567, 888, 8058, 4474, 904, 8595, 2451, 2965, 3991, 928, 5538, 1450, 7083, 7082, 6574, 949, 452, 6598, 2506, 3030, 3544, 4571, 3062, 2039]"
0.73,0.0,0.2551449541633417,"[1792, 7298, 3078, 6281, 2571, 3725, 5649, 6674, 8211, 6172, 5668, 7214, 4144, 1075, 4149, 3128, 4665, 3135, 2120, 594, 2660, 5732, 108, 8300, 5230, 3184, 5868, 638]"
0.04,0.04,0.4567176394798349,"[1026, 132, 1546, 8459, 8460, 13, 20, 527, 15, 17, 1553, 16, 144, 1804, 8463, 1299, 24, 25, 26, 162, 30, 163, 35, 920, 165, 2214, 42, 40, 553, 946, 171, 1068, 172, 173, 49, 433, 1443, 1332, 1461, 54, 58, 442, 62, 7615, 67, 1092, 2126, 86, 582, 1098, 75, 2250, 5216, 1128, 1231, 632, 214, 220, 190, 1904, 614, 231, 851, 624, 1907, 4472, 8446, 889, 4476, 276, 806, 808, 1326, 3374, 824, 1873, 856, 881, 4468, 4470, 4473, 4475, 382, 4478, 4484, 4486, 4495, 4496, 402, 458, 914, 428, 4493, 3490, 951, 906, 4492]"
0.02,0.03,0.4664363268652314,"[1792, 6657, 5640, 7311, 6802, 7069, 7589, 6821, 1339, 1993, 8265, 2640, 1746, 1626, 3923, 4448, 58, 62, 67, 1092, 4065, 3582, 70, 1094, 1096, 582, 1098, 2075, 7671, 590, 80, 97, 614, 3185, 124, 644, 1697, 163, 165, 2214, 171, 172, 173, 3760, 190, 2250, 1231, 214, 222, 7976, 1332, 4926, 833, 3400, 6988, 5966, 7502, 1872, 856, 889, 382, 898, 7050, 2381, 5969, 8018, 1874, 6996, 6998, 7511, 7517, 4958, 4449, 356, 2917, 8567, 888, 8058, 4474, 904, 8595, 2451, 2965, 3991, 928, 5538, 1450, 7083, 7082, 6574, 949, 452, 6598, 2506, 3030, 3544, 4571, 3062, 2039]"
0.9,0.0,0.18627308461838832,"[6658, 4354, 260, 1285, 4359, 6281, 5388, 3725, 8211, 5496, 6172]"
0.08,0.02,0.40877001647593925,"[17, 31, 32, 38, 7214, 4144, 49, 1075, 4149, 77, 590, 80, 2654, 4192, 5729, 97, 614, 3185, 6251, 5240, 3194, 5755, 124, 5258, 4236, 7311, 5781, 2251, 2774, 8448, 1841, 8434, 1785, 5370, 3323, 6910, 7482, 7006, 3947, 4977, 893, 1928, 5512, 4354, 260, 1285, 4359, 1419, 5388, 271, 6027, 6428, 6028, 4901, 1836, 7469, 8590, 1842, 1847, 4497, 4411, 4926, 833, 3400, 6988, 2359, 1733, 5971, 4436, 8093, 7584, 8097, 6052, 2472, 2994, 7091, 951, 442, 446, 8136, 3021, 8144, 7124, 7638, 5601, 4065, 1009, 4015, 7069, 1443, 920, 1521, 7050]"
0.2,0.03,0.4949792872037293,"[6658, 527, 16, 17, 1553, 24, 25, 30, 31, 32, 38, 40, 553, 4139, 1068, 49, 51, 54, 55, 58, 62, 1092, 582, 1098, 75, 588, 76, 2126, 86, 5216, 614, 1128, 624, 3185, 632, 1657, 3721, 1684, 7831, 165, 2214, 1190, 171, 172, 2327, 6428, 1823, 4901, 1836, 7469, 1841, 1842, 1847, 2359, 4411, 4926, 833, 3400, 6988, 7501, 7502, 5971, 4436, 889, 7050, 920, 7069, 1443, 428, 4015, 1970, 2994, 7091, 951, 446, 1480, 8136, 3021, 8144, 4577, 5745]"
0.79,0.0,0.2909927471577993,"[6658, 3078, 2571, 8211, 6674, 5649, 6172, 5668, 951, 446, 4926, 326, 1480, 8136, 3400, 5065, 6988, 3021, 5966, 7502, 1872, 7890]"
0.06,0.02,0.4072951043135268,"[6658, 3078, 2571, 5649, 6674, 8211, 6172, 5668, 7214, 4144, 1075, 4149, 3128, 4665, 3135, 2120, 5707, 594, 2660, 5732, 108, 5232, 3184, 3185, 5239, 638, 6281, 3725, 5774, 4249, 6812, 5792, 5797, 3758, 5370, 3323, 6910, 1792, 4354, 260, 1285, 4359, 5388, 271, 2327, 6428, 4901, 1836, 7469, 1841, 1842, 1847, 2359, 4411, 4926, 833, 3400, 6988, 7502, 4436, 7006, 4977, 893, 1928, 5512, 7050, 1419, 6028, 6027, 8590, 4497, 920, 8093, 7069, 7584, 8097, 1443, 6052, 2472, 4015, 2994, 7091, 951, 1981, 446, 1480, 8136, 3021, 8144, 7124, 7638, 4065, 1521, 1009, 8177]"
0.89,0.0,0.20109336923373378,"[0, 8447, 7946, 8459, 8460, 1804, 5262, 6172, 7069, 4924, 5496, 49]"
0.95,0.0,0.16628833103459773,"[6658, 4540, 1062, 2016, 2011, 5361]"
0.4,0.03,0.41363063547342815,"[7564, 3507, 1332, 433, 946, 1461, 824, 442, 7615, 920, 458, 55, 1873, 851, 58, 62, 1904, 881, 67, 1907, 4468, 4472, 889, 1092, 582, 340, 75, 588, 76, 2832, 86, 5216, 614, 1128, 624, 632, 165, 2214, 171, 172, 173, 190, 2250, 1231, 214, 220, 231, 8446, 8459, 8460, 1804, 8463, 276, 806, 808, 7467, 1326, 3374, 856, 4470, 4476]"
0.46,0.03,0.4278799417169197,"[2, 132, 4486, 1546, 12, 141, 14, 527, 20, 24, 30, 5150, 32, 1697, 6177, 163, 31, 1443, 35, 165, 38, 2214, 2236, 40, 1068, 4803, 553, 172, 173, 49, 171, 1326, 1332, 54, 824, 58, 3374, 62, 5447, 4432, 2250, 3507, 1873, 851, 162, 1657, 433, 1461, 442, 7615, 458, 2012, 2026, 7467, 806]"
0.68,0.02,0.3805916315554606,"[1026, 392, 1546, 906, 12, 13, 14, 15, 1680, 4496, 1553, 1299, 4492, 6807, 24, 25, 413, 30, 32, 35, 1443, 40, 553, 4139, 1068, 429, 2993, 49, 51, 54, 1513, 1651, 6664]"
0.88,0.01,0.29583798217295343,"[32, 5496, 38, 4924, 2505, 17, 8211, 7831, 6232, 6172, 7069, 31, 2063]"
0.85,0.0,0.27669564619878717,"[6658, 10, 5258, 5867, 6674, 7890, 5649, 8144, 3923, 7124, 2102, 222, 5728, 5735, 1013, 889]"
0.92,0.0,0.13614308312828693,"[1792, 3185, 5370, 3323, 6302, 5232, 3184, 5239, 638]"
0.65,0.01,0.3947291574868257,"[1792, 419, 5640, 7311, 6802, 7069, 7589, 6821, 1339, 1993, 8265, 2640, 1746, 6674, 3923, 8211, 2327, 4249, 6812, 6172, 6428, 5792, 5668, 1461, 54, 951, 824, 58, 62, 67, 1092, 582, 70, 1094, 2250, 1231]"
0.01,0.03,0.4596246608877874,"[1, 2054, 904, 1546, 12, 141, 14, 527, 20, 24, 1697, 163, 165, 38, 1907, 3760, 644, 4538, 4926, 173, 162, 2214, 40, 553, 2696, 382, 433, 1332, 172, 1461, 442, 49, 4485, 54, 5370, 3323, 951, 6910, 5860, 5505, 1419, 6027, 8144, 6028, 7124, 7638, 3021, 8590, 4497, 8093, 1521, 7584, 8177, 8097, 4065, 930, 6052, 2472, 1009, 4258, 4354, 7671, 260, 920, 3582, 1285, 4359, 7946, 7050, 5388, 1443, 889, 271, 2327, 6428, 1823, 1836, 7469, 6988, 7501, 5971, 4436, 7502, 833, 3400, 1841, 1847, 2359, 4411, 1842, 4901, 7069, 428, 4015, 1970, 2994, 7091, 8136, 446, 1480]"
0.6,0.01,0.31291228580310426,"[3078, 2571, 5649, 6674, 8211, 6172, 5668, 7214, 4144, 1075, 4149, 3128, 4665, 3135, 2120, 76, 2660, 5732, 108, 8300, 5232, 3184, 5239, 638, 6281, 3725, 5774, 4249, 6812, 5277, 5792, 5797, 3758, 6833, 1213, 193, 6346, 7372, 2774, 6871, 7897]"
0.63,0.02,0.3957103099087783,"[1, 2054, 904, 1546, 12, 141, 14, 527, 20, 24, 1697, 162, 51, 54, 55, 165, 58, 2214, 40, 3321, 62, 67, 1092, 172, 8459, 173, 49, 1804, 8460, 1299, 276, 806, 808, 171, 7467, 1326, 3374, 1332]"
0.3,0.02,0.43807885400033486,"[8448, 607, 32, 38, 7214, 4144, 49, 1075, 4149, 54, 3128, 58, 62, 67, 1092, 70, 1094, 3185, 1684, 8360, 5812, 1212, 192, 4801, 3778, 5827, 202, 2762, 2255, 1248, 5860, 8434, 1785, 5370, 3323, 6910, 769, 4354, 260, 1285, 4359, 7946, 5388, 271, 2327, 6428, 1823, 4901, 1836, 7469, 4973, 1842, 1847, 2359, 4411, 4926, 833, 3400, 6988, 7501, 7502, 2390, 4436, 889, 5505, 7050, 920, 7069, 1443, 428, 4015]"
0.37,0.03,0.43778865247190535,"[458, 6658, 2054, 907, 4493, 13, 15, 144, 17, 1553, 4496, 1424, 920, 24, 25, 30, 31, 32, 8097, 1443, 6052, 1461, 55, 824, 2250, 58, 442, 446, 62, 190, 7615, 67, 1092, 582, 1480, 8136, 73, 1098, 75, 3021, 588, 77, 8144, 590, 2126, 76, 7124, 1873, 851, 86, 856, 5216, 97, 1379, 614, 5735, 1128, 632, 624, 1904, 1907, 4472, 889, 1483]"
0.04,0.04,0.4439079914524875,"[32, 38, 1068, 7214, 4144, 49, 1075, 4149, 54, 3128, 58, 62, 67, 1092, 70, 1094, 582, 1098, 75, 77, 590, 80, 607, 97, 614, 624, 3185, 1657, 1663, 144, 1684, 162, 163, 165, 2214, 8360, 171, 172, 173, 5812, 1212, 192, 4801, 3778, 5827, 2250, 1231, 214, 220, 231, 3829, 8446, 8448, 8459, 8460, 1804, 8463, 1299, 276, 806, 808, 7467, 1326, 3374, 1332, 824, 1873, 851, 1904, 881, 1907, 4468, 4472, 889, 4478, 4486, 392, 906, 4492, 4496, 2454, 920, 413, 1443, 428, 429, 2993, 946, 3507, 433, 1461, 442, 7615, 458, 2016, 2026, 4550]"
0.56,0.02,0.4159527997218859,"[6658, 4486, 1546, 12, 141, 14, 527, 20, 24, 5150, 30, 32, 1697, 6177, 163, 1443, 35, 31, 165, 38, 2214, 162, 40, 1068, 171, 172, 173, 49, 1326, 3374, 1332, 54, 824, 58, 4540, 2236, 62, 4803, 5447, 2250, 4432, 1873, 851, 806, 1657]"
0.01,0.03,0.46980809649943345,"[10, 30, 31, 32, 35, 38, 40, 553, 42, 4139, 1068, 1582, 49, 54, 58, 62, 67, 1092, 70, 1094, 1096, 582, 1098, 75, 590, 80, 97, 614, 3185, 124, 644, 1697, 163, 165, 2214, 171, 172, 5505, 1419, 6027, 6028, 8590, 4497, 8093, 7584, 8097, 930, 6052, 2472, 4258, 4926, 833, 3400, 6988, 4354, 7502, 889, 260, 1285, 4359, 7946, 5388, 271, 2327, 6428, 734, 1836, 7469, 7050, 920, 7069, 7501, 1443, 428, 4015, 5971, 2994, 7091, 4436, 951, 1841, 1480, 446, 1847, 8144, 1521, 1009, 8177, 3582, 7124, 7671, 4065, 7638, 3021, 8136, 2359, 4411, 1842, 4901, 1970]"
0.96,0.0,0.244948191292636,"[8459, 13, 14, 15, 7890]"
0.91,0.0,0.1836942597337068,"[258, 638, 7565, 5232, 3184, 2965, 2039, 5239, 6302, 8490]"
0.64,0.02,0.416724905195498,"[904, 7050, 920, 30, 31, 32, 1697, 3490, 35, 163, 38, 2214, 7976, 806, 40, 553, 4139, 1068, 173, 42, 7467, 1324, 1326, 172, 433, 49, 54, 4015, 2994, 7091, 1332, 62, 67, 1092, 3374, 808, 162]"
0.44,0.02,0.4396459645360845,"[1792, 5640, 7311, 6802, 6674, 8211, 2327, 4249, 6812, 7069, 6172, 6428, 5792, 419, 5668, 7589, 6821, 4901, 1443, 4015, 1842, 1970, 2994, 1461, 54, 951, 824, 2359, 58, 1339, 4411, 62, 4926, 446, 67, 1092, 582, 70, 1094, 1993, 2250, 8136, 3021, 1480, 1231, 2640, 8144, 1746, 3923, 7124, 7638, 7091, 4065, 1521, 8177, 7671, 3582]"
0.63,0.01,0.41771552235586884,"[1792, 5640, 7311, 6802, 6674, 8211, 2327, 4249, 6812, 7069, 6172, 6428, 5792, 419, 5668, 7589, 6821, 1461, 54, 951, 824, 58, 1339, 62, 67, 1092, 70, 1094, 582, 1993, 8265, 2250, 1231, 2640, 1746, 3923, 889, 749]"
0.28,0.03,0.4543382630171017,"[644, 904, 10, 7050, 920, 7069, 30, 31, 32, 1697, 3490, 35, 163, 38, 2214, 40, 553, 42, 4139, 1068, 171, 1582, 172, 173, 49, 3760, 428, 1332, 4015, 54, 433, 2994, 58, 62, 190, 4926, 833, 7976, 67, 1092, 70, 1094, 1096, 582, 1098, 75, 2250, 3400, 590, 1231, 80, 6988, 5897, 7502, 1872, 3923, 214, 856, 1443, 222, 97, 614, 851, 5065, 2016, 382, 2026, 4493, 906, 4492, 1299, 951, 442]"
0.54,0.02,0.4068939865081336,"[1792, 5640, 7311, 6802, 6674, 8211, 2327, 4249, 6812, 7069, 6172, 6428, 5792, 419, 5668, 7589, 6821, 806, 173, 1326, 3374, 49, 1332, 1461, 54, 951, 824, 58, 1339, 2236, 62, 67, 1092, 4803, 582, 5447, 1993, 8265, 2250, 2640, 4432, 1746, 3923, 1873, 851, 1657, 7606]"
0.96,0.0,0.06432795555738524,"[2993, 6674, 5867, 7890, 6994]"
0.07,0.03,0.4749404480666821,"[10, 30, 31, 32, 35, 38, 40, 553, 42, 4139, 1068, 1582, 49, 54, 58, 62, 67, 1092, 70, 1094, 1096, 582, 1098, 75, 590, 80, 97, 614, 3185, 124, 644, 1697, 163, 2214, 171, 172, 173, 3760, 190, 1733, 2250, 1231, 214, 222, 7976, 1836, 7469, 1842, 1332, 1847, 2359, 4411, 4926, 833, 3400, 6988, 5966, 7502, 1872, 3923, 5971, 4436, 856, 904, 7050, 8590, 4497, 920, 8093, 7069, 7584, 8097, 3490, 1443, 6052, 2472, 428, 4015, 433, 2994, 7091, 951, 442, 446, 8136, 3021, 8144, 7124, 7638, 5601, 4065, 1009, 1521, 3456]"
0.23,0.02,0.41234872517119436,"[8200, 14, 527, 5143, 24, 4637, 2654, 4192, 5729, 97, 614, 6251, 3185, 5240, 3194, 124, 4236, 7311, 769, 1684, 8360, 5812, 1212, 192, 4801, 3778, 5827, 202, 2758, 2255, 1248, 8434, 1785, 5370, 3323, 6910, 5860, 889, 5505, 428, 1419, 6027, 6028, 8590, 4497, 8093, 7584, 8097, 930, 6052, 2472, 1009, 4258, 4354, 260, 1285, 4359, 7946, 7050, 5388, 271, 920, 2327, 6428, 1823, 1836, 7469, 6988, 7501, 5971, 4436, 7502, 833, 3400, 1841, 1847, 951, 7069]"
0.04,0.03,0.4403607805509283,"[17, 32, 38, 7214, 4144, 49, 1075, 4149, 54, 3128, 58, 62, 67, 1092, 70, 1094, 582, 2660, 5732, 108, 5232, 3184, 3185, 5239, 638, 6281, 3725, 5774, 4249, 6812, 5792, 5797, 3758, 5370, 3323, 6910, 1792, 4354, 260, 1285, 4359, 5388, 271, 2327, 6428, 4901, 1836, 7469, 1841, 1842, 2359, 1847, 4411, 4926, 833, 3400, 6988, 7502, 5971, 4436, 7006, 4977, 893, 1928, 5512, 7050, 1419, 6027, 6028, 8590, 4497, 920, 8093, 7069, 7584, 8097, 1443, 6052, 2472, 4015, 2994, 7091, 951, 1981, 446, 1480, 8136, 3021, 8144, 7124, 7638, 4065, 8177, 1521, 1009, 7671, 3582]"
0.17,0.02,0.37972193622109185,"[6658, 3078, 2571, 5649, 6674, 8211, 6172, 5668, 7214, 4144, 1075, 4149, 3128, 4665, 3135, 2120, 5707, 594, 2660, 5732, 108, 5232, 3184, 3185, 5239, 638, 6281, 3725, 5774, 4249, 6812, 5792, 5797, 3758, 5370, 3323, 6910, 1792, 4354, 260, 1285, 3937, 5388, 271, 2327, 6428, 4901, 1836, 7469, 1841, 1842, 1847, 2359, 4411, 4926, 833, 3400, 6988, 7502, 4436, 7006, 4977, 893, 1928, 5512, 7050, 1419, 6028, 6027, 8590, 4497, 920, 8093, 7584, 8097, 1443, 6052, 2472, 4015, 7091, 7069, 2994, 951, 4065]"
0.53,0.02,0.43809952531862695,"[2821, 2054, 904, 1546, 12, 141, 14, 527, 20, 24, 1697, 163, 165, 38, 1907, 3760, 644, 4538, 4926, 173, 162, 2214, 40, 553, 2696, 382, 433, 1332, 172, 1461, 442, 49, 4485, 54, 951, 1420, 1987, 5065, 3021, 8144, 7615, 7124, 7638, 4065, 946, 1521, 58, 824]"
0.22,0.02,0.34909395113724084,"[5729, 5735, 2696, 2505, 8211, 7831, 6232, 6172, 7214, 4144, 1075, 4149, 3128, 4665, 3135, 2120, 5707, 594, 2660, 5732, 108, 5232, 3184, 5239, 638, 6281, 3185, 3725, 5774, 4249, 6812, 3323, 6910, 8448, 4354, 260, 1285, 4359, 5388, 271, 5760, 4901, 1836, 7469, 1841, 1842, 1847, 2359, 7482, 4411, 4926, 833, 3400, 6988, 7502, 5971, 4436, 7006, 3947, 4977, 893, 1928, 5512, 7050, 1419, 6027, 6028, 8590, 4497, 920, 8093, 7069, 7584, 8097, 1443, 6052, 2472, 4015, 2229]"
0.49,0.02,0.4313345821802308,"[7564, 254, 1728, 458, 1231, 3156, 1847, 214, 2359, 8446, 1663, 1339, 25, 4926, 833, 2758, 3400, 54, 824, 58, 62, 67, 1092, 70, 1094, 582, 3374, 1098, 75, 2250, 77, 590, 4065, 5858, 101, 80, 1873, 7671, 1918, 3582, 220, 97, 614, 231, 624, 1904, 808, 1068, 3829, 1461, 951, 5573]"
0.75,0.01,0.2502700882967488,"[2945, 3185, 5370, 3323, 791, 3991, 928, 5538, 1450, 7083, 7082, 6574, 949, 452, 6598, 2506, 3030, 4571, 5484, 124, 3444, 4470, 3062, 6907, 4476, 602]"
0.51,0.01,0.3382001544955223,"[1792, 6657, 5640, 638, 7311, 6802, 6812, 7069, 6428, 5792, 5668, 7589, 6821, 5797, 4901, 1836, 7469, 7214, 3758, 4144, 1841, 1842, 1075, 4149, 3128, 4665, 1339, 3135, 2120, 1993, 8265, 5707, 2640, 1746, 3923, 594, 1626, 4448, 4960, 5858, 2660, 5732, 108, 5232, 3184, 3185, 5239, 5370, 3323, 6910]"
0.1,0.03,0.4835436445781811,"[8200, 14, 527, 5143, 24, 4637, 2654, 4192, 5729, 97, 614, 6251, 3185, 5240, 3194, 124, 4236, 7311, 1684, 8360, 173, 3760, 5812, 1212, 190, 192, 4801, 3778, 5827, 202, 2762, 2250, 2255, 1231, 214, 222, 1248, 5860, 8434, 1785, 5370, 3323, 6910, 769, 7976, 1332, 4926, 833, 3400, 6988, 5966, 7502, 1872, 3923, 856, 889, 382, 904, 7050, 920, 7069, 2976, 3490, 1443, 428, 4015, 433, 2994, 7091, 1461, 951, 442, 4538, 446, 1987, 1480, 5065, 458, 8136, 3021, 8144, 7124, 7638, 4065, 1009, 1521, 8177, 1013, 7671, 3582, 5992]"
0.86,0.0,0.2743673840318004,"[2993, 8151, 5252, 4801, 3778, 5827, 2762, 458, 2255, 220, 1248, 5860, 8434, 1785, 5370]"
0.35,0.02,0.409816883629051,"[17, 31, 32, 38, 7214, 4144, 49, 1075, 4149, 77, 590, 80, 2654, 4192, 5729, 458, 614, 3185, 6251, 5240, 3194, 5755, 124, 5258, 4236, 7311, 5781, 2251, 2774, 8448, 1841, 8434, 1785, 5370, 3323, 6910, 7482, 7006, 3947, 4977, 893, 1928, 5512, 4354, 260, 1285, 4359, 1419, 5388, 271, 6027, 6428, 6028, 4901, 889, 382, 7050, 920, 7069, 1443, 4015, 2994, 4926, 833, 3400, 6988]"
0.84,0.01,0.264893791716621,"[1248, 4801, 3778, 5827, 5252, 5860, 4486, 7493, 2762, 458, 2255, 8434, 1785, 5370, 3323, 220, 6910]"
0.69,0.01,0.30001746230766957,"[3078, 2571, 5649, 6674, 8211, 6172, 5668, 7214, 4144, 1075, 4149, 3128, 4665, 3135, 2120, 76, 2660, 5732, 108, 8300, 5232, 3184, 5239, 638, 685, 3725, 5774, 4249, 6812, 5277, 5792, 5797]"
0.66,0.02,0.3963303682643121,"[6658, 2054, 907, 4493, 13, 15, 144, 17, 1553, 4496, 1424, 920, 24, 25, 30, 31, 32, 8097, 1443, 6052, 171, 1461, 55, 824, 951, 442, 58, 446, 62, 190, 7615, 458, 2250, 1907, 1530]"
0.45,0.02,0.4361650422127167,"[2696, 6281, 2188, 3725, 5774, 8211, 7831, 4249, 6172, 6812, 162, 806, 7467, 7214, 3374, 4144, 433, 1075, 1332, 4149, 54, 3507, 3128, 4665, 824, 58, 1461, 442, 62, 3135, 7615, 5447, 2120, 2505, 458, 5707, 2250, 4432, 1873, 594, 851, 6232, 2012, 5729, 2660, 5732, 5735, 2026, 108, 5232, 3184, 3185, 5239, 1657, 638, 4352]"
0.82,0.0,0.22890616671743502,"[6658, 3078, 2571, 8211, 6674, 5649, 6172, 5668, 7214, 4144, 1075, 4149, 3128, 4665, 5391, 2120, 5707, 594, 2660]"
0.84,0.01,0.3204737185959545,"[1026, 132, 1546, 8459, 8460, 13, 20, 527, 15, 5065, 3212, 3156, 1663, 458, 214, 582, 1343]"
0.37,0.02,0.4200642851897741,"[5729, 769, 5505, 8200, 7946, 202, 14, 527, 7501, 5143, 24, 4636, 2654, 4192, 6251, 5240, 3194, 4236, 7311, 1684, 1823, 8360, 5812, 2250, 192, 1970, 4801, 3778, 5827, 2762, 2255, 1248, 5860, 8434, 1785, 5370, 3323, 6910, 4354, 1285, 4359, 5388, 271, 2327, 6428, 4901, 1836, 7469, 1841, 1842, 1847, 2359, 4411, 4926, 260, 1483, 8097, 6658, 6052, 1480, 8136, 3021, 920, 446]"
0.13,0.04,0.4483096673291608,"[1026, 1680, 1651, 2993, 6807, 392, 1546, 906, 12, 13, 14, 15, 4496, 1553, 32, 1513, 4139, 1299, 25, 413, 51, 54, 24, 4492, 429, 946, 920, 35, 1457, 40, 1068, 553, 30, 3507, 1332, 49, 1461, 824, 442, 7615, 2832, 458, 172, 1873, 851, 433, 173, 1904, 881, 1231, 1907, 4468, 214, 889, 55, 62, 58, 4472, 67, 220, 231, 8459, 8460, 1092, 582, 1098, 75, 632, 86, 614, 1128, 624, 5216, 76, 588, 8463, 276, 165, 2214, 806, 808, 171, 7467, 1326, 3374, 190, 2250, 856]"
0.89,0.0,0.16894881559883046,"[5126, 2434, 7669, 4065, 7638, 3021, 8136, 2359, 4411, 1842, 4901, 1970]"
0.9,0.0,0.24329158725506472,"[4481, 7050, 920, 7069, 1443, 4015, 2994, 4926, 833, 4448, 6988]"
0.94,0.0,0.10391740927625481,"[3078, 2571, 5649, 6674, 8211, 6172, 3530]"
0.29,0.03,0.4269845790684983,"[6657, 5505, 5640, 1928, 5512, 7050, 1419, 6028, 6027, 7311, 8590, 4497, 6802, 5065, 4493, 4492, 1299, 920, 8093, 7069, 7584, 1443, 7589, 6821, 7976, 172, 173, 428, 4015, 3760, 49, 1068, 2994, 1332, 433, 54, 1463, 951, 58, 442, 62, 190, 4926, 833, 67, 1092, 70, 1094, 1096, 582, 1098, 75, 2250, 3400, 590, 1231, 80, 6988, 7502, 1872, 3923, 851, 214, 906, 856, 222, 2016, 97, 5897, 614, 2026, 382]"
0.05,0.04,0.44185789856934543,"[25, 1068, 54, 58, 62, 67, 1092, 70, 1094, 582, 1098, 75, 77, 590, 80, 3156, 97, 101, 614, 624, 1663, 172, 173, 5812, 1212, 1728, 192, 4801, 5827, 3778, 2758, 2250, 1231, 214, 220, 5858, 231, 3829, 8446, 254, 8448, 8459, 8460, 1804, 8463, 1299, 276, 806, 808, 7467, 3374, 1326, 1332, 2359, 824, 1339, 4926, 833, 3400, 1873, 851, 1904, 881, 1907, 4468, 4472, 889, 4478, 1918, 4486, 392, 906, 7564, 4492, 4496, 2454, 920, 413, 1443, 428, 429, 2993, 946, 3507, 433, 1461, 951, 442, 7615, 4550, 458, 2016, 4065, 2026, 7671, 3582]"
0.95,0.0,0.30746453385432393,"[1, 2054, 904, 1546, 12, 1096]"
0.91,0.0,0.2896890655771025,"[1426, 527, 16, 17, 1553, 2965, 2039, 5239, 6302, 8490]"
0.09,0.03,0.47559949338748664,"[1026, 1546, 12, 13, 14, 15, 1553, 24, 25, 30, 32, 35, 40, 553, 4139, 1068, 49, 51, 54, 55, 614, 1651, 1680, 6807, 173, 190, 2250, 1231, 214, 1299, 7976, 1332, 824, 4926, 833, 3400, 6988, 5966, 7502, 1872, 1873, 851, 3923, 856, 5992, 889, 382, 392, 904, 906, 7050, 4492, 4496, 920, 413, 7069, 2976, 3490, 1443, 428, 429, 4015, 2993, 946, 3507, 433, 1461, 2994, 951, 7091, 442, 4538, 446, 7615, 1987, 1480, 5065, 458, 8136, 3021, 8144, 7124, 7638, 4065, 1513, 1009, 1521, 8177, 1013, 7671, 3582, 7059]"
0.18,0.03,0.47172630784822356,"[3947, 1680, 2993, 1651, 6802, 260, 1285, 4359, 5640, 7946, 5388, 7311, 271, 4881, 4627, 2327, 6428, 7066, 6821, 4901, 1836, 7469, 1841, 1842, 2994, 1847, 2359, 1339, 25, 4926, 833, 2758, 3400, 54, 824, 58, 62, 67, 1092, 70, 1094, 582, 3374, 1098, 75, 2250, 77, 590, 4065, 5858, 101, 1231, 80, 1873, 7671, 851, 214, 3582, 220, 97, 614, 231, 624, 5312, 808, 1068, 3829, 1461, 8446, 1663, 5573, 1981, 446, 1480, 951, 8136, 3021, 8144, 7124, 7638, 1521, 1009, 8177]"
0.3,0.02,0.4060265393361283,"[8449, 14, 527, 4486, 4144, 49, 1075, 4149, 54, 3128, 58, 62, 67, 1092, 70, 1094, 1684, 8360, 5812, 1212, 3185, 192, 4801, 3778, 5827, 202, 2762, 2255, 1248, 5860, 769, 8434, 7946, 5370, 354, 6910, 2327, 1785, 1823, 4973, 7501, 2390, 8448, 4354, 260, 1285, 4359, 5388, 6428, 4901, 271, 1836, 7469, 4436, 5505, 7050, 1842, 7069, 1847, 2359, 428, 4015, 4411, 4926, 833, 3400, 6988, 7502, 920, 1443, 889]"
0.22,0.03,0.4586611320574946,"[1026, 1546, 13, 527, 15, 17, 1553, 16, 20, 24, 25, 26, 30, 35, 40, 553, 42, 1068, 49, 54, 58, 67, 1092, 70, 1094, 582, 1098, 75, 77, 590, 80, 97, 614, 624, 1657, 1663, 132, 144, 162, 163, 165, 2214, 171, 172, 173, 2250, 1231, 2359, 7482, 4411, 4926, 833, 3455, 6988, 7502, 5971, 4436, 7006, 3947, 4977, 893, 1928, 5512, 7050, 1419, 6027, 6028, 8590, 4497, 8093, 7069, 7584, 8097, 6052, 2472, 4015, 2229, 920, 1443]"
0.34,0.02,0.435735147259368,"[8448, 4354, 382, 644, 260, 1285, 4359, 904, 1928, 10, 7050, 5258, 4236, 5370, 7311, 5512, 1419, 5388, 271, 6027, 5781, 920, 6428, 7069, 30, 31, 32, 1697, 3490, 35, 163, 4901, 38, 2214, 40, 553, 42, 1443, 4015, 49, 1841, 2994, 7482, 4926, 833, 3400, 2251, 6988, 590, 3323, 80, 2774, 7006, 889, 6028, 614, 3947, 4977, 8434, 3185, 1785, 3194, 5755, 124, 893, 6910, 5790]"
0.39,0.01,0.3727528159059057,"[1792, 6658, 4354, 260, 1285, 3078, 4359, 6281, 2571, 5388, 3725, 5774, 271, 5649, 6674, 8211, 2327, 4249, 6172, 6812, 6428, 5792, 1443, 5668, 5797, 4901, 1836, 7469, 7214, 3758, 4144, 1841, 1842, 1075, 4149, 1847, 3128, 4665, 2359, 4411, 4926, 3135, 833, 2120, 3400, 5707, 6988, 6910, 7502, 594, 5971, 2660, 5732, 108, 5232, 3184, 3185, 5239, 5370, 3323, 638, 4388]"
0.83,0.0,0.22131577846279482,"[1792, 7298, 2571, 5649, 6674, 8211, 6172, 5668, 7214, 4144, 1075, 4149, 3128, 4665, 2120, 5707, 594, 2660]"
0.78,0.01,0.29418155548210423,"[5252, 6280, 5774, 4249, 6812, 5277, 5792, 5797, 2993, 4801, 3778, 5827, 7493, 2762, 458, 2255, 220, 1248, 5860, 8434, 5370, 3323, 6910]"
0.04,0.03,0.4444073392434562,"[30, 31, 32, 35, 38, 40, 553, 42, 4139, 1068, 3184, 3185, 5239, 638, 6281, 3725, 5774, 4249, 6812, 5792, 1697, 163, 5797, 2214, 172, 173, 3758, 5370, 3323, 6910, 1792, 4354, 260, 1285, 4359, 5388, 271, 2327, 6428, 4901, 806, 7976, 7467, 1836, 1324, 1326, 7469, 1841, 1842, 1847, 4411, 4926, 833, 3400, 6988, 7502, 5971, 4436, 7006, 4977, 893, 904, 1928, 7050, 5512, 1419, 6027, 6028, 8590, 4497, 920, 8093, 7069, 7584, 8097, 3490, 1443, 6052, 2472, 4015, 2994, 7091, 951, 1981, 446, 1480, 8136, 3021, 8144, 7124, 7638, 4065, 1521, 1009, 8177, 7671, 3582]"
0.8,0.01,0.33278044967839737,"[1026, 132, 1546, 8459, 8460, 13, 20, 1224, 15, 5065, 3212, 3156, 1663, 458, 214, 582, 1343, 5230, 3184, 5868, 638]"
0.82,0.01,0.3165286348018388,"[6658, 3078, 2571, 5649, 6674, 8211, 25, 6172, 30, 32, 4642, 35, 38, 2214, 5707, 594, 2660, 5668, 3172]"
0.36,0.03,0.46661693727370646,"[8448, 904, 10, 7050, 920, 7069, 30, 31, 32, 1697, 3490, 35, 163, 1443, 38, 2214, 40, 553, 42, 4139, 1068, 171, 1582, 172, 173, 49, 3760, 428, 1332, 4015, 54, 433, 2994, 58, 62, 190, 4926, 833, 7976, 67, 1092, 70, 1094, 1096, 582, 1098, 75, 2250, 3400, 590, 1231, 80, 6988, 5966, 7502, 1872, 3923, 214, 856, 222, 97, 614, 3185, 889, 382]"
0.12,0.02,0.463861266905768,"[1792, 3078, 2571, 5649, 6674, 8211, 6172, 5668, 7214, 4144, 1075, 4149, 3128, 4665, 3135, 2120, 5707, 594, 2660, 8360, 5812, 1212, 192, 4801, 3778, 5827, 202, 2762, 2255, 1248, 5860, 8434, 1785, 5370, 354, 6910, 769, 4354, 260, 1285, 4359, 7946, 5388, 271, 2327, 6428, 1823, 4901, 1836, 7469, 1841, 1842, 1847, 2359, 4411, 7502, 4926, 833, 3400, 6988, 7501, 5971, 4436, 889, 5505, 7050, 920, 7069, 1443, 428, 4015, 1970, 2994, 7091, 951, 446, 1480, 8136, 3021, 8144, 7124, 7638, 4065, 8177, 1521, 1013, 7671, 3582, 282]"
0.09,0.03,0.4940353420222675,"[3185, 124, 1684, 8360, 173, 3760, 5812, 1212, 190, 192, 4801, 3778, 5827, 202, 2762, 2250, 2255, 1231, 214, 222, 1248, 5860, 8434, 1785, 5370, 3323, 6910, 769, 791, 7976, 1332, 4926, 833, 3400, 6988, 7502, 5966, 1872, 3923, 856, 5992, 5484, 889, 382, 2945, 904, 7050, 3991, 920, 7069, 928, 2976, 5538, 3490, 1443, 1450, 7083, 7082, 428, 6574, 4015, 433, 2994, 7091, 949, 1461, 951, 442, 4538, 446, 1987, 452, 6598, 1480, 5065, 2506, 458, 8136, 3021, 8144, 7124, 3030, 7638, 4571, 4065, 1009, 1521, 8177, 1013, 7671, 3582, 3430]"
0.2,0.03,0.4250210484846336,"[25, 1068, 54, 58, 62, 67, 1092, 70, 1094, 582, 1098, 75, 77, 590, 80, 3156, 97, 101, 614, 624, 1663, 172, 173, 5812, 1212, 1728, 4801, 192, 5827, 3778, 2758, 2250, 1231, 214, 220, 5858, 231, 3829, 254, 8446, 8448, 8459, 8460, 1804, 8463, 1299, 276, 806, 808, 7467, 3374, 1326, 1332, 2359, 824, 1339, 4926, 833, 3400, 1873, 851, 1904, 881, 1907, 4468, 4472, 889, 4478, 1918, 4486, 392, 906, 7564, 920, 1443, 428, 951, 8136, 3021, 8144, 8140]"
0.75,0.0,0.26766216361613937,"[1792, 6657, 5640, 638, 7311, 6802, 6812, 7069, 6428, 5792, 5668, 7589, 6821, 5797, 4901, 1836, 7469, 7214, 3758, 4145, 1841, 1842, 1075, 4149, 3128, 4665]"
0.96,0.0,0.07112503804808867,"[7890, 5258, 6876, 7564, 494]"
0.02,0.03,0.44376492793632705,"[2054, 1546, 12, 14, 527, 20, 24, 38, 40, 553, 49, 54, 644, 2696, 141, 1697, 162, 163, 4258, 165, 2214, 172, 173, 3760, 5860, 5370, 3323, 6910, 4354, 260, 1285, 4359, 7946, 8459, 5388, 271, 2327, 6428, 1823, 4901, 1836, 7469, 1841, 1842, 1332, 1847, 2359, 4411, 4926, 833, 3400, 6988, 7501, 7502, 5971, 4436, 1907, 382, 5505, 4485, 904, 7050, 1419, 6027, 6028, 8590, 4497, 920, 8093, 7069, 7584, 8097, 930, 1443, 6052, 2472, 428, 4015, 433, 1970, 2994, 7091, 1461, 951, 4538, 442, 446, 8136, 1480, 3021, 8144, 7124, 7638, 4065, 1521, 8177, 1009, 7671, 3582]"
0.14,0.03,0.49896035211533485,"[1, 2054, 1546, 12, 14, 527, 20, 24, 38, 40, 553, 54, 58, 62, 67, 1092, 70, 1094, 1096, 582, 1098, 75, 590, 80, 97, 614, 3185, 124, 644, 141, 1697, 162, 163, 165, 2214, 171, 172, 173, 3760, 190, 2250, 1231, 214, 222, 7976, 1332, 4926, 833, 3400, 6988, 5966, 7502, 1872, 3923, 856, 889, 382, 6021, 904, 7050, 920, 7069, 1443, 428, 4015, 433, 2994, 7091, 1461, 4538, 446, 1987, 1480, 5065, 458, 8136, 3021, 8144, 7124, 7638, 4065, 1521, 1009, 8177, 1013, 3582, 6039]"
0.54,0.01,0.32884878808472773,"[1792, 7298, 2571, 5649, 6674, 8211, 6172, 5668, 7214, 4144, 1075, 4149, 3128, 4665, 2120, 5707, 594, 2660, 6027, 6028, 8590, 4497, 920, 8093, 7069, 7584, 8097, 1443, 6052, 2472, 4015, 2994, 7091, 951, 442, 446, 1474, 8136, 3021, 8144, 7124, 7638, 5601, 4065, 1521, 1009, 2774]"
0.18,0.03,0.44502472856018616,"[1, 2054, 1546, 12, 14, 527, 20, 24, 38, 40, 553, 49, 54, 644, 2696, 141, 1697, 162, 163, 4258, 165, 2214, 172, 173, 3760, 5860, 5370, 3323, 6910, 4354, 260, 1285, 4359, 7946, 5388, 271, 2327, 6428, 1823, 1836, 7469, 1332, 4926, 6988, 7501, 5971, 4436, 1907, 889, 382, 5505, 4485, 904, 7050, 1419, 6027, 6028, 8590, 4497, 920, 8093, 7584, 8097, 930, 1443, 6052, 2472, 433, 1461, 951, 4538, 442, 3021, 8144, 7124, 7638, 4065, 1521, 8177, 1009, 7671, 3582, 1682]"
0.36,0.02,0.39727104228719434,"[17, 65, 32, 38, 7214, 4144, 49, 1075, 4149, 54, 3128, 58, 62, 67, 1092, 70, 1094, 582, 1098, 75, 77, 590, 80, 3185, 5755, 5258, 5781, 2251, 8434, 1785, 5370, 3323, 6910, 8448, 4354, 260, 1285, 4359, 5388, 271, 6428, 4901, 1836, 7469, 1841, 1842, 1847, 2359, 7482, 4411, 4926, 833, 3400, 6988, 7502, 5971, 4436, 7006, 3947, 4977, 893, 1928, 5512, 7050, 1419]"
0.67,0.01,0.34486557812891916,"[1, 2054, 904, 1546, 12, 5539, 4497, 920, 8093, 7584, 8097, 6052, 2472, 4015, 1480, 2994, 7091, 951, 7050, 446, 8136, 3021, 3185, 8144, 7124, 7638, 4065, 1521, 1443, 1009, 8177, 7671, 3582, 7069]"
0.38,0.02,0.4510291584860432,"[1026, 1546, 638, 13, 15, 527, 17, 1553, 16, 20, 24, 25, 26, 6812, 6428, 30, 5792, 35, 5668, 5797, 4901, 4388, 40, 553, 42, 1443, 1068, 1836, 7469, 7214, 3758, 49, 4144, 1841, 1842, 1075, 4149, 1847, 3128, 4665, 2359, 4411, 4926, 3135, 833, 2120, 3400, 5707, 6988, 7502, 594, 5971, 2660, 5732, 108, 5232, 3184, 3185, 5239, 5370, 3323, 6910, 5728]"
0.32,0.03,0.4304382316523536,"[5252, 6280, 1546, 8459, 8460, 13, 1804, 527, 15, 17, 1553, 16, 20, 144, 8463, 1299, 220, 24, 25, 26, 920, 30, 162, 35, 163, 165, 7698, 1443, 40, 553, 42, 171, 1068, 172, 173, 49, 433, 946, 1332, 1461, 54, 58, 442, 62, 7615, 67, 1092, 70, 1094, 582, 1098, 75, 2250, 77, 590, 1231, 80, 214, 2016, 97, 614, 231, 2026, 624, 1907, 3829, 8446, 1663, 7573]"
0.54,0.01,0.4125474495167688,"[14, 527, 5143, 24, 4637, 2654, 4192, 5729, 97, 614, 6251, 3185, 5240, 3194, 124, 4236, 7311, 1684, 8360, 173, 3760, 5812, 1212, 570, 192, 4801, 3778, 5827, 202, 2762, 2250, 2255, 1231, 214, 222, 1248, 5860, 8434, 833, 1443, 7050, 6988, 4015, 2994, 920, 4926, 7069]"
0.48,0.01,0.39646010348668026,"[17, 2067, 2327, 6428, 7069, 31, 32, 6821, 4901, 1836, 7469, 1663, 1841, 1842, 2994, 2359, 1339, 4411, 4926, 1728, 833, 2758, 3400, 8265, 458, 8136, 6988, 5966, 1231, 2255, 2640, 1746, 1235, 3156, 254, 214, 6910, 5971, 7002, 1248, 4065, 5858, 101, 4330, 7502, 8434, 1009, 7671, 376, 1785, 5370, 3582, 8446]"
0.67,0.02,0.40589420007857324,"[6665, 769, 5505, 8200, 7946, 202, 14, 527, 7501, 5143, 24, 4636, 2654, 4192, 38, 2214, 40, 553, 1907, 3760, 644, 172, 4538, 173, 49, 433, 1332, 1461, 54, 58, 442, 171, 951, 4926]"
0.91,0.0,0.14514182245742535,"[193, 6658, 1062, 6346, 7372, 6833, 2774, 6871, 7897, 1213]"
0.08,0.04,0.4410165673107148,"[8465, 8460, 13, 14, 15, 8463, 1553, 24, 30, 527, 32, 35, 806, 808, 4139, 1443, 165, 2214, 1068, 40, 553, 171, 51, 49, 433, 3507, 55, 1332, 54, 824, 58, 1461, 442, 62, 190, 7615, 67, 1092, 582, 73, 1098, 75, 588, 77, 590, 2126, 458, 2250, 76, 1873, 851, 86, 856, 5216, 97, 4472, 614, 1128, 624, 1904, 632, 276, 7467, 889, 1326, 3374, 1907, 7511, 881, 4468, 4478, 2434, 4486, 392, 906, 7502, 833, 3400, 1841, 1847, 2359, 4411, 1842, 4901, 7069, 428, 4015, 1970, 2994, 7091, 8136, 446, 1480]"
0.31,0.02,0.4188708061420192,"[5505, 769, 4354, 260, 1285, 6658, 4359, 8200, 1928, 7946, 5370, 4236, 5388, 14, 527, 7311, 271, 1419, 1684, 6028, 8590, 5143, 24, 2327, 4636, 6428, 1823, 4901, 8360, 1836, 7469, 1841, 1970, 1842, 5812, 1847, 2359, 4411, 1212, 4926, 192, 4801, 3778, 5827, 833, 3400, 202, 2762, 6988, 7501, 7502, 2255, 5971, 4436, 5512, 2654, 7006, 4192, 5729, 1248, 5860, 6251, 4977, 8434, 5240, 1785, 3194, 3323, 893, 6910]"
0.64,0.02,0.3839410716382673,"[1026, 132, 1546, 4925, 8460, 13, 20, 527, 15, 5065, 3212, 3156, 1663, 458, 40, 553, 4139, 1068, 173, 42, 7467, 1324, 1326, 172, 433, 49, 54, 4015, 2994, 7091, 1332, 62, 67, 1092, 3374, 808, 162]"
0.04,0.04,0.4451699302607328,"[1026, 1546, 13, 15, 527, 17, 1553, 16, 20, 24, 25, 26, 30, 35, 40, 553, 42, 1068, 49, 54, 58, 62, 67, 1092, 70, 1094, 582, 1098, 75, 77, 590, 80, 97, 614, 624, 1663, 132, 144, 162, 163, 165, 2214, 171, 172, 173, 2250, 1231, 214, 220, 231, 3829, 8446, 8459, 8460, 1804, 8463, 1299, 276, 3867, 806, 808, 7467, 1326, 3374, 1332, 824, 1873, 851, 2928, 1904, 881, 1907, 4468, 4472, 889, 4478, 4486, 392, 906, 4492, 4496, 2454, 920, 413, 1443, 429, 433, 946, 2993, 3507, 1461, 442, 7615, 458, 2016, 2026, 7423]"
0.09,0.04,0.4511107135954512,"[2054, 1546, 12, 14, 527, 20, 24, 38, 40, 553, 49, 54, 644, 2696, 141, 1697, 162, 163, 1553, 32, 1513, 4139, 1299, 172, 173, 165, 2214, 25, 51, 413, 30, 35, 1068, 4492, 429, 3507, 946, 824, 7615, 458, 55, 1873, 851, 58, 8459, 1332, 62, 1904, 881, 67, 4468, 4472, 889, 1092, 582, 1098, 1907, 75, 588, 76, 2832, 86, 5216, 614, 1128, 624, 632, 171, 190, 2250, 1231, 214, 220, 231, 8446, 8460, 1804, 8463, 920, 276, 806, 433, 808, 7467, 1461, 1443, 442, 1326, 1369, 856, 4470, 4476]"
0.87,0.01,0.3054654745051053,"[1026, 392, 1546, 906, 12, 13, 14, 590, 1680, 4496, 1553, 1299, 4492, 6807]"
0.82,0.01,0.24127429041530846,"[6657, 5505, 5640, 1928, 5512, 7050, 1419, 8432, 6027, 7311, 8590, 4497, 6802, 5065, 4493, 4492, 1299, 920, 8093]"
0.23,0.03,0.4233161575208604,"[8449, 14, 527, 4486, 4144, 49, 1075, 4149, 54, 3128, 58, 62, 67, 1092, 70, 1094, 1684, 8360, 5812, 1212, 3185, 192, 4801, 3778, 5827, 202, 2762, 2255, 1248, 5860, 769, 8434, 7946, 5370, 354, 6910, 2327, 1775, 1823, 4973, 7501, 2390, 8448, 4354, 260, 1285, 4359, 5388, 6428, 4901, 271, 1836, 7469, 4436, 5505, 1842, 1847, 2359, 4411, 1013, 6021, 3582, 2976, 442, 951, 7069, 3400, 6988, 7502, 7050, 889, 3490, 428, 833, 4926, 4015, 920, 1443]"
0.59,0.01,0.34242042736564127,"[1792, 6658, 4354, 260, 1285, 3078, 4359, 6281, 2571, 5388, 3725, 5774, 271, 5649, 6674, 8211, 2327, 4249, 5944, 6812, 6428, 5792, 1443, 5668, 5797, 4901, 1836, 7469, 7214, 3758, 4144, 1841, 1842, 1075, 4149, 1847, 3128, 4665, 2359, 833, 4926, 6988]"
0.99,0.0,0.021767900549499286,"[5728, 4523]"
0.6,0.01,0.3552580382854684,"[14, 527, 5143, 24, 4637, 2654, 4192, 5640, 7946, 5388, 2188, 271, 4881, 6802, 4627, 277, 7311, 2327, 4249, 6428, 6812, 1731, 5797, 1836, 7469, 3758, 1841, 1842, 1847, 2359, 1339, 4411, 5065, 1231, 458, 3156, 8446, 1663, 2994, 7069, 4926]"
0.72,0.02,0.35086609918680667,"[32, 1697, 3490, 4486, 2214, 8490, 3729, 851, 30, 1904, 54, 881, 1907, 4468, 4472, 889, 4478, 392, 906, 4492, 4496, 76, 920, 413, 1443, 428, 429, 2993, 946]"
0.27,0.03,0.4459683697557736,"[1, 4354, 4478, 644, 260, 2054, 1285, 2696, 4359, 1546, 7946, 12, 141, 14, 527, 392, 906, 20, 276, 24, 1697, 162, 163, 4258, 165, 38, 2214, 40, 553, 1443, 7467, 172, 173, 1326, 3374, 3760, 49, 4486, 433, 1332, 1461, 54, 442, 73, 1098, 75, 588, 77, 590, 2126, 458, 2250, 76, 1873, 851, 86, 7511, 856, 2434, 5216, 97, 5860, 614, 1128, 632, 624, 1904, 1907, 4468, 4472, 889, 5370, 3323, 6910]"
0.98,0.0,0.20214405632930865,"[1128, 7890, 407]"
0.52,0.01,0.38353666550646026,"[1, 2054, 1546, 7311, 6802, 6812, 7069, 6428, 5792, 5668, 7589, 6821, 5797, 4901, 1836, 7469, 7214, 3758, 4144, 1841, 1842, 1075, 4149, 3128, 4665, 1339, 3135, 2120, 1993, 8265, 5707, 6910, 2640, 1746, 3923, 594, 1626, 4960, 5858, 2660, 5732, 108, 5232, 3184, 3185, 5239, 5370, 3323, 638]"
0.63,0.01,0.3925454733003988,"[3185, 124, 1684, 8360, 173, 3760, 5812, 1212, 190, 192, 4801, 3778, 1571, 202, 2762, 2250, 2255, 1231, 214, 222, 1248, 5860, 8434, 1785, 5370, 3323, 1094, 582, 1993, 8265, 2640, 1746, 749, 3923, 1461, 951, 889, 7069]"
0.19,0.03,0.43273809017674547,"[13, 14, 15, 527, 1553, 24, 30, 32, 35, 40, 553, 4139, 1068, 49, 51, 54, 55, 58, 62, 67, 1092, 582, 1682, 165, 2214, 171, 190, 8459, 8460, 5388, 8463, 271, 2327, 6428, 1823, 806, 808, 1836, 7469, 1332, 824, 4926, 6988, 7501, 5971, 4436, 1907, 889, 382, 5505, 4485, 904, 7050, 1419, 6028, 6027, 8590, 4497, 920, 8093, 7584, 8097, 1443, 6052, 2472, 433, 3507, 1461, 951, 442, 4538, 7615, 3021, 8144, 7124, 7638, 4065, 1521, 8177, 1009, 7671, 3582]"
0.7,0.01,0.2840648019363744,"[4481, 7050, 920, 7069, 1443, 4015, 2994, 4926, 4448, 4411, 833, 6988, 3135, 2120, 3400, 5707, 6910, 7502, 594, 5971, 2660, 5732, 108, 5230, 3184, 3185, 5239, 5370, 3323, 638, 4388]"
0.41,0.02,0.4146709973870417,"[4354, 260, 1285, 4359, 7564, 5388, 527, 271, 788, 2327, 24, 25, 8093, 7069, 1823, 4901, 2472, 172, 173, 428, 1836, 3760, 433, 2994, 7469, 1332, 1841, 1842, 1847, 2359, 1461, 951, 1339, 4411, 4926, 1728, 833, 4801, 3778, 5827, 2758, 3400, 458, 2762, 6910, 1231, 2255, 3156, 214, 220, 1248, 5860, 8434, 1785, 5370, 3323, 8446, 254, 1663, 1291]"
0.16,0.04,0.44240187636386885,"[1546, 12, 13, 14, 15, 1553, 24, 25, 30, 32, 35, 40, 553, 4139, 1068, 49, 51, 54, 55, 58, 62, 67, 1092, 582, 1098, 75, 76, 588, 86, 5216, 614, 1128, 624, 632, 6807, 165, 2214, 171, 172, 173, 190, 2250, 1231, 214, 220, 8459, 8460, 8463, 2832, 1299, 276, 806, 808, 7467, 1326, 3374, 1332, 824, 1873, 851, 856, 362, 1904, 881, 1907, 4468, 4472, 889, 392, 906, 4492, 4496, 920, 413, 4523, 429, 433, 1457, 946, 3507, 1461, 442, 7615, 458, 1513]"
0.97,0.0,0.22059581548183405,"[1026, 1109, 1651, 2993]"
0.49,0.02,0.47130397236207533,"[458, 2696, 904, 5258, 419, 163, 920, 3490, 1443, 165, 2214, 4015, 171, 54, 824, 58, 62, 67, 1092, 70, 1094, 582, 25, 3374, 951, 1461, 1098, 75, 2250, 77, 590, 4065, 5858, 101, 80, 1873, 7671, 1918, 3582, 97, 614, 231, 624, 1904, 5202, 1068, 3829, 5573, 1847, 2359, 220, 4926]"
0.29,0.03,0.44080701082334683,"[1026, 1680, 1651, 2993, 6807, 392, 81, 906, 12, 13, 14, 15, 4496, 1553, 32, 1513, 4139, 1299, 24, 25, 51, 54, 413, 30, 35, 1443, 40, 553, 1068, 4492, 429, 49, 3507, 1332, 433, 946, 1461, 824, 442, 7615, 920, 458, 55, 1873, 851, 58, 62, 1904, 881, 67, 1907, 4468, 4472, 889, 1092, 582, 1098, 75, 588, 76, 2832, 86, 5216, 614, 1128, 624, 632, 165, 2214, 171, 172, 8459]"
0.34,0.02,0.451505046656692,"[14, 527, 5143, 24, 4637, 2654, 4192, 5729, 97, 614, 6251, 3185, 5240, 3194, 124, 1684, 8360, 173, 3760, 3082, 7311, 5812, 1212, 190, 192, 4801, 3778, 5827, 202, 2762, 2250, 2255, 1231, 214, 222, 1248, 5860, 769, 7976, 8434, 1785, 6910, 3323, 590, 80, 2774, 7006, 6028, 3947, 5370, 4977, 5755, 893, 4926, 833, 3400, 6988, 5790, 904, 7050, 920, 7069, 3490, 1443, 889, 4015, 2994]"
0.95,0.0,0.24462437765705347,"[32, 2054, 2993, 1651, 6802, 3923]"
0.3,0.02,0.4483373628864723,"[8448, 904, 10, 7050, 920, 7069, 30, 31, 32, 1697, 3490, 35, 163, 1443, 38, 2214, 40, 553, 42, 4139, 5827, 202, 2762, 2255, 1248, 49, 5860, 769, 428, 8434, 54, 4015, 7946, 58, 62, 5370, 354, 833, 4926, 67, 1092, 70, 1094, 6910, 2327, 1785, 1823, 4973, 3400, 7501, 2390, 4354, 6988, 260, 7502, 4114, 4359, 5388, 6428, 4901, 271, 1836, 3185, 889, 7469, 4436, 5505, 1842, 1847, 2359, 4411]"
0.17,0.03,0.49783315404841977,"[1, 2054, 1546, 12, 14, 527, 20, 24, 38, 40, 553, 54, 58, 62, 67, 1092, 70, 1094, 1096, 582, 1098, 75, 590, 80, 97, 614, 3185, 124, 644, 141, 1697, 162, 163, 165, 2214, 171, 172, 173, 3760, 190, 2250, 1231, 214, 222, 7976, 1332, 4926, 833, 3400, 6988, 5966, 7502, 1872, 3923, 856, 889, 382, 904, 7050, 920, 7069, 1443, 428, 4015, 433, 2994, 7091, 1461, 4538, 446, 1987, 1480, 5065, 458, 8136, 3021, 8144, 7124, 7638, 4065, 1521, 1009, 8177, 7727]"
0.28,0.03,0.4776684040600696,"[6658, 382, 3078, 5897, 906, 2571, 5391, 5649, 6674, 8211, 6172, 7069, 7584, 1443, 5668, 7589, 6821, 7976, 172, 173, 7214, 428, 4144, 4015, 3760, 1075, 49, 4149, 2994, 1332, 3128, 4665, 433, 54, 1463, 951, 58, 442, 62, 190, 4926, 833, 67, 1092, 70, 1094, 2120, 1096, 582, 5707, 1098, 75, 2250, 3400, 590, 1231, 594, 80, 6988, 7502, 1872, 3923, 851, 214, 856, 222, 2016, 97, 2660, 614, 2026, 1068, 5019]"
0.83,0.0,0.22954300652773374,"[3078, 2571, 5649, 6674, 8211, 6172, 3135, 5707, 594, 2660, 1075, 4149, 3128, 4665, 2999, 7214, 4144, 2120]"
0.01,0.03,0.4649443338803205,"[1792, 5640, 7311, 32, 35, 38, 2327, 40, 553, 2125, 42, 4139, 6428, 1068, 1582, 49, 1096, 1098, 75, 590, 54, 951, 80, 62, 58, 97, 614, 3185, 124, 644, 1697, 67, 1092, 70, 1094, 582, 163, 165, 2214, 171, 889, 172, 5505, 1419, 6027, 6028, 8590, 4497, 8093, 7584, 8097, 930, 6052, 2472, 4258, 4926, 833, 3400, 6988, 4354, 7502, 260, 1285, 4359, 7946, 5388, 271, 734, 1836, 7469, 7050, 920, 7501, 1443, 428, 4015, 5971, 2994, 7091, 4436, 1841, 1480, 446, 1847, 8144, 1521, 1009, 8177, 3582, 7124, 7671, 4065, 7638, 3021, 8136, 2359, 4411, 1842, 4901, 1970]"
0.13,0.02,0.39372468136521244,"[1026, 6658, 1546, 13, 527, 15, 4636, 2654, 4192, 6251, 5240, 3194, 132, 4236, 7311, 1684, 8360, 5812, 1212, 192, 4801, 3778, 5827, 2762, 2255, 1248, 5860, 8434, 1785, 5370, 3323, 6910, 4354, 260, 1285, 4359, 8459, 8460, 5388, 271, 276, 2327, 6428, 1823, 4901, 1836, 7469, 1841, 1842, 1847, 2359, 4411, 4926, 833, 3400, 6988, 7502, 5971, 4436, 7006, 4977, 893, 1928, 5512, 7050, 1419, 6028, 6027, 8591, 4497, 920, 8093, 7584, 8097, 6052, 2472, 4015, 2993, 1970, 2994, 7091, 951, 446, 1480, 8136, 458, 3021, 5161]"
0.32,0.03,0.43418349675328893,"[8459, 8460, 13, 14, 15, 8463, 1553, 24, 527, 30, 32, 35, 1443, 165, 2214, 806, 40, 553, 808, 4139, 1068, 171, 49, 433, 51, 3507, 1332, 54, 55, 1461, 824, 58, 442, 62, 190, 7615, 67, 1092, 582, 73, 1098, 75, 588, 77, 590, 2126, 458, 2250, 76, 1873, 851, 86, 277, 5216, 97, 4472, 614, 1128, 624, 1904, 1907, 632, 889, 276, 7467, 1326, 3374, 7511, 881]"
0.93,0.0,0.1954938487434792,"[3530, 3947, 2636, 1680, 2993, 6802, 3923, 7387]"
0.06,0.04,0.45904055046703873,"[8448, 904, 10, 7050, 920, 7069, 30, 31, 32, 1697, 3490, 35, 163, 38, 4139, 2214, 40, 553, 42, 1443, 1068, 1582, 171, 172, 173, 49, 3760, 4015, 1332, 428, 54, 2994, 190, 58, 62, 433, 4926, 833, 7976, 67, 1092, 70, 1094, 1096, 582, 1098, 75, 2250, 3400, 590, 1231, 80, 6988, 5966, 7502, 1872, 3923, 214, 856, 222, 97, 614, 3185, 889, 382, 1326, 3374, 824, 1873, 851, 1904, 881, 1907, 4468, 1657, 4472, 4478, 4486, 3369, 906, 4492, 4496, 2454, 413, 429, 2993, 946, 3507, 1461, 442, 7615, 458, 2016, 2026, 7467]"
0.43,0.02,0.4530774004456789,"[2054, 1546, 12, 14, 527, 20, 24, 38, 40, 553, 49, 54, 644, 2696, 141, 1697, 162, 163, 1553, 32, 1836, 7469, 1841, 1842, 2994, 1847, 2359, 1339, 4411, 4926, 833, 2758, 3400, 8265, 8136, 6988, 6910, 2255, 55, 5966, 1746, 1235, 3923, 7502, 5460, 5971, 1626, 1248, 4065, 5858, 101, 1521, 8434, 1009, 7671, 1785, 5370, 3582]"
0.77,0.01,0.36501121906190404,"[1546, 12, 5262, 1680, 17, 5781, 31, 32, 38, 442, 7482, 6907, 3703, 7890, 8537, 231, 1128, 3947, 4848, 624, 627, 247, 5755, 124]"
0.01,0.04,0.4461783544041672,"[1546, 12, 13, 14, 15, 1553, 24, 25, 30, 32, 35, 40, 553, 4139, 1068, 49, 51, 54, 55, 58, 62, 67, 1092, 582, 1098, 75, 76, 588, 86, 5216, 614, 1128, 624, 632, 6807, 165, 2214, 171, 172, 173, 190, 2250, 1231, 214, 220, 8459, 8460, 8463, 2832, 1299, 276, 806, 808, 7467, 1326, 3374, 1332, 824, 1873, 851, 856, 362, 815, 316, 5448, 2381, 5969, 8018, 1874, 6996, 6998, 7511, 7517, 4958, 4449, 356, 2917, 8567, 888, 8058, 4474, 8595, 2451, 2965, 3991, 928, 5538, 1450, 7083, 7082, 4504, 949, 452, 6598, 2506, 3030, 3544, 4571, 3062, 2039]"
0.85,0.01,0.29782992889153903,"[1026, 1109, 1651, 2993, 5827, 7493, 2762, 458, 2255, 220, 1248, 5860, 6572, 5370, 3323, 6910]"
0.4,0.01,0.4053604666094047,"[5729, 769, 5505, 8200, 7946, 202, 14, 527, 7501, 5143, 24, 4636, 2654, 4192, 1500, 5240, 3194, 4236, 7311, 1684, 1823, 8360, 5812, 1212, 192, 1970, 4801, 3778, 5827, 2762, 2255, 1248, 5860, 8434, 1785, 5370, 3323, 6910, 4354, 1285, 4359, 5388, 271, 2327, 6428, 4901, 1836, 7469, 1841, 1842, 1847, 2359, 4411, 4926, 260, 833, 6988, 7502, 5971, 4436, 7006]"
0.83,0.01,0.3079173834379393,"[1026, 132, 1938, 8459, 8460, 13, 20, 527, 15, 17, 1075, 4149, 3128, 4665, 2999, 7214, 4144, 2120]"
0.6,0.02,0.3896074520593008,"[8448, 904, 10, 7050, 920, 7069, 30, 31, 32, 1697, 3490, 35, 163, 1443, 38, 2214, 40, 553, 42, 4139, 7625, 202, 2762, 2255, 458, 3156, 8446, 1663, 2994, 7946, 5388, 1836, 7469, 271, 1847, 1842, 2359, 2327, 4926, 4411, 6428]"
0.45,0.02,0.45787949898472,"[6658, 1062, 2994, 1847, 2359, 4411, 920, 4540, 4926, 2758, 3400, 8265, 8136, 6988, 5966, 2255, 2640, 7502, 1746, 1235, 3923, 5460, 5971, 1626, 1248, 4065, 5858, 40, 553, 42, 171, 4069, 172, 173, 49, 433, 946, 1332, 1461, 54, 58, 442, 62, 7615, 67, 1092, 70, 1094, 582, 1098, 75, 2250, 77, 590, 1231, 2993]"
0.02,0.03,0.41374610925680333,"[8449, 14, 527, 4486, 4144, 49, 1075, 4149, 54, 3128, 58, 62, 67, 1092, 70, 1094, 1684, 8360, 5812, 1212, 3185, 354, 192, 4801, 3778, 5827, 202, 2762, 2255, 1248, 5860, 8434, 1775, 5370, 5971, 6910, 7006, 4977, 893, 6658, 1928, 5512, 1419, 6027, 6028, 8590, 4497, 7501, 8093, 7584, 769, 8097, 7946, 2327, 6052, 1823, 2472, 1480, 2994, 4436, 7091, 446, 8136, 3021, 8144, 3582, 7124, 7638, 4901, 1836, 7469, 6428, 4354, 1847, 2359, 4411, 1842, 7502, 6988, 260, 3400, 1285, 5388, 271, 4359, 951, 4065, 1521, 833, 1009, 8177, 7671, 5505, 419, 4926, 920, 7069, 1443, 4015]"
0.49,0.02,0.43554937020629314,"[6658, 4486, 1546, 12, 141, 14, 527, 20, 24, 5150, 30, 8296, 25, 4926, 833, 2758, 3400, 67, 1092, 70, 1094, 582, 1098, 1068, 75, 77, 590, 4065, 5858, 3374, 101, 54, 824, 58, 80, 7671, 62, 1918, 3582, 220, 97, 614, 231, 624, 1904, 1873, 2250, 808, 3829, 1461, 951, 5573]"
0.3,0.02,0.47137721590590576,"[14, 527, 5143, 24, 4637, 2654, 4192, 5640, 7946, 5388, 2188, 271, 4881, 6802, 4627, 277, 7311, 2327, 4249, 5338, 6812, 1731, 5797, 3758, 1841, 1339, 1836, 7469, 5065, 1842, 1231, 2359, 4411, 1847, 1248, 49, 5860, 769, 428, 7069, 4926, 8434, 54, 4015, 58, 62, 5370, 354, 833, 67, 1092, 70, 1094, 6910, 1785, 1823, 4973, 3400, 7501, 2390, 4354, 6988, 260, 7502, 4114, 4359, 4901, 3185, 889, 4436, 5505]"
0.29,0.03,0.4358335902228303,"[5729, 792, 5505, 8200, 7946, 202, 14, 527, 7501, 5143, 4636, 24, 2654, 4192, 6251, 5240, 3194, 4236, 7311, 1684, 1823, 8360, 5812, 1212, 192, 1970, 4801, 3778, 5827, 2762, 2255, 1248, 5860, 8434, 946, 1461, 824, 442, 7615, 458, 55, 1873, 851, 58, 62, 1904, 881, 67, 1907, 4468, 4472, 889, 1092, 582, 1098, 75, 588, 76, 2832, 86, 5216, 614, 1128, 624, 632, 165, 2214, 171, 172, 8459, 1443, 920]"
0.63,0.01,0.3835091476369328,"[258, 638, 7565, 5232, 3184, 2965, 2039, 1212, 190, 192, 4801, 3778, 1571, 202, 2762, 2250, 2255, 1231, 214, 222, 1248, 5860, 8434, 1785, 5370, 3323, 1094, 2148, 1993, 8265, 2640, 1746, 749, 3923, 1461, 951, 889, 7069]"
0.58,0.01,0.35595127593547515,"[1792, 6657, 5640, 638, 7311, 6802, 6812, 7069, 5792, 6428, 7589, 6821, 5668, 5797, 3758, 4145, 4901, 1836, 7469, 7214, 2994, 7091, 1841, 1842, 1075, 4149, 3128, 4665, 951, 446, 1480, 8136, 3021, 4049, 7124, 7638, 4065, 8177, 1521, 1013, 7671, 3582, 282]"
0.29,0.02,0.4353817665126891,"[1792, 3078, 2571, 5649, 6674, 8211, 6172, 5668, 7214, 4144, 1075, 4149, 3128, 4665, 3135, 2120, 5707, 594, 2660, 8360, 5812, 1212, 192, 4801, 3778, 5827, 202, 2762, 2255, 1248, 5860, 8434, 1785, 5370, 354, 6910, 769, 4354, 260, 1285, 4359, 7946, 5388, 271, 2327, 6428, 1823, 6488, 2359, 4411, 7502, 4926, 833, 4901, 1836, 1841, 1842, 7469, 3400, 6988, 7501, 5971, 4436, 889, 5505, 7050, 920, 7069, 1443, 428, 4015, 1970]"
0.21,0.02,0.4574144070491639,"[1792, 6657, 769, 4354, 260, 1285, 4359, 5640, 7946, 5388, 7311, 271, 4881, 6802, 4627, 2327, 6428, 7069, 6821, 4901, 1836, 7469, 1841, 1842, 2994, 1847, 2359, 1339, 4411, 4926, 833, 2758, 3400, 97, 8136, 6988, 6910, 614, 2255, 6251, 3185, 5240, 3194, 124, 4236, 7502, 5971, 1684, 1248, 8360, 5812, 1212, 192, 8434, 4801, 3778, 1785, 5370, 5827, 202, 2762, 5860, 3323, 1823, 7501, 4436, 889, 4577, 7050, 920, 1443, 428, 4015, 1970, 7091, 951, 3408, 1480, 3021, 8144]"
0.32,0.02,0.42781853243584245,"[8200, 14, 527, 5143, 24, 4636, 2654, 4192, 5729, 6251, 3185, 97, 614, 5240, 3194, 124, 4236, 7311, 1684, 8360, 5812, 1212, 192, 4801, 3778, 5827, 202, 2762, 2255, 1248, 5860, 8434, 1785, 5370, 3323, 6910, 769, 4354, 260, 1285, 4359, 7946, 5388, 271, 2327, 6428, 1823, 4901, 1836, 7469, 1841, 1842, 1847, 2359, 590, 1231, 67, 214, 2016, 231, 2026, 624, 1907, 3829, 8446, 1663, 7573, 920, 1443]"
0.35,0.03,0.43115990554202577,"[1026, 433, 392, 1546, 906, 12, 13, 14, 15, 1680, 4496, 1553, 1299, 4492, 2832, 6807, 24, 25, 920, 413, 30, 32, 35, 40, 553, 4139, 1068, 429, 172, 173, 2993, 946, 51, 1457, 3507, 54, 1332, 49, 1461, 824, 442, 55, 58, 62, 7615, 8459, 67, 1092, 8460, 582, 458, 1231, 1873, 851, 214, 220, 231, 1513, 1904, 881, 1651, 1907, 4468, 4472, 889, 219]"
0.05,0.02,0.39844619235770695,"[6657, 5640, 5668, 7214, 4144, 1075, 4149, 3128, 4665, 3135, 2120, 5707, 594, 2660, 5732, 108, 5232, 3184, 3185, 5239, 638, 6281, 3725, 5774, 7311, 6802, 4249, 6812, 5792, 6821, 5797, 3758, 5370, 3323, 6910, 1792, 4354, 260, 1285, 4359, 5388, 271, 2327, 6428, 4901, 1836, 7469, 1841, 1842, 1847, 2359, 1339, 4411, 4926, 833, 3400, 6988, 7502, 4436, 7006, 4977, 893, 1928, 5512, 7050, 1419, 6028, 6027, 8590, 4497, 920, 7069, 8093, 7584, 8097, 1443, 6052, 7589, 2472, 4015, 2994, 7091, 951, 1981, 446, 1480, 8136, 3021, 8144, 7124, 7638, 4065, 1521, 1009, 8177, 284]"
0.5,0.02,0.46883555255284604,"[904, 13, 14, 527, 15, 1553, 24, 25, 920, 30, 1443, 165, 2214, 171, 1068, 3374, 1461, 54, 1847, 2359, 58, 951, 62, 4926, 67, 1092, 5573, 70, 1094, 582, 1098, 75, 2250, 77, 590, 80, 1873, 5202, 220, 97, 5858, 4065, 101, 614, 231, 3582, 624, 1904, 3829, 7671, 1918]"
0.93,0.0,0.23615197734316706,"[1026, 1681, 2636, 2993, 1680, 6802, 3923, 7387]"
0.07,0.03,0.45115773487875077,"[1, 2054, 1546, 12, 14, 527, 20, 24, 38, 5240, 3194, 5755, 124, 644, 2696, 5258, 4236, 141, 7311, 5781, 1697, 162, 163, 1733, 2251, 2774, 8434, 1785, 5370, 3323, 6910, 8448, 4354, 260, 1285, 4359, 7946, 5388, 271, 276, 6428, 4901, 1836, 7469, 1841, 1842, 1847, 2359, 7482, 4411, 4926, 833, 3400, 6988, 5971, 4436, 7006, 3947, 4977, 893, 392, 5512, 906, 1419, 6028, 1928, 8590, 6027, 7050, 4497, 920, 8093, 7069, 7584, 8097, 1443, 6052, 2472, 4015, 2994, 7091, 951, 442, 446, 8136, 3021, 8144, 7124, 7638, 5601, 4065, 1009, 1521, 25]"
0.25,0.03,0.4370211489838266,"[1546, 12, 13, 14, 15, 1553, 24, 25, 30, 32, 35, 40, 553, 4139, 1068, 49, 51, 54, 55, 58, 62, 67, 1092, 582, 1098, 75, 76, 588, 86, 5216, 614, 7525, 624, 632, 6807, 165, 2214, 171, 172, 173, 190, 2250, 1231, 214, 220, 8459, 8460, 8463, 2832, 1299, 276, 806, 808, 7467, 1326, 3374, 1332, 824, 1873, 851, 856, 362, 815, 316, 5448, 2381, 5969, 8018, 1874, 6996, 6998, 7511, 7517, 4958, 4449, 356]"
0.9,0.01,0.2787753993587916,"[4192, 14, 527, 8463, 1553, 30, 5143, 24, 4637, 2654, 1133]"
0.37,0.03,0.4318655782561407,"[1, 4354, 4478, 644, 260, 2054, 1285, 2696, 4359, 1546, 7946, 12, 141, 14, 527, 392, 906, 20, 276, 24, 1697, 162, 163, 4258, 165, 38, 2214, 40, 553, 1443, 7467, 172, 173, 1326, 3374, 3760, 49, 4486, 433, 1332, 1461, 54, 1879, 73, 1098, 75, 588, 77, 590, 2126, 458, 2250, 76, 1873, 851, 86, 7511, 856, 2434, 5216, 97, 5860, 5370, 6910]"
0.68,0.01,0.3340794753216144,"[4354, 260, 1285, 4486, 4359, 17, 31, 32, 4258, 1443, 165, 2214, 40, 553, 7467, 172, 7214, 4144, 49, 1075, 4149, 4281, 77, 590, 80, 2654, 4192, 5729, 97, 614, 6251, 3185, 4478]"
0.04,0.02,0.423466491230847,"[6658, 8200, 14, 527, 5143, 24, 4636, 2654, 4192, 5729, 6251, 3185, 5240, 3194, 4236, 7311, 1684, 8360, 5812, 1212, 192, 4801, 3778, 5827, 202, 2762, 2255, 1248, 5860, 8434, 1785, 5370, 3323, 6910, 769, 4354, 260, 1285, 4359, 7946, 5388, 271, 2327, 6428, 1823, 4901, 1836, 7469, 1841, 1842, 1847, 2359, 4411, 4926, 833, 3400, 6988, 7501, 7502, 5971, 4436, 7006, 4977, 893, 5505, 1928, 5512, 7050, 1419, 6027, 6028, 8590, 4497, 920, 8093, 7069, 7584, 8097, 1443, 6052, 2472, 4015, 1970, 2994, 7091, 951, 446, 1480, 8136, 3021, 8144, 7124, 7638, 4065, 1521, 1009, 7721]"
0.47,0.01,0.3699434467598466,"[5505, 769, 8200, 7946, 14, 6821, 4901, 1836, 7469, 1841, 1842, 1847, 2359, 1339, 4411, 4926, 1728, 833, 2758, 3400, 8265, 202, 458, 8136, 6988, 5966, 1231, 2640, 2255, 1746, 1235, 3156, 6910, 214, 7502, 5971, 7002, 1248, 5729, 4065, 5858, 101, 3582, 4330, 1009, 8434, 7671, 376, 1785, 5370, 8446, 254, 1663, 1359]"
0.52,0.02,0.4630743306811196,"[458, 2696, 5258, 904, 419, 165, 920, 4015, 163, 171, 54, 3490, 1443, 2214, 824, 58, 62, 67, 1092, 70, 1094, 582, 25, 3374, 951, 1461, 1098, 75, 2250, 77, 590, 5888, 5858, 101, 80, 1873, 7671, 1918, 3582, 97, 614, 231, 624, 1904, 5202, 1068, 1847, 2359, 4926]"
0.06,0.04,0.4619798462095742,"[14, 527, 16, 17, 1553, 5143, 24, 25, 4637, 30, 32, 38, 40, 553, 4139, 1068, 49, 51, 54, 55, 58, 62, 67, 1092, 582, 1098, 75, 588, 76, 2126, 86, 2654, 4192, 5729, 5216, 614, 1128, 624, 632, 1657, 3721, 165, 2214, 171, 172, 173, 190, 2250, 1231, 214, 220, 5882, 768, 3344, 4882, 1299, 276, 2841, 806, 808, 7467, 1326, 3374, 1332, 824, 1873, 851, 1904, 881, 1907, 4468, 4472, 889, 4478, 4486, 392, 906, 4492, 4496, 2454, 920, 413, 1443, 428, 429, 433, 2993, 946, 3507, 1461, 442, 7615, 458, 2016, 2026]"
0.98,0.0,0.22701126234374502,"[1128, 1, 4486]"
0.1,0.03,0.493558383693269,"[2, 8, 13, 14, 15, 527, 24, 97, 614, 6251, 3185, 5240, 3194, 124, 4236, 141, 7311, 1684, 8360, 173, 3760, 5812, 1212, 190, 192, 4801, 3778, 5827, 202, 2762, 2250, 2255, 1231, 214, 222, 1248, 5860, 8434, 1785, 5370, 3323, 6910, 769, 7976, 1332, 4926, 833, 3400, 6988, 5966, 7502, 1872, 3923, 856, 5992, 362, 889, 904, 7050, 920, 7069, 2976, 3490, 1443, 428, 4015, 433, 2994, 7091, 1461, 951, 4538, 442, 446, 1987, 1480, 5065, 8136, 458, 3021, 8144, 7124, 7638, 4065, 1009, 1521, 8177, 1013, 7671, 3582, 1207]"
0.94,0.0,0.2496409143148981,"[32, 1697, 3490, 4486, 527, 8490, 3729]"
0.95,0.0,0.2468681727716211,"[901, 1546, 1651, 6802, 3923, 2993]"
0.04,0.03,0.4419663555772053,"[8200, 14, 527, 5143, 24, 4636, 2654, 4192, 5729, 6251, 3185, 5240, 3194, 97, 614, 124, 4236, 7311, 1684, 8360, 5812, 1212, 192, 4801, 3778, 5827, 202, 2762, 2255, 1248, 5860, 6572, 1785, 5370, 3323, 6910, 769, 4354, 260, 1285, 4359, 7946, 5388, 271, 2327, 6428, 1823, 4901, 276, 3867, 806, 808, 7467, 1326, 3374, 1332, 1231, 590, 214, 824, 1873, 851, 67, 624, 8446, 1663, 3829, 1907, 2928, 231, 2026, 1904, 920, 881, 2016, 4468, 4472, 889, 4478, 4486, 392, 906, 4492, 1443, 4496, 2454, 413, 429, 433, 946, 2993, 3507, 1461, 442, 7615, 458, 7423]"
0.2,0.03,0.45839459572219876,"[2, 8, 13, 14, 15, 16, 17, 1553, 527, 24, 25, 30, 32, 38, 40, 553, 4139, 1068, 49, 51, 54, 55, 58, 62, 67, 1092, 582, 1098, 75, 588, 76, 2126, 86, 5216, 614, 141, 165, 2214, 171, 190, 806, 808, 1332, 824, 5971, 4436, 1907, 889, 382, 5505, 4485, 904, 7050, 1419, 6028, 6027, 8590, 4497, 920, 8093, 7584, 8097, 1443, 6052, 2472, 433, 3507, 1461, 951, 4538, 442, 7615, 3021, 8144, 7124, 7638, 4065, 1521, 1009, 7671, 3582]"
0.19,0.03,0.4277126315897629,"[4486, 3729, 30, 15, 32, 527, 1553, 35, 2214, 54, 24, 40, 1092, 582, 553, 4139, 1068, 49, 51, 55, 58, 62, 67, 1682, 165, 171, 190, 8459, 8460, 5388, 8463, 271, 2327, 6428, 1823, 806, 808, 1206, 7469, 1332, 824, 4926, 6988, 7501, 5971, 4436, 1907, 889, 382, 5505, 4485, 904, 7050, 1419, 6028, 6027, 8590, 4497, 920, 8093, 7584, 8097, 1443, 6052, 2472, 433, 3507, 1461, 951, 442, 4538, 7615, 3021, 8144, 7124, 7638, 4065, 1521, 8177, 1009, 7671, 3582]"
0.49,0.02,0.4401336130248893,"[1792, 6658, 4354, 260, 589, 3078, 4359, 6281, 2571, 5388, 3725, 5774, 271, 5649, 6674, 8211, 2327, 4249, 582, 1098, 1068, 75, 77, 590, 4065, 5858, 3374, 101, 54, 824, 58, 80, 7671, 62, 1918, 3582, 220, 97, 614, 231, 4926, 624, 1904, 1873, 833, 2250, 808, 3400, 3829, 1461, 951, 5573]"
0.88,0.01,0.285598212209598,"[1, 644, 260, 392, 906, 4492, 14, 590, 4496, 1680, 1553, 1299, 6807]"
0.19,0.03,0.4159286232530398,"[1792, 6658, 4354, 260, 1285, 3078, 4359, 32, 35, 5388, 40, 553, 271, 4139, 1068, 49, 2327, 51, 54, 55, 6428, 58, 62, 67, 1092, 582, 1443, 1682, 165, 1836, 7469, 2214, 171, 190, 8459, 8460, 8463, 1823, 1226, 808, 4926, 1332, 824, 7501, 4436, 1907, 889, 382, 5505, 6988, 4485, 904, 7050, 5971, 1419, 6028, 6027, 8590, 4497, 920, 8093, 7584, 8097, 6052, 2472, 433, 3507, 1461, 951, 442, 4538, 7615, 3021, 8144, 7124, 7638, 4065, 1521, 8177, 1009, 7671, 3582]"
0.53,0.01,0.33983334405049925,"[1792, 7298, 2571, 6028, 6027, 8590, 5649, 6674, 8211, 4497, 920, 6172, 8093, 7584, 8097, 1443, 5668, 6052, 2472, 7214, 4015, 4144, 2994, 1075, 7091, 4149, 951, 3128, 4665, 442, 446, 1474, 2120, 8136, 5707, 3021, 8144, 594, 7124, 7638, 2774, 5601, 4065, 2660, 2670, 1521, 1009, 2291]"
0.69,0.01,0.3529260816617772,"[4486, 3729, 30, 32, 1697, 3490, 35, 2214, 582, 54, 1499, 1096, 70, 73, 77, 590, 2654, 4702, 754, 4863, 1521, 833, 1009, 8177, 7671, 5505, 419, 4926, 920, 7069, 1443, 4015]"
0.08,0.02,0.3994521723907247,"[6657, 5640, 5668, 7214, 4144, 1075, 4149, 3128, 4665, 3135, 2120, 5707, 594, 2660, 5732, 108, 5232, 3184, 3185, 5239, 638, 5755, 124, 5258, 4236, 5781, 2251, 2774, 8448, 7311, 8434, 1785, 5370, 3323, 6910, 7482, 3947, 1733, 5971, 442, 5601, 4354, 8394, 1285, 4359, 1928, 5512, 7050, 1419, 271, 5388, 6428, 4901, 1847, 2359, 1841, 4411, 4926, 833, 3400, 6988, 1842, 893, 4436, 4977, 7006, 1836, 7469, 6027, 6028, 8590, 4497, 920, 8093, 7069, 7584, 8097, 1443, 6052, 2472, 4015, 2994, 7091, 951, 446, 8136, 3021, 8144, 7124, 7638, 4065, 1009, 1521]"
0.43,0.01,0.37602052449371837,"[5126, 2434, 769, 4065, 4354, 260, 8136, 2359, 4411, 1285, 4359, 1842, 5640, 7950, 4901, 5388, 7311, 271, 4881, 6802, 4627, 2327, 6428, 7069, 6821, 1836, 7469, 1841, 2994, 1847, 1339, 4926, 833, 2758, 3400, 8265, 6988, 6910, 2255, 2640, 5966, 1746, 1235, 3923, 7502, 5460, 5971, 1626, 1248, 5858, 101, 1521, 8434, 1009, 7671, 1785, 5370, 3582]"
0.34,0.02,0.42227063283736177,"[1, 2054, 1546, 12, 14, 527, 20, 24, 38, 5240, 3194, 5755, 124, 644, 2696, 5258, 4236, 141, 7311, 5781, 1697, 162, 163, 1733, 2251, 2774, 8434, 1785, 5370, 3323, 6910, 8448, 4354, 260, 1285, 4359, 7946, 5388, 259, 276, 6428, 4901, 1836, 7469, 1841, 1842, 1847, 2359, 7482, 4411, 4926, 833, 3400, 6988, 5971, 4436, 7006, 3947, 4977, 893, 392, 5512, 906, 1419, 6028, 1928, 8590]"
0.43,0.02,0.4645374576913952,"[1, 2054, 904, 1546, 12, 141, 14, 527, 20, 24, 1697, 163, 165, 162, 38, 54, 3760, 58, 40, 553, 102, 62, 4538, 173, 4926, 67, 1092, 70, 172, 1094, 833, 433, 3400, 1096, 8136, 582, 1098, 644, 75, 5966, 590, 80, 3923, 97, 7502, 614, 3185, 124, 190, 4065, 1521, 920, 1443, 171, 1461, 2250, 951, 3582]"
0.18,0.03,0.494288251452932,"[904, 13, 14, 527, 15, 1553, 24, 25, 30, 920, 1443, 165, 2214, 171, 1068, 3374, 1461, 54, 1847, 2359, 58, 5573, 62, 951, 67, 1092, 4926, 70, 1094, 582, 1098, 75, 2250, 77, 590, 80, 1873, 5202, 220, 97, 5858, 4065, 101, 614, 231, 3582, 624, 1904, 3829, 7671, 1918, 1231, 1009, 214, 222, 7976, 1332, 382, 6988, 1872, 889, 7050, 856, 7069, 1987, 428, 4015, 2994, 5065, 7091, 446, 1480, 458, 3021, 8144, 7124, 7638, 8177, 36, 6021, 2976, 442, 3490]"
0.29,0.03,0.47709878581842036,"[6658, 382, 3078, 5897, 906, 2571, 5391, 5649, 6674, 8211, 6172, 7069, 7584, 1443, 5668, 7589, 6821, 7976, 172, 173, 7214, 428, 4144, 4015, 3760, 1075, 49, 4149, 2994, 1332, 3128, 4665, 433, 54, 1463, 951, 58, 442, 62, 190, 4926, 833, 67, 1092, 70, 1094, 2120, 5244, 582, 5707, 1098, 75, 2250, 3400, 590, 1231, 594, 80, 6988, 7502, 1872, 3923, 851, 214, 856, 222, 2016, 97, 2660, 614, 2026, 1068]"
0.27,0.03,0.4378363334897959,"[362, 4523, 4139, 1299, 25, 413, 51, 54, 24, 4492, 429, 946, 920, 35, 1457, 40, 1068, 553, 30, 3507, 1332, 49, 1461, 824, 442, 7615, 2832, 458, 172, 1873, 851, 433, 173, 1904, 881, 1231, 1907, 4468, 214, 889, 55, 62, 58, 4472, 67, 220, 231, 8459, 8460, 1092, 582, 1098, 75, 632, 86, 614, 1128, 624, 5216, 76, 588, 977, 276, 165, 2214, 806, 808, 171, 7467, 1326, 3374, 190, 2250, 856]"
0.37,0.02,0.4607398253102548,"[6658, 3078, 5897, 906, 2571, 5391, 5649, 6674, 8211, 6172, 7069, 7584, 1443, 5668, 7589, 6821, 7976, 172, 173, 7214, 428, 4144, 4015, 3760, 1075, 49, 4149, 2994, 1332, 3128, 4665, 433, 54, 1463, 951, 442, 62, 190, 4926, 833, 67, 1092, 70, 1094, 2120, 1096, 582, 5707, 1098, 75, 2250, 3400, 590, 1231, 594, 80, 6988, 7502, 1872, 3923, 214, 851, 856, 382]"
0.25,0.03,0.4435962261311951,"[2434, 4486, 392, 906, 14, 15, 8463, 1553, 527, 276, 24, 30, 32, 1697, 3490, 35, 1443, 165, 2214, 806, 40, 553, 8490, 808, 4139, 1068, 171, 7467, 1326, 49, 433, 51, 3507, 1332, 54, 55, 1461, 824, 58, 442, 62, 190, 7615, 67, 1092, 582, 73, 1098, 75, 588, 77, 590, 2126, 458, 2250, 76, 1873, 851, 3374, 86, 7511, 856, 5216, 97, 614, 1128, 632, 624, 1904, 881, 1907, 4468, 4472, 889, 4478, 8530]"
0.33,0.02,0.39507220621059236,"[4354, 260, 1285, 4359, 1291, 7564, 5388, 527, 271, 1326, 788, 2327, 24, 25, 7069, 8093, 1823, 1443, 4901, 2472, 808, 7467, 428, 1836, 172, 173, 3760, 7469, 2994, 433, 1841, 1842, 1332, 1847, 2359, 951, 1461, 1339, 4411, 442, 4926, 1728, 833, 4801, 3778, 5827, 2758, 3400, 2762, 458, 2255, 1231, 3156, 214, 856, 1369, 220, 5860, 1663, 8434, 4470, 254, 1785, 5370, 3323, 4476, 6910, 8446]"
0.89,0.0,0.18360734190560146,"[1792, 6657, 501, 7638, 3021, 1970, 4065, 4901, 8136, 1842, 2359, 4411]"
0.93,0.01,0.24496479970791796,"[32, 4486, 2214, 8459, 8460, 3729, 54, 30]"
0.77,0.01,0.3319364173727557,"[5252, 6280, 5774, 4249, 6812, 5277, 5792, 5797, 2993, 4801, 3778, 5827, 7493, 2762, 458, 2255, 220, 1248, 5860, 5484, 624, 627, 3703, 124]"
0.92,0.0,0.22388563087449342,"[5505, 769, 4901, 8200, 7946, 14, 6871, 7897, 1213]"
0.61,0.01,0.32471033530602744,"[1792, 7298, 2571, 6028, 6027, 8590, 5649, 6674, 8211, 4497, 920, 6172, 8093, 7584, 8097, 1443, 5668, 6052, 2472, 2250, 4015, 4144, 2994, 1075, 7091, 4149, 951, 3128, 4665, 442, 446, 1474, 2120, 8136, 5707, 3021, 8144, 594, 7124, 7638]"
0.67,0.02,0.3919196394177633,"[8459, 8460, 13, 14, 15, 8463, 1553, 527, 24, 30, 32, 35, 1443, 165, 2214, 806, 40, 553, 808, 4139, 1068, 171, 49, 433, 51, 3507, 1332, 54, 55, 1461, 824, 58, 442, 8281]"
0.03,0.04,0.44128057995069536,"[1, 2054, 1546, 12, 527, 20, 24, 40, 553, 42, 1068, 49, 54, 58, 62, 67, 1092, 70, 1094, 582, 1098, 75, 77, 590, 80, 97, 614, 624, 1663, 644, 132, 2696, 144, 162, 163, 165, 2214, 171, 172, 173, 2250, 1231, 214, 220, 231, 3829, 8446, 7423, 4354, 260, 1285, 4359, 7946, 8459, 8460, 1804, 8463, 1299, 276, 3867, 806, 808, 7467, 1326, 3374, 1332, 824, 1873, 851, 2928, 1904, 881, 1907, 4468, 4472, 889, 4478, 4486, 392, 906, 4492, 4496, 2454, 920, 413, 1443, 429, 433, 946, 2993, 3507, 1461, 442, 7615, 458, 2016, 2026, 4893]"
0.12,0.02,0.42492190154509313,"[4486, 3729, 285, 5649, 6674, 8211, 6172, 5668, 7214, 4144, 1075, 4149, 3128, 4665, 3135, 2120, 5707, 594, 2660, 8360, 5812, 1212, 192, 4801, 3778, 5827, 202, 2762, 2255, 1248, 5860, 8434, 1785, 5370, 354, 6910, 769, 4354, 260, 1285, 4359, 7946, 5388, 271, 2327, 6428, 1823, 4901, 1836, 7469, 1841, 1842, 1847, 2359, 4411, 7502, 4926, 833, 3400, 6988, 7501, 5971, 4436, 889, 5505, 7050, 920, 7069, 1443, 428, 4015, 1970, 2994, 7091, 951, 446, 1480, 8136, 3015, 8144, 7124, 7638, 4065, 8177, 1521, 1013, 7671, 3582, 282]"
0.47,0.01,0.36902906787430734,"[193, 6658, 1062, 6346, 7372, 6833, 2774, 1836, 7469, 1841, 1842, 1847, 2359, 1339, 4411, 4926, 1728, 833, 2758, 3400, 8265, 202, 458, 8136, 6988, 5966, 1231, 2640, 2255, 1746, 1235, 3156, 6910, 214, 7502, 5971, 7002, 1248, 5729, 4065, 5858, 101, 3582, 1244, 1009, 8434, 7671, 376, 1785, 5370, 8446, 254, 1663, 1359]"
0.73,0.02,0.344198976939315,"[8449, 14, 527, 4486, 4144, 49, 1075, 4149, 54, 3128, 58, 62, 67, 1092, 70, 1094, 408, 8360, 851, 1904, 1907, 4468, 4472, 889, 4478, 1443, 1285, 920]"
0.58,0.01,0.3703649058926992,"[1, 4354, 4478, 644, 260, 2054, 1285, 2696, 4359, 1546, 7946, 12, 141, 14, 3759, 4145, 4901, 1836, 7469, 7214, 2994, 7091, 1841, 1842, 1075, 4149, 3128, 4665, 951, 446, 1480, 8136, 3021, 4049, 7124, 7638, 4065, 8177, 1521, 1013, 7671, 3582, 282]"
0.84,0.01,0.37763072918677654,"[1026, 35, 1092, 2214, 70, 392, 582, 1546, 906, 12, 13, 590, 1096, 73, 77, 54, 1070]"
0.04,0.04,0.46128458704043496,"[1026, 13, 14, 15, 16, 17, 1553, 527, 24, 25, 30, 32, 38, 40, 553, 4139, 1068, 49, 51, 54, 55, 58, 62, 67, 1092, 582, 1098, 75, 2636, 588, 76, 2126, 86, 5216, 614, 1128, 624, 632, 1657, 3721, 1681, 165, 2214, 171, 172, 173, 190, 2250, 1231, 214, 220, 5882, 768, 3344, 4882, 5907, 1299, 276, 2841, 806, 808, 7467, 1326, 3374, 1332, 824, 1873, 851, 1904, 881, 1907, 4468, 4472, 889, 4478, 4486, 392, 906, 4492, 4496, 2454, 920, 413, 1443, 428, 429, 2993, 946, 3507, 433, 1461, 442, 7615, 458, 2016, 2026, 7125]"
0.22,0.03,0.4212652560304905,"[1026, 1546, 13, 527, 15, 17, 1553, 16, 20, 24, 25, 26, 30, 35, 40, 553, 42, 1068, 49, 54, 58, 62, 67, 1092, 70, 1094, 582, 1098, 75, 77, 590, 80, 97, 614, 624, 1657, 1663, 132, 144, 162, 163, 165, 2214, 171, 172, 173, 2250, 1231, 214, 220, 231, 3829, 8446, 8459, 8460, 1804, 8463, 1299, 276, 806, 808, 1326, 3374, 1332, 824, 1873, 851, 1904, 881, 1907, 4468, 4472, 889, 4478, 4486, 392, 906, 4492, 3568]"
0.4,0.03,0.4328315360741837,"[458, 2696, 904, 5258, 419, 163, 920, 3490, 4015, 1443, 165, 2214, 951, 171, 54, 824, 58, 62, 67, 1092, 70, 1094, 582, 4065, 5858, 630, 1098, 75, 2250, 77, 590, 7671, 1918, 3582, 80, 1873, 231, 5202, 3829, 97, 614, 5573, 624, 1904, 3374, 1847, 1461, 2359, 220, 25, 4926, 906, 4492, 4493, 8590, 4497, 433, 3507, 442, 7615, 1068]"
0.6,0.01,0.35097650834784455,"[32, 1697, 3490, 4486, 527, 8490, 3729, 889, 382, 5505, 4485, 904, 7050, 1419, 6028, 6027, 8590, 4497, 920, 8093, 7584, 8097, 1443, 6052, 2472, 433, 3507, 1461, 951, 4538, 442, 7615, 3021, 8144, 7124, 7638, 4065, 1521, 1009, 7671, 7163]"
0.54,0.01,0.33148991268886174,"[7298, 6027, 2571, 6028, 8590, 5649, 6674, 4497, 920, 6172, 8093, 7584, 8097, 1443, 5668, 6052, 2472, 7214, 4015, 4144, 2994, 1075, 7091, 4149, 951, 3128, 4665, 442, 446, 1474, 2120, 8136, 5707, 3021, 8144, 594, 7124, 7638, 2774, 5601, 4065, 2660, 362, 2670, 1521, 1009, 2291]"
0.31,0.03,0.41940567370509585,"[1026, 4478, 132, 4486, 392, 1546, 8459, 8460, 13, 1804, 15, 527, 17, 1553, 16, 20, 144, 8463, 276, 24, 25, 26, 6429, 30, 35, 1443, 165, 806, 2214, 40, 808, 42, 7467, 1068, 171, 1326, 3374, 49, 1332, 1461, 54, 824, 58, 62, 67, 1092, 70, 1094, 582, 1098, 75, 2250, 77, 590, 458, 80, 1873, 851, 97, 614, 624, 881, 1904, 1907, 4468, 4472, 889, 8446, 1663, 766]"
0.92,0.01,0.27497668172623135,"[1026, 1697, 3507, 8490, 3729, 54, 4486, 2214, 30]"
0.57,0.02,0.3645438019511412,"[6657, 5505, 5640, 1928, 5512, 7050, 1419, 6027, 8590, 7311, 4493, 4497, 6802, 4492, 1299, 276, 920, 8093, 165, 2214, 806, 808, 171, 7467, 1326, 3374, 190, 582, 5065, 1098, 75, 76, 588, 2250, 977, 86, 856, 5216, 614, 1128, 8432, 624, 632, 6662]"
0.96,0.0,0.16460248528268162,"[1426, 5258, 6876, 7564, 494]"
0.29,0.03,0.4377867923959323,"[1026, 132, 1546, 8459, 8460, 13, 1804, 527, 15, 17, 1553, 144, 20, 16, 8463, 1299, 24, 25, 26, 920, 276, 30, 162, 163, 35, 165, 2214, 1443, 40, 553, 42, 171, 1068, 172, 173, 806, 808, 49, 946, 433, 1332, 1461, 54, 1326, 58, 442, 62, 7615, 190, 67, 1092, 582, 1098, 75, 2250, 2126, 1231, 851, 86, 214, 220, 5216, 4472, 614, 1128, 1904, 624, 1907, 632, 889, 4476, 8446]"
0.12,0.03,0.4617182418737297,"[1026, 1680, 1651, 2993, 6807, 392, 1546, 906, 12, 13, 14, 15, 4496, 1553, 32, 1513, 4139, 1299, 25, 413, 51, 54, 24, 4492, 6747, 946, 920, 35, 1457, 40, 1068, 553, 30, 3507, 1332, 49, 1461, 824, 442, 7615, 2832, 458, 172, 1873, 851, 433, 173, 1904, 881, 1231, 1907, 4468, 214, 889, 55, 2359, 4411, 7502, 4926, 833, 3400, 6988, 7501, 5971, 4436, 5505, 7050, 7069, 1443, 428, 4015, 1970, 2994, 7091, 951, 446, 1480, 8136, 3015, 8144, 7124, 7638, 4065, 8177, 1521, 1013, 7671, 3582, 282]"
0.19,0.02,0.48315216624958923,"[14, 527, 5143, 24, 4637, 2654, 4192, 5729, 97, 614, 6251, 3185, 5240, 3194, 124, 4236, 1684, 8360, 173, 3760, 5812, 1212, 190, 192, 4801, 3778, 5827, 202, 2762, 2250, 2255, 1231, 214, 222, 1248, 5860, 8434, 1785, 5370, 3323, 6910, 769, 7976, 1332, 4926, 833, 3400, 6988, 5966, 7502, 1872, 3923, 856, 5992, 362, 889, 904, 7050, 920, 7069, 2976, 3490, 1443, 428, 4015, 433, 2994, 7091, 1461, 951, 442, 4538, 446, 3021, 8144, 7124, 7638, 4065, 1521, 1009, 7671, 3582]"
0.3,0.02,0.4530016161499595,"[4481, 1419, 6027, 6028, 30, 31, 920, 32, 1697, 3490, 35, 163, 4015, 1443, 38, 2214, 40, 553, 7050, 42, 4139, 5827, 202, 2762, 2255, 1248, 49, 5860, 769, 428, 8434, 54, 7946, 58, 62, 2123, 354, 833, 4926, 67, 1092, 70, 1094, 6910, 2327, 1785, 1823, 4973, 3400, 7501, 2390, 4354, 6988, 260, 7502, 4114, 4359, 5388, 6428, 4901, 271, 1836, 3185, 889, 7469, 4436, 5505, 1842, 1847, 2359, 4411]"
0.34,0.02,0.40117340574629134,"[382, 4484, 1546, 906, 12, 5262, 4495, 1680, 17, 4496, 402, 914, 5781, 5755, 31, 32, 3490, 806, 808, 3374, 824, 442, 38, 7482, 458, 1873, 7890, 8434, 1785, 5370, 3323, 6910, 8448, 4354, 3947, 260, 1285, 4359, 7946, 5388, 259, 124, 276, 6428, 4901, 1836, 7469, 1841, 1842, 1847, 2359, 4411, 4926, 833, 3400, 6988, 5971, 4436, 7006, 4977, 893, 392, 3302, 1419, 6028, 1928, 8590]"
0.13,0.03,0.4137968144745634,"[4486, 3729, 285, 5649, 6674, 8211, 6172, 5668, 7214, 4144, 1075, 4149, 3128, 4665, 3135, 2120, 5707, 594, 2660, 8360, 5812, 1212, 192, 4801, 3778, 5827, 202, 2762, 2255, 1248, 5860, 8434, 1785, 5370, 354, 6910, 769, 4354, 260, 1285, 4359, 7946, 5388, 271, 2327, 6428, 1823, 4901, 1836, 7469, 1841, 1842, 1847, 62, 58, 4472, 67, 220, 371, 8459, 8460, 1092, 582, 889, 1098, 75, 632, 920, 86, 614, 1128, 624, 5216, 76, 588, 8463, 276, 165, 2214, 806, 808, 171, 7467, 1326, 3374, 190, 2250, 856]"
0.12,0.03,0.4642935901870402,"[2, 8, 13, 14, 15, 16, 17, 1553, 527, 24, 25, 30, 32, 38, 40, 553, 4139, 1068, 49, 51, 54, 55, 58, 62, 67, 1092, 582, 1098, 75, 588, 76, 2126, 86, 5216, 614, 141, 165, 2214, 171, 190, 806, 808, 1332, 824, 5971, 4436, 1907, 889, 382, 5505, 4485, 904, 7050, 1419, 6028, 6027, 8590, 4497, 920, 8093, 7584, 8097, 1443, 6052, 2472, 433, 3507, 1461, 951, 4538, 442, 7615, 1987, 1480, 5065, 458, 8136, 3021, 8144, 7124, 7638, 4065, 1521, 1009, 8177, 1013, 7671, 3582, 5547]"
0.8,0.01,0.2564479811782904,"[8448, 8201, 10, 7050, 7069, 920, 8591, 4497, 8093, 7584, 8097, 6052, 2472, 1480, 2994, 7091, 951, 8402, 8136, 3021, 4015]"
0.98,0.0,0.04737944469087718,"[7890, 4540, 3709]"
0.97,0.0,0.08526189177009824,"[8136, 362, 4523, 3021]"
0.15,0.04,0.4379317924304045,"[6657, 5640, 15, 1553, 24, 25, 30, 32, 35, 40, 553, 4139, 1068, 49, 51, 54, 55, 58, 62, 67, 1092, 582, 1098, 75, 76, 588, 86, 5216, 614, 1128, 624, 632, 6807, 165, 2214, 171, 172, 173, 190, 2250, 1231, 214, 220, 8459, 8460, 8463, 2832, 1299, 276, 806, 808, 7467, 1326, 3374, 1332, 824, 1873, 851, 856, 362, 1904, 881, 1907, 4468, 4472, 889, 5505, 1928, 392, 906, 4492, 4496, 920, 413, 4523, 429, 433, 1457, 946, 3507, 1461, 442, 7615, 458, 1513, 971]"
0.79,0.01,0.32249728188304616,"[6658, 3081, 5897, 906, 2571, 5391, 5649, 6674, 8211, 6172, 7069, 7584, 1443, 5668, 7589, 6821, 7976, 172, 173, 7214, 428, 4144]"
0.81,0.01,0.29171553308768206,"[5512, 1546, 7050, 12, 13, 14, 1419, 6027, 7311, 8590, 4497, 6802, 4493, 1299, 920, 8093, 5065, 4492, 8432, 4370]"
0.95,0.0,0.2508233186002957,"[32, 1697, 3490, 2505, 120, 7890]"
0.58,0.02,0.3993778251043518,"[6662, 7050, 4492, 14, 527, 6802, 1299, 276, 5143, 24, 920, 8093, 4637, 165, 2214, 806, 808, 171, 7467, 3374, 190, 582, 5065, 1098, 75, 2250, 76, 588, 977, 86, 856, 2654, 4192, 5729, 97, 5216, 614, 1128, 6251, 8432, 3185, 624, 632]"
0.06,0.02,0.4084654376447786,"[5640, 5668, 7214, 4144, 1075, 4149, 3128, 4665, 3135, 2120, 5707, 594, 2660, 5732, 108, 5232, 3184, 3185, 5239, 638, 6281, 3725, 5774, 7311, 6802, 4249, 6812, 5792, 5797, 3758, 5370, 3323, 6910, 1792, 4354, 260, 1285, 4359, 5388, 271, 2327, 6428, 284, 4901, 1836, 7469, 1841, 1842, 1847, 2359, 1339, 4411, 4926, 833, 3400, 6988, 7502, 4436, 7006, 362, 4977, 893, 1928, 5512, 7050, 1419, 6028, 6027, 8590, 4497, 920, 7069, 8093, 7584, 8097, 1443, 6052, 7589, 2472, 4015, 2994, 7091, 951, 1981, 446, 1480, 8136, 3021, 8144, 7124, 7638, 4065, 1521, 1009, 8177]"
0.2,0.03,0.454469602411837,"[2, 8, 13, 14, 15, 16, 17, 1553, 527, 24, 25, 30, 32, 38, 40, 553, 4139, 1068, 49, 51, 54, 55, 58, 62, 67, 1092, 582, 1098, 75, 588, 76, 2126, 86, 5216, 614, 141, 165, 2214, 171, 190, 806, 808, 1332, 824, 5971, 4436, 1907, 889, 382, 5505, 4485, 904, 7050, 1419, 6028, 6027, 8590, 4497, 920, 8093, 7584, 8097, 1443, 6052, 2472, 433, 3507, 1461, 951, 4538, 442, 7615, 1987, 1480, 5065, 8136, 458, 3021, 8144, 7124, 8354]"
0.86,0.01,0.3532667519512789,"[32, 6657, 35, 5640, 40, 553, 4139, 1068, 15, 49, 51, 54, 24, 25, 30]"
0.18,0.02,0.48469685996806144,"[6658, 3078, 2571, 5649, 6674, 8211, 6172, 5668, 7214, 4144, 3185, 6281, 3725, 5774, 4249, 6812, 5792, 5797, 3758, 1231, 214, 222, 1248, 5860, 8434, 1785, 5370, 3323, 6910, 1792, 769, 4354, 260, 1285, 4359, 5388, 271, 2327, 6428, 4901, 7976, 1836, 7469, 1332, 4926, 833, 3400, 6988, 5966, 7502, 1872, 3923, 856, 5992, 362, 889, 904, 7050, 920, 7069, 2976, 3490, 1443, 428, 4015, 433, 2994, 7091, 1461, 951, 442, 4538, 446, 3021, 8144, 7124, 7638, 4065, 1521, 1009, 7671, 3582, 5656]"
0.28,0.03,0.45992255815187677,"[6658, 3078, 8200, 2571, 14, 527, 5649, 5143, 6674, 8211, 6172, 7069, 1443, 5668, 7589, 6821, 7976, 172, 173, 7214, 428, 4144, 3760, 1075, 49, 4149, 1332, 3128, 4665, 433, 54, 1463, 58, 442, 62, 190, 67, 1092, 70, 1873, 2120, 1096, 582, 5707, 1098, 75, 2250, 590, 1231, 594, 80, 1872, 3923, 4926, 851, 214, 856, 222, 6988, 3400, 7502, 2016, 833, 97, 2660, 614, 2026, 1068, 5019, 7584, 4015, 2994, 951]"
0.93,0.01,0.24103886103741345,"[8449, 14, 527, 4486, 4144, 49, 400, 4149]"
0.46,0.02,0.4629183696557342,"[1, 644, 2054, 1546, 12, 141, 14, 527, 20, 24, 1697, 162, 163, 165, 38, 2214, 40, 553, 7976, 171, 172, 173, 3760, 1332, 54, 58, 62, 190, 4926, 833, 67, 1092, 70, 1094, 1096, 582, 1098, 75, 2250, 3400, 590, 1231, 80, 6988, 5966, 1872, 3923, 214, 856, 222, 97, 614, 3185, 889, 124]"
0.55,0.01,0.3459351895419368,"[6658, 2571, 6028, 8590, 4497, 5649, 6674, 920, 6172, 8093, 7584, 8097, 1443, 5668, 6052, 2472, 7214, 4015, 4144, 2994, 7091, 1075, 4149, 951, 3128, 4665, 442, 446, 1474, 8136, 2120, 5707, 3021, 8144, 7124, 7638, 2774, 5601, 4065, 2660, 362, 2670, 1521, 1009, 2291, 382]"
0.28,0.03,0.4701876873149079,"[8353, 6027, 2571, 3078, 5897, 5649, 6674, 906, 5391, 6172, 8211, 7584, 7069, 1443, 5668, 7589, 6821, 7214, 4015, 4144, 2994, 1075, 7976, 4149, 951, 3128, 4665, 442, 172, 173, 2120, 428, 5707, 3760, 49, 594, 1332, 433, 54, 1463, 58, 2660, 62, 190, 4926, 833, 67, 1092, 70, 1094, 1096, 582, 1098, 75, 2250, 3400, 590, 1231, 80, 6988, 7502, 1872, 3923, 851, 214, 856, 222, 2016, 97, 614, 2026, 1068, 5019]"
0.02,0.04,0.4488486499333322,"[1, 2054, 1546, 12, 527, 20, 24, 40, 553, 42, 1068, 49, 54, 58, 62, 67, 1092, 70, 1094, 582, 1098, 75, 77, 590, 80, 97, 614, 624, 1663, 644, 132, 2696, 144, 162, 163, 165, 2214, 171, 172, 173, 2250, 1231, 214, 220, 231, 3829, 8446, 7423, 4354, 260, 1285, 4359, 7946, 8459, 1804, 8460, 8463, 1299, 276, 3867, 806, 808, 7467, 3374, 1326, 1332, 824, 1873, 851, 2928, 1904, 1907, 4468, 4472, 889, 4478, 4486, 392, 906, 4492, 4496, 2454, 920, 413, 1443, 429, 433, 946, 2993, 3507, 1461, 442, 6598, 2506, 3030, 3544, 4571, 3062, 2039]"
0.13,0.04,0.4444139882758694,"[1026, 35, 1092, 2214, 70, 392, 590, 1546, 906, 12, 13, 582, 2993, 6807, 14, 54, 15, 4496, 1553, 32, 1513, 4139, 1299, 25, 413, 51, 24, 4492, 429, 946, 920, 1457, 40, 1068, 553, 30, 3507, 1332, 49, 1461, 824, 442, 7615, 2832, 458, 172, 1873, 851, 433, 173, 1904, 881, 1231, 1907, 4468, 2320, 889, 55, 62, 58, 4472, 67, 220, 231, 8459, 8460, 1098, 75, 632, 86, 614, 1128, 624, 5216, 76, 588, 8463, 276, 165, 806, 808, 171, 7467, 1326, 3374, 190, 2250, 856]"
0.18,0.04,0.4527775111781509,"[1026, 132, 1546, 8459, 8460, 13, 20, 527, 15, 17, 1553, 16, 144, 1804, 8463, 1299, 24, 25, 26, 162, 30, 163, 35, 42, 165, 2214, 920, 40, 553, 946, 171, 1068, 172, 173, 49, 433, 7615, 1332, 1461, 54, 58, 442, 62, 2126, 167, 1092, 86, 5216, 582, 1098, 75, 2250, 1443, 1128, 1231, 632, 214, 220, 190, 1904, 851, 614, 231, 1907, 624, 4472, 8446, 889, 4476, 276, 7638, 8177, 36, 6021, 2976, 3490, 428, 3374, 951, 458, 1873, 856, 382]"
0.54,0.01,0.328325317946936,"[8448, 6657, 4354, 1285, 4359, 5640, 1928, 5258, 4236, 7311, 5781, 5668, 7214, 4144, 1075, 4149, 3128, 4665, 7482, 442, 3135, 1733, 2120, 8394, 5707, 2251, 6910, 3323, 594, 5971, 2774, 5601, 2660, 5732, 3947, 108, 5232, 3184, 3185, 8434, 5239, 1785, 5370, 5755, 124, 638, 7915]"
0.03,0.04,0.4491848745826449,"[1546, 12, 13, 14, 15, 1553, 24, 25, 30, 32, 35, 40, 553, 4139, 1068, 49, 51, 54, 55, 58, 62, 67, 1092, 582, 1098, 75, 76, 588, 86, 5216, 614, 1128, 624, 632, 6807, 190, 2832, 856, 362, 815, 316, 5448, 2381, 2250, 1231, 214, 220, 5969, 8018, 1874, 6996, 6998, 7511, 172, 173, 171, 165, 2214, 7517, 4958, 4449, 356, 1873, 851, 2917, 8567, 888, 8058, 4474, 8595, 7467, 3374, 824, 1332, 1326, 2451, 2965, 8460, 808, 8463, 806, 8455, 1299, 276, 3991, 928, 5538, 1450, 7083, 7082, 4504, 949, 452, 7615, 458, 2016, 2026, 4893]"
0.04,0.04,0.47120127129634204,"[904, 13, 14, 527, 15, 1553, 24, 25, 30, 1847, 1443, 165, 2214, 171, 1068, 3374, 1461, 54, 920, 2359, 58, 5573, 62, 4926, 67, 1092, 70, 951, 1094, 582, 1098, 75, 2250, 77, 590, 80, 1873, 5202, 220, 97, 5858, 4065, 101, 614, 231, 3582, 624, 1904, 3829, 7671, 1918, 1009, 222, 7976, 6988, 1872, 7050, 382, 1231, 214, 7069, 889, 1987, 4015, 2994, 5065, 7091, 446, 1480, 856, 3021, 8144, 7124, 806, 808, 1326, 824, 881, 1332, 4468, 4470, 4473, 4475, 458, 4478, 4484, 4486, 4495, 4496, 402, 3051, 914, 4493, 906, 4492, 3490, 442]"
0.42,0.01,0.366028582602842,"[7298, 6027, 2571, 6028, 8590, 5649, 6674, 4497, 920, 6172, 8093, 6481, 8097, 1443, 5668, 6052, 2472, 7214, 4015, 4144, 2994, 1075, 7091, 4149, 951, 3128, 4665, 38, 1836, 7469, 2993, 1841, 1842, 1847, 2359, 7482, 4411, 4926, 833, 2774, 1733, 3400, 2251, 6988, 3323, 5971, 4436, 7006, 1928, 3947, 4977, 8434, 5240, 1785, 3194, 5755, 124, 893, 6910]"
0.52,0.03,0.39771594517479125,"[8459, 8460, 13, 14, 15, 8463, 1553, 24, 76, 30, 32, 35, 1443, 165, 2214, 806, 40, 553, 808, 4139, 1699, 171, 49, 51, 433, 3507, 70, 54, 1094, 582, 824, 58, 1098, 1687, 77, 590, 1461, 1231, 442, 1873, 851, 3675, 4069, 1904, 881, 1907, 4468, 4472, 889]"
0.33,0.02,0.3833287203057748,"[8448, 4354, 259, 260, 1285, 4486, 3078, 4359, 392, 7946, 2571, 5388, 1419, 6028, 1928, 4496, 5649, 6674, 8211, 276, 1785, 8590, 920, 6172, 413, 6428, 1697, 1443, 4901, 2214, 428, 429, 1836, 7469, 2993, 946, 1841, 1842, 54, 1847, 2359, 4411, 4926, 833, 3400, 76, 6988, 7890, 851, 5971, 4436, 7006, 3302, 3947, 1904, 124, 8434, 1907, 4468, 4977, 4472, 889, 5370, 3323, 4476, 893, 6910, 6395]"
0.8,0.0,0.23554364391703397,"[1792, 3078, 2571, 5649, 6674, 8211, 6172, 5668, 7214, 4144, 1075, 4149, 3128, 4665, 3135, 2120, 5707, 594, 2660, 5732, 1645]"
0.61,0.01,0.3168236857518525,"[2434, 7298, 2571, 6028, 6027, 8590, 5649, 6674, 8211, 4497, 851, 6172, 8093, 7584, 8097, 5668, 1443, 6052, 2472, 4015, 4144, 2994, 1075, 7091, 4149, 951, 3128, 4665, 446, 1474, 2120, 8136, 5707, 3021, 8144, 594, 7124, 7638, 2250, 442]"
0.77,0.0,0.27620453177368176,"[7890, 5258, 6876, 7564, 494, 6988, 254, 7502, 4114, 4359, 5388, 6428, 4901, 271, 1836, 3185, 889, 7469, 4436, 5505, 1842, 1847, 2359, 4411]"
0.71,0.01,0.36153523693286727,"[8097, 1443, 2472, 5547, 433, 3507, 1461, 951, 442, 4538, 4540, 7615, 1987, 1480, 5065, 458, 8136, 3021, 8144, 7890, 7124, 7638, 4065, 1521, 1009, 8177, 1013, 7671, 3709, 3582]"
0.41,0.03,0.484451083035462,"[1, 644, 2054, 1546, 12, 141, 14, 527, 20, 24, 920, 1697, 162, 163, 1443, 165, 38, 2214, 40, 553, 7976, 171, 172, 173, 3760, 433, 1332, 1461, 54, 58, 62, 190, 4926, 833, 67, 70, 1094, 1096, 582, 1098, 75, 3400, 6988, 590, 5966, 80, 1231, 2250, 7502, 1872, 3923, 214, 856, 222, 97, 614, 3185, 889, 124, 382]"
0.24,0.02,0.36413797211453125,"[6657, 5640, 7214, 4144, 1075, 4149, 3128, 4665, 3135, 2120, 5707, 594, 2660, 5732, 108, 5232, 3184, 3185, 5239, 5755, 124, 638, 5258, 4236, 7311, 5781, 1733, 8394, 2251, 2774, 8434, 1785, 5370, 3323, 6910, 8448, 4354, 1285, 4359, 5388, 271, 6428, 4901, 1836, 7469, 1841, 1842, 1847, 2359, 7482, 4411, 4926, 833, 3400, 6988, 5971, 4436, 7006, 3947, 4977, 893, 1928, 5512, 7050, 1419, 906, 4492, 7069, 3490, 2994, 951, 442, 8136, 5601, 4065, 1521, 1009]"
0.36,0.03,0.4243458967620457,"[1, 644, 260, 392, 906, 4492, 14, 4496, 1680, 1553, 1299, 6807, 5019, 7584, 428, 1068, 7214, 4015, 3760, 49, 1075, 1332, 4149, 433, 54, 3128, 4665, 1463, 58, 442, 951, 62, 190, 4926, 833, 67, 1092, 70, 582, 2120, 1096, 1098, 5707, 75, 2250, 590, 1231, 80, 1873, 594, 1872, 3923, 851, 214, 6988, 856, 3400, 2994, 222, 2016, 97, 2660, 614, 2026, 7502]"
0.99,0.0,0.04009846673772399,"[7564, 6745]"
0.28,0.03,0.42919287898736636,"[5505, 769, 8200, 7946, 8459, 8460, 14, 527, 2832, 276, 5143, 24, 4636, 30, 165, 2214, 806, 808, 553, 171, 1068, 172, 173, 1326, 49, 433, 3507, 1332, 1461, 3374, 55, 824, 2250, 442, 58, 62, 7615, 190, 67, 1092, 582, 202, 458, 1098, 7501, 75, 1231, 76, 1873, 588, 851, 977, 214, 86, 856, 1500, 220, 2654, 4192, 5729, 5216, 4472, 614, 231, 1128, 632, 1904, 881, 624, 1907, 4468, 5240, 889]"
0.79,0.0,0.2574907700490495,"[6657, 5640, 5668, 7214, 4144, 1075, 4149, 3128, 4665, 3135, 108, 5232, 3184, 3185, 5239, 638, 1792, 594, 291, 5707, 2660, 5732]"
0.38,0.02,0.4099204850488214,"[4354, 260, 1285, 4359, 1291, 7564, 5388, 527, 271, 1326, 788, 2327, 24, 25, 7069, 8093, 1823, 1443, 4901, 2472, 808, 7467, 428, 1836, 172, 173, 3760, 7469, 2994, 433, 1841, 1842, 1332, 1847, 2359, 951, 1461, 1339, 4411, 442, 4926, 1728, 833, 4801, 3778, 5827, 2758, 3400, 2762, 458, 2255, 1231, 3156, 214, 856, 1372, 220, 5860, 1663, 8434, 4470, 254, 1785]"
0.5,0.02,0.4628221023197472,"[1, 644, 2054, 1546, 12, 920, 14, 527, 30, 1704, 1443, 1068, 3374, 165, 1461, 2214, 1847, 2359, 951, 171, 5573, 77, 1873, 5202, 54, 58, 62, 220, 5858, 4926, 67, 1092, 70, 1094, 4065, 582, 1098, 75, 2250, 101, 590, 231, 80, 3582, 624, 1904, 3829, 7671, 1918, 97, 614]"
0.7,0.01,0.3312163655251189,"[6658, 3078, 8200, 2571, 14, 527, 5649, 5143, 24, 4636, 2654, 4192, 6251, 5240, 3194, 4236, 7311, 1684, 8360, 5812, 1212, 192, 4801, 3778, 5827, 202, 2762, 2257, 1248, 8136, 3021]"
0.61,0.02,0.3641499268288425,"[4486, 3729, 285, 32, 1697, 3490, 35, 2214, 54, 70, 1096, 1092, 582, 73, 77, 590, 190, 2250, 1231, 214, 220, 231, 8446, 8460, 1804, 8463, 920, 276, 806, 427, 808, 7467, 1461, 1443, 442, 1326, 1369, 856, 4470, 4476]"
0.27,0.03,0.4668458666390618,"[3078, 8200, 2571, 14, 527, 5649, 6674, 8211, 5143, 5019, 6172, 7069, 7584, 1443, 5668, 7589, 6821, 7976, 172, 173, 7214, 428, 4144, 3760, 49, 1075, 1332, 4149, 433, 54, 3128, 4665, 1463, 58, 442, 951, 62, 190, 4926, 833, 67, 1092, 7747, 70, 582, 2120, 1096, 1098, 5707, 75, 2250, 590, 1231, 80, 1873, 594, 1872, 3923, 851, 214, 6988, 856, 3400, 6874, 2994, 222, 2016, 97, 2660, 614, 4015, 7502, 1068, 7622]"
0.43,0.02,0.37919473045008834,"[2434, 4486, 3256, 1928, 5512, 7050, 1419, 6028, 6027, 7311, 8590, 4497, 6802, 1299, 920, 4493, 276, 8093, 4492, 7069, 7584, 7589, 6821, 32, 1697, 7976, 1443, 7467, 428, 165, 1326, 80, 2214, 49, 824, 171, 8446, 8459, 1332, 1179, 54, 433, 8460, 58, 1804, 442, 62, 1873, 67, 2708, 8463, 6429, 1098, 75, 806, 3280, 1907, 392]"
0.92,0.01,0.2993735050640143,"[1546, 15, 13, 14, 3729, 4486, 54, 2214, 30]"
0.53,0.01,0.3103618677932122,"[6657, 5505, 5512, 5640, 1928, 7050, 1419, 6027, 8590, 7311, 4493, 4497, 6802, 4492, 1299, 276, 920, 5755, 8093, 165, 2214, 638, 3135, 1733, 2120, 8394, 5707, 2251, 594, 5971, 2774, 5601, 2660, 5732, 3947, 108, 7915, 5232, 3184, 3185, 8434, 5239, 1785, 5370, 3323, 124, 6910, 1218]"
0.47,0.02,0.46013311290756587,"[904, 13, 14, 15, 527, 1553, 141, 20, 24, 25, 1697, 162, 163, 165, 2214, 38, 40, 553, 7976, 171, 172, 173, 3760, 1332, 54, 58, 62, 4926, 833, 67, 1092, 70, 1094, 582, 1096, 1098, 75, 2250, 3400, 590, 1231, 80, 6988, 5966, 1872, 3923, 214, 856, 222, 97, 614, 3185, 889, 124]"
0.02,0.02,0.39326543212884435,"[5649, 6674, 8211, 6172, 32, 5668, 7214, 4144, 1075, 4149, 3128, 4665, 3135, 2120, 5707, 594, 2660, 5732, 108, 8300, 5232, 3184, 5239, 638, 6281, 3725, 5774, 4249, 6812, 5277, 5792, 1697, 5797, 3758, 6833, 1213, 193, 6346, 7372, 6871, 2775, 7897, 3294, 224, 7905, 3810, 5865, 5363, 5882, 4346, 768, 3344, 4882, 5907, 2841, 1315, 7459, 3880, 2345, 7982, 815, 316, 5448, 2381, 7502, 5969, 8018, 1874, 6996, 6998, 7511, 7517, 4958, 4449, 356, 2917, 8567, 888, 8058, 4474, 8595, 2451, 2965, 3991, 928, 3490, 5538, 1450, 7083, 7082, 6574, 452, 6598, 2506, 3030, 3544, 4571, 3062, 2039]"
0.04,0.03,0.45852006471420015,"[4486, 3729, 30, 3490, 32, 1697, 35, 2214, 582, 1499, 54, 1096, 73, 70, 77, 2654, 590, 2454, 754, 4864, 1521, 1009, 8177, 7671, 1461, 2359, 58, 5573, 62, 67, 1092, 951, 4468, 889, 4478, 1094, 4926, 1098, 75, 2250, 80, 1873, 5202, 920, 7069, 220, 4015, 97, 5858, 4065, 1443, 101, 614, 231, 3582, 624, 1904, 3829, 1918, 222, 7976, 6988, 1872, 7050, 382, 1231, 214, 1987, 2994, 5065, 7091, 446, 1480, 856, 3021, 8144, 7124, 806, 808, 1326, 824, 881, 1332, 4470, 4473, 4475, 458, 4484, 4495, 4496, 402, 3051, 914, 4493, 906, 4492, 442]"
0.18,0.04,0.46605089171308867,"[2, 8, 13, 14, 15, 16, 17, 1553, 527, 24, 25, 30, 32, 38, 40, 553, 4139, 1068, 49, 51, 54, 55, 58, 62, 67, 1092, 582, 1098, 75, 588, 76, 2126, 86, 5216, 614, 141, 806, 808, 824, 5971, 4436, 173, 167, 2250, 1128, 1231, 1907, 889, 382, 632, 190, 214, 220, 1904, 851, 171, 165, 1332, 2214, 231, 624, 4472, 8459, 4476, 276, 7638, 8177, 36, 6021, 2976, 3490, 428, 3374, 1873, 856, 920, 1443, 433, 1461, 951, 442, 7615, 458]"
0.55,0.02,0.38029851458266994,"[8449, 1285, 4486, 14, 527, 408, 920, 8360, 1452, 49, 4144, 54, 1075, 4149, 3128, 58, 62, 7615, 67, 1092, 70, 1094, 851, 1904, 951, 4665, 442, 8144, 7638, 7124, 3021, 446, 1009, 1474, 8136, 2120, 1521, 5707, 2774, 4065, 5601, 2660, 362, 2670, 2291, 382]"
0.12,0.02,0.4774163720139818,"[1026, 1681, 2636, 5649, 6674, 8211, 6172, 5668, 7214, 4144, 1075, 4149, 3128, 4665, 3135, 2120, 5707, 594, 2660, 8360, 5812, 1212, 192, 4801, 3778, 5827, 202, 2762, 2255, 1248, 5860, 8434, 1785, 5370, 354, 6910, 769, 4354, 260, 1285, 4359, 7946, 5388, 271, 2327, 6428, 1823, 4901, 1836, 7469, 1841, 1842, 1847, 2359, 4411, 7502, 4926, 833, 3400, 6988, 7501, 5971, 4436, 889, 5505, 7050, 920, 7069, 1443, 428, 4015, 1970, 2994, 7091, 951, 446, 1480, 8136, 3021, 8144, 7124, 7638, 3702, 8177, 1521, 1013, 7671, 3582, 282]"
0.59,0.01,0.4219469224682857,"[6658, 3081, 5897, 2571, 906, 5391, 5649, 6674, 8211, 6172, 7069, 7584, 1443, 5668, 7589, 6821, 7976, 173, 7214, 428, 4144, 582, 1096, 3400, 1098, 75, 2250, 6988, 590, 1231, 80, 5966, 1872, 3923, 214, 856, 222, 97, 614, 3185, 889, 124]"
0.39,0.02,0.46499069866431086,"[1546, 12, 13, 14, 15, 1553, 24, 25, 30, 32, 35, 40, 553, 4139, 1068, 49, 51, 54, 55, 58, 62, 67, 1092, 582, 1098, 75, 76, 588, 86, 5216, 614, 1128, 1382, 632, 6807, 190, 2832, 856, 362, 815, 316, 5448, 2381, 2250, 1231, 214, 220, 5969, 8018, 1874, 5971, 2660, 5732, 108, 5232, 3184, 3185, 5239, 5370, 3323, 638, 4388]"
0.19,0.02,0.48113972900638746,"[1026, 1681, 2636, 24, 4637, 2654, 3923, 4192, 5729, 97, 614, 6251, 3185, 5240, 3194, 124, 4236, 1684, 8360, 173, 3760, 5812, 1212, 190, 192, 4801, 3778, 5827, 202, 2762, 2250, 2255, 1231, 214, 222, 1248, 5860, 8434, 1785, 5370, 3323, 6910, 769, 7976, 1332, 4926, 833, 3400, 6988, 5966, 7502, 1872, 856, 5992, 362, 889, 904, 7050, 920, 7069, 2976, 3490, 1443, 428, 4015, 433, 2994, 7091, 1461, 951, 442, 4540, 446, 3021, 8144, 7124, 7638, 4065, 1521, 1009, 7671, 3582]"
0.69,0.01,0.36433826043778084,"[6657, 5640, 5668, 7214, 4144, 1075, 4149, 3128, 1537, 3135, 2120, 5707, 594, 2660, 5732, 108, 5232, 3184, 3185, 5239, 638, 6281, 3725, 5774, 7311, 6802, 2993, 946, 1332, 5081, 920, 1443]"
0.15,0.03,0.4653786789549025,"[6658, 54, 62, 67, 1092, 70, 1094, 582, 1098, 75, 77, 590, 630, 2696, 5258, 163, 165, 2214, 171, 2250, 1248, 5858, 5860, 8434, 1785, 5370, 3323, 6910, 4354, 260, 1285, 4359, 5388, 271, 2327, 6428, 4901, 1836, 7469, 1841, 1842, 1847, 824, 2359, 4411, 4926, 833, 3400, 6988, 7502, 5971, 4436, 7006, 4977, 893, 1918, 904, 1928, 5512, 1419, 6027, 6028, 7050, 8591, 4497, 920, 8093, 7584, 8097, 3490, 419, 1443, 6052, 2472, 4015, 2994, 7091, 951, 446, 1480, 8136, 458, 3021, 4065, 7671, 3582]"
0.09,0.03,0.4042546483486631,"[1026, 1546, 13, 527, 15, 17, 1553, 16, 20, 24, 25, 26, 30, 35, 132, 5258, 4236, 7311, 144, 5781, 163, 1733, 8394, 2251, 2774, 8434, 1785, 5370, 3323, 6910, 8448, 4354, 1285, 4359, 8459, 8460, 5388, 8463, 271, 1299, 276, 6428, 4901, 1836, 7469, 1841, 1842, 1847, 2359, 7482, 4411, 4926, 833, 3400, 6988, 5971, 4436, 7006, 3947, 4977, 893, 1928, 5512, 7050, 1419, 6028, 6027, 8590, 4497, 920, 8093, 7069, 7584, 8097, 1443, 6052, 2472, 4015, 2994, 7091, 951, 442, 446, 8136, 3021, 8144, 7124, 7638, 5601, 4065, 1009, 1521]"
0.57,0.01,0.3378094443773939,"[7298, 6027, 2571, 6028, 8590, 5649, 6674, 4497, 920, 6172, 8093, 6481, 8097, 5668, 1443, 6052, 2472, 7214, 4015, 2994, 4144, 7091, 1075, 951, 4149, 3128, 4665, 38, 1836, 7469, 2993, 1841, 1842, 1847, 2359, 7482, 4411, 4926, 833, 6996, 1733, 3400, 2251, 6988]"
0.63,0.01,0.259964864393855,"[3073, 2434, 4486, 5640, 1928, 5512, 7050, 1419, 6028, 6027, 7311, 638, 4497, 920, 8093, 4388, 4015, 2994, 7091, 1480, 2120, 3400, 5707, 6988, 7502, 594, 5971, 2660, 5732, 108, 5232, 3184, 3185, 5239, 5370, 3323, 6910, 366]"
0.81,0.01,0.2942591345841291,"[1426, 5258, 6876, 7564, 494, 1461, 2359, 220, 25, 4926, 3549, 4492, 4493, 8590, 4497, 433, 3507, 442, 7615, 1068]"
0.24,0.03,0.43531251714448826,"[1546, 12, 13, 14, 15, 1553, 24, 25, 30, 32, 35, 40, 553, 4139, 1068, 49, 51, 54, 55, 58, 62, 67, 1092, 582, 1098, 75, 76, 588, 86, 5216, 614, 1128, 624, 632, 6807, 165, 2214, 171, 172, 173, 190, 2250, 3070, 214, 220, 8459, 8460, 8463, 2832, 1299, 276, 806, 808, 7467, 1326, 3374, 1332, 824, 1873, 851, 856, 362, 1904, 881, 1907, 4468, 4472, 889, 392, 906, 4492, 4496, 920, 413, 4523, 429, 433]"
0.27,0.02,0.37749677683271854,"[6657, 5505, 5512, 5640, 1928, 7050, 1419, 6027, 8590, 7311, 4493, 4497, 6802, 4492, 1299, 276, 8591, 920, 8093, 7584, 8097, 3490, 419, 1443, 165, 2214, 6052, 2472, 1918, 2994, 7091, 951, 446, 3135, 1218, 7671, 1733, 904, 2120, 1480, 8394, 5707, 2251, 8136, 6910, 3323, 458, 3021, 594, 5971, 4436, 2774, 7006, 5601, 4065, 6028, 2660, 5732, 3582, 3947, 108, 7915, 5232, 3184, 3185, 8434, 4977, 5239, 1785, 5370, 5755, 124, 893, 638]"
0.93,0.0,0.218020093220473,"[5729, 5735, 2696, 2505, 5258, 7890, 5135, 30]"
0.09,0.02,0.41395723524992156,"[1026, 2054, 1546, 12, 17, 31, 32, 38, 594, 2660, 5732, 108, 5232, 3184, 3185, 5239, 5755, 124, 638, 5258, 4236, 5262, 7311, 5781, 1733, 8394, 2251, 7890, 2774, 8434, 247, 1785, 5370, 3323, 6910, 8448, 4354, 1285, 4359, 5388, 271, 6428, 4901, 1836, 7469, 1841, 1842, 1847, 2359, 7482, 4411, 4926, 833, 3400, 6988, 5971, 4436, 8537, 7006, 3947, 4977, 893, 1928, 5512, 7050, 6028, 6027, 8590, 4497, 920, 8093, 7069, 7584, 8097, 1443, 6052, 2472, 4015, 2994, 7091, 951, 442, 446, 8136, 3021, 8144, 7124, 7638, 5601, 4065, 1009, 1521]"
0.35,0.03,0.436699258125435,"[1, 132, 644, 2054, 260, 2696, 392, 1546, 906, 12, 4492, 527, 144, 4496, 1299, 20, 24, 162, 163, 165, 2214, 40, 553, 42, 171, 1068, 172, 173, 49, 2994, 433, 1332, 54, 58, 442, 62, 67, 1092, 70, 1094, 582, 3400, 1098, 75, 6988, 77, 590, 1231, 80, 2250, 7502, 1873, 851, 214, 856, 220, 222, 2016, 97, 2660, 614, 231, 2026, 624, 1663, 2774]"
0.03,0.04,0.44240347412974423,"[904, 13, 14, 527, 15, 1553, 24, 25, 30, 1847, 1443, 165, 2214, 171, 1068, 3374, 1461, 54, 920, 2359, 58, 5573, 62, 4926, 67, 1092, 70, 951, 1094, 582, 1098, 75, 2250, 77, 590, 80, 1873, 632, 220, 2817, 190, 2832, 362, 614, 815, 316, 624, 5448, 2381, 5969, 8018, 1874, 6996, 6998, 7511, 172, 173, 7517, 4958, 4449, 356, 851, 214, 1231, 2917, 8567, 888, 8058, 4474, 8595, 7467, 2451, 856, 2965, 8460, 8463, 8455, 1299, 276, 3991, 928, 5538, 1450, 7083, 7082, 4504, 949, 452, 7615, 2016, 458, 2026, 824, 1326, 4893, 806, 1332, 808]"
0.6,0.01,0.29050067009482716,"[8449, 4486, 14, 527, 400, 8595, 2451, 2965, 2039, 3991, 928, 5538, 1450, 7083, 7082, 6574, 4144, 49, 4149, 949, 452, 6598, 2506, 1874, 6996, 6998, 7511, 3030, 3544, 4571, 7517, 4958, 4449, 356, 2917, 4474, 3062, 8567, 888, 8058, 1770]"
0.84,0.01,0.3197991028213629,"[32, 6657, 3073, 35, 40, 5640, 553, 1068, 15, 4015, 49, 4497, 51, 7091, 2994, 920, 8093]"
0.1,0.04,0.4438754826066279,"[6658, 1553, 24, 25, 30, 32, 35, 1062, 38, 40, 553, 4139, 1068, 49, 51, 54, 55, 58, 62, 67, 1092, 582, 1098, 75, 588, 76, 86, 5216, 614, 1128, 624, 632, 644, 2696, 141, 1697, 162, 165, 2214, 171, 172, 173, 190, 193, 6346, 2250, 7372, 1231, 214, 220, 231, 8446, 8459, 8460, 1804, 8463, 2832, 1299, 276, 806, 808, 7467, 1326, 1332, 824, 1873, 851, 856, 1369, 1904, 881, 1907, 4468, 4470, 4472, 889, 4476, 3972, 4492, 920, 413, 1443, 429, 433, 946, 3507, 1461, 442, 7615, 458, 1513]"
0.37,0.03,0.47315258216548695,"[1026, 1546, 13, 527, 15, 17, 1553, 16, 20, 24, 25, 26, 30, 35, 40, 553, 42, 7727, 49, 54, 58, 62, 67, 1092, 70, 1094, 582, 1098, 75, 77, 590, 132, 4665, 1463, 951, 190, 4926, 833, 2120, 1096, 5707, 1231, 2250, 3400, 594, 80, 6988, 7502, 1872, 3923, 214, 172, 173, 851, 856, 397, 7069, 1443, 428, 1332, 4015, 2994, 433, 442]"
0.58,0.01,0.34253826595312276,"[1792, 6658, 4354, 260, 1285, 3078, 4359, 6281, 2571, 5388, 3725, 5774, 271, 5649, 6674, 8211, 2327, 4249, 6172, 6812, 6428, 5792, 1443, 6372, 5797, 4901, 1836, 7469, 7214, 3758, 4144, 1841, 1842, 1075, 4149, 1847, 3128, 4665, 2359, 4411, 4926, 3135, 833]"
0.76,0.01,0.35922109686216275,"[362, 2054, 1546, 12, 5262, 17, 5781, 5755, 31, 32, 38, 7482, 442, 7890, 5075, 247, 231, 1128, 4848, 624, 627, 3703, 6907, 124, 5484]"
0.21,0.03,0.42155494551603057,"[6658, 3078, 5897, 906, 2571, 5391, 5649, 6674, 8211, 6172, 7069, 7584, 1443, 5668, 7589, 6821, 7976, 172, 173, 7214, 4144, 3760, 4015, 428, 1075, 49, 4149, 2994, 1332, 3128, 144, 162, 54, 433, 163, 442, 62, 165, 2214, 171, 67, 1092, 70, 1094, 8459, 8460, 582, 8463, 1098, 75, 2250, 1299, 590, 1231, 276, 904, 7050, 920, 946, 2993, 2043, 7091, 4538, 446, 7615, 1987, 1480, 5065, 458, 8136, 3021, 8144, 7124, 7638, 4065, 4069, 1521, 1009, 8177, 5405]"
0.01,0.04,0.4403844894222393,"[30, 31, 32, 35, 40, 553, 42, 49, 54, 58, 62, 67, 1092, 70, 1094, 77, 590, 80, 97, 614, 624, 1663, 644, 132, 2696, 144, 1697, 162, 163, 165, 2214, 171, 172, 173, 2250, 1231, 214, 220, 231, 3829, 8446, 7423, 4354, 260, 1285, 4359, 7946, 8459, 1804, 8460, 8463, 1299, 276, 3867, 806, 808, 7467, 3374, 1326, 1332, 824, 1873, 851, 2928, 1904, 1907, 4468, 4472, 889, 4478, 4481, 4486, 392, 906, 1419, 6028, 6027, 4492, 4496, 2454, 920, 413, 3490, 1443, 429, 4015, 433, 946, 2993, 3507, 1461, 442, 6598, 2506, 3030, 3544, 4571, 3062, 2039, 4866]"
0.55,0.02,0.45797107116013014,"[458, 2696, 904, 5258, 419, 163, 920, 3490, 4015, 1443, 165, 2214, 951, 171, 54, 824, 58, 62, 67, 1092, 70, 1094, 582, 4065, 5858, 630, 152, 75, 2250, 77, 590, 7671, 1918, 3582, 80, 1873, 231, 5202, 3829, 97, 614, 5573, 624, 1904, 3374, 1847]"
0.42,0.02,0.41161075561383076,"[6658, 54, 62, 67, 1092, 70, 1094, 582, 1098, 75, 77, 370, 630, 2696, 5258, 163, 165, 2214, 171, 2250, 1248, 5858, 5860, 8434, 1785, 5370, 3323, 6910, 4354, 260, 1285, 4359, 5388, 271, 2327, 6428, 4901, 1836, 7469, 1841, 1842, 1847, 824, 2359, 4411, 4926, 833, 3400, 6988, 7502, 5512, 1928, 7050, 1419, 5971, 6027, 4497, 920, 8093]"
0.19,0.03,0.4924773019022488,"[1026, 1546, 13, 527, 15, 17, 1553, 16, 97, 24, 614, 6251, 3185, 5240, 3194, 124, 4236, 1684, 8360, 3760, 5812, 1212, 190, 192, 4801, 3778, 5827, 202, 2762, 2255, 214, 222, 1248, 5860, 8434, 1785, 5370, 3323, 6910, 173, 2250, 1231, 769, 7976, 4926, 838, 3400, 6988, 5966, 1332, 7502, 1872, 856, 904, 7050, 7069, 1443, 4015, 433, 428, 920, 1461, 2994, 442, 5992, 446, 7091, 362, 889, 2976, 3490, 8144, 7124, 7638, 4065, 3021, 1521, 1009, 951, 4540, 7671, 3582]"
0.01,0.03,0.4257153660012343,"[6658, 14, 527, 4144, 49, 1075, 4149, 54, 3128, 4665, 58, 62, 67, 1092, 70, 1094, 3185, 8360, 4801, 3778, 5827, 2762, 2255, 1248, 5860, 8434, 1785, 5370, 3323, 6910, 8449, 4354, 260, 1285, 4359, 5388, 271, 2327, 6428, 4901, 1836, 7469, 1841, 1842, 1847, 2359, 4411, 4926, 833, 3400, 6988, 7502, 851, 5971, 4436, 7006, 1904, 4977, 893, 4486, 1928, 5512, 7050, 1419, 6027, 6028, 8590, 4497, 920, 408, 8093, 7069, 7584, 8097, 1443, 6052, 2472, 1452, 4015, 1970, 2994, 7091, 951, 442, 446, 7615, 1474, 8136, 1480, 3021, 8144, 7124, 7638, 4065, 1009, 1521, 8177, 7671, 3582, 5414]"
0.02,0.04,0.43910909372597484,"[1, 14, 1553, 1068, 7214, 49, 1075, 4149, 54, 3128, 4665, 58, 62, 67, 1092, 70, 582, 2120, 1096, 1098, 5707, 75, 590, 80, 594, 97, 614, 644, 1680, 6807, 3760, 190, 2250, 1231, 214, 3829, 8446, 7423, 4354, 260, 1285, 4359, 7946, 8459, 8460, 1804, 8463, 1299, 276, 3867, 4893, 806, 808, 7467, 1326, 3374, 1332, 824, 4926, 833, 1872, 1873, 3923, 851, 2928, 1904, 881, 1907, 4468, 4472, 889, 4478, 4486, 392, 906, 4492, 4496, 2454, 920, 5019, 413, 7584, 1443, 428, 429, 4015, 433, 946, 2993, 3507, 1461, 1463, 951, 442, 7615, 458, 2016, 2026, 8014]"
0.96,0.0,0.15277509348816853,"[7564, 494, 4144, 1426, 6876]"
0.21,0.04,0.4575540506523217,"[2054, 1546, 12, 14, 527, 1553, 20, 24, 25, 30, 32, 35, 38, 40, 553, 4139, 1068, 49, 51, 54, 55, 58, 62, 67, 1092, 582, 1098, 75, 588, 76, 86, 5216, 614, 1128, 624, 632, 644, 2696, 1697, 162, 163, 8354, 165, 2214, 171, 172, 173, 190, 8459, 2832, 1299, 806, 808, 1332, 824, 1873, 851, 1904, 881, 1907, 4468, 4472, 889, 4492, 920, 413, 1443, 429, 433, 946, 3507, 1461, 442, 7615, 8136, 458, 3021, 8144, 7124, 1513]"
0.77,0.01,0.31930522048614984,"[5505, 769, 8200, 7946, 8459, 8460, 14, 527, 2832, 276, 5143, 24, 4636, 30, 165, 2214, 806, 808, 553, 5348, 1847, 2359, 4411, 889]"
0.11,0.03,0.5073200345377689,"[904, 13, 14, 527, 2054, 1546, 24, 12, 141, 20, 1443, 165, 2214, 171, 1697, 163, 1461, 54, 162, 38, 58, 3760, 62, 4926, 67, 1092, 70, 40, 1094, 582, 1098, 75, 3189, 553, 590, 80, 4538, 920, 173, 97, 172, 4065, 951, 614, 833, 3582, 433, 3400, 1096, 8136, 644, 1009, 5966, 3923, 7502, 3185, 124, 382, 222, 190, 1521, 428, 889, 1872, 7638, 6988, 8177, 214, 1013, 1231, 6021, 2976, 7050, 7069, 5065, 3490, 7976, 856, 4015, 2994, 3021, 7124, 8144, 7091, 1332, 442, 446, 1987, 1480, 458]"
0.07,0.03,0.4147954415198847,"[1026, 1546, 13, 527, 15, 17, 1553, 16, 20, 24, 25, 26, 30, 35, 40, 42, 132, 7311, 144, 162, 163, 165, 2214, 1733, 8394, 2774, 8434, 1785, 5370, 3323, 6910, 8448, 4354, 1285, 4359, 8459, 8460, 1804, 5388, 8463, 271, 1299, 6428, 4901, 1836, 7469, 1841, 1842, 1847, 2359, 7482, 4411, 4926, 833, 3400, 6988, 5971, 4436, 7006, 3947, 4977, 893, 1928, 5512, 7050, 1419, 6028, 6027, 8590, 4497, 920, 8093, 7069, 7584, 8097, 1443, 6052, 2472, 4015, 2994, 7091, 951, 442, 446, 8136, 3021, 8144, 7124, 7638, 5601, 4065, 1009, 1521, 6918]"
0.5,0.02,0.36763824234750553,"[2434, 4486, 5640, 1928, 5512, 3570, 1419, 6028, 7311, 1480, 7091, 4497, 6027, 4015, 2994, 3073, 920, 8093, 7976, 1443, 7467, 428, 165, 1326, 80, 2214, 49, 824, 171, 8446, 8459, 1332, 1179, 54, 433, 8460, 58, 1804, 442, 62, 1873, 67, 2708, 8463, 6429, 1098, 75, 806, 3280, 1907, 392]"
0.63,0.01,0.2655882078598182,"[6658, 2434, 4486, 5640, 1928, 5512, 7050, 1419, 6028, 6027, 7311, 638, 4497, 920, 8093, 4388, 4015, 2994, 7091, 1480, 2489, 5707, 7502, 3400, 594, 5971, 2660, 6988, 5732, 108, 5232, 3184, 5239, 5370, 3323, 6910, 366, 3185]"
0.6,0.02,0.44332324749069585,"[904, 13, 14, 15, 527, 1553, 141, 20, 24, 25, 1697, 162, 163, 165, 2214, 38, 40, 553, 7976, 171, 172, 173, 3760, 1332, 54, 26, 62, 4926, 833, 67, 1092, 70, 1094, 582, 1096, 1098, 75, 2250, 3400, 590, 1231]"
0.78,0.01,0.3965630339615879,"[5505, 904, 13, 14, 527, 15, 1553, 141, 20, 24, 25, 1697, 162, 163, 165, 2214, 1842, 1847, 2359, 6988, 4436, 3185, 889]"
0.25,0.03,0.4411645156825508,"[1546, 7691, 13, 14, 15, 1553, 24, 25, 30, 32, 35, 40, 553, 4139, 1068, 49, 51, 54, 55, 58, 62, 67, 1092, 582, 1098, 75, 76, 588, 86, 5216, 614, 1128, 624, 632, 6807, 165, 2214, 171, 172, 173, 190, 2250, 214, 220, 8459, 8460, 8463, 2832, 1299, 276, 7967, 806, 808, 7467, 1326, 3374, 1332, 824, 1873, 851, 856, 362, 1904, 1907, 4468, 4472, 889, 392, 906, 4492, 4496, 920, 413, 4523, 429, 3070]"
0.99,0.0,0.05281602619367076,"[2993, 66]"
0.34,0.03,0.4264872869862373,"[2, 1419, 6028, 13, 14, 15, 16, 17, 1553, 527, 8590, 24, 25, 920, 6428, 30, 32, 1697, 1443, 4901, 38, 2214, 40, 553, 4139, 1068, 428, 429, 1836, 7469, 49, 2993, 51, 946, 1841, 54, 55, 1842, 1847, 2359, 4411, 4926, 833, 3400, 76, 6988, 7890, 851, 5971, 4436, 4476, 7006, 3302, 3947, 1904, 4977, 8434, 1907, 4468, 6395, 4472, 889, 5370, 3323, 124, 893, 6910]"
0.04,0.02,0.4108370091024597,"[1792, 6657, 5668, 7638, 7214, 3021, 4144, 1075, 4065, 4901, 2359, 4411, 1842, 8136, 4149, 3128, 4665, 3135, 2120, 5707, 594, 2660, 5732, 108, 5232, 3184, 3185, 5239, 638, 6281, 3725, 5774, 7311, 6802, 4249, 6812, 5792, 6821, 5797, 3758, 5370, 3323, 6910, 4354, 260, 1285, 4359, 5378, 271, 2327, 6428, 284, 1836, 7469, 1841, 1847, 1339, 4926, 833, 3400, 6988, 7502, 4436, 7006, 4977, 893, 1928, 5512, 7050, 1419, 7564, 6028, 8590, 6027, 4497, 920, 7069, 8093, 7584, 8097, 1443, 6052, 7589, 2472, 4015, 2994, 7091, 951, 1981, 446, 1480, 8144, 7124, 1521, 1009, 8177, 6746]"
0.92,0.0,0.23293423909019806,"[5505, 769, 8200, 7946, 8459, 14, 527, 4149, 8441]"
0.66,0.01,0.3059091300036004,"[362, 4523, 3725, 5774, 271, 5649, 6674, 8211, 3557, 4249, 6172, 6812, 6428, 5792, 1443, 6372, 5797, 4901, 1836, 7469, 7214, 3758, 4144, 1841, 1842, 1075, 4149, 1847, 3128, 4665, 2359, 4411, 4926, 3135, 833]"
0.85,0.01,0.31033786656549667,"[1128, 22, 4486, 80, 6988, 5966, 1872, 3923, 214, 856, 222, 97, 614, 3185, 889, 124]"
0.85,0.01,0.30671382034670003,"[4486, 392, 40, 906, 5640, 4492, 553, 1068, 15, 4015, 49, 51, 7091, 2994, 920, 8093]"
0.35,0.03,0.42875426878072964,"[1026, 132, 4484, 392, 1928, 1546, 8459, 8460, 13, 1804, 527, 15, 17, 1553, 16, 20, 144, 8463, 1299, 24, 25, 26, 920, 3490, 276, 30, 162, 163, 35, 165, 2214, 1443, 40, 553, 42, 1068, 172, 173, 806, 808, 49, 946, 433, 1332, 1461, 54, 3374, 824, 58, 442, 62, 7615, 67, 458, 906, 1873, 8590, 4495, 4496, 1419, 3302, 402, 914, 6028, 893, 382]"
0.92,0.0,0.24788312829104853,"[5729, 5505, 769, 8200, 7946, 202, 5135, 30, 7822]"
0.91,0.0,0.21306641713110575,"[884, 6658, 4354, 260, 1285, 3078, 4359, 6281, 2571, 5388]"
0.75,0.01,0.2706810286788026,"[2434, 4486, 1928, 5512, 7050, 1419, 6028, 6027, 8590, 7311, 4493, 4497, 6802, 1299, 276, 4492, 920, 8093, 7069, 7584, 32, 1697, 7589, 6821, 3256, 567]"
0.15,0.04,0.4449125591693638,"[2054, 1546, 12, 14, 527, 20, 24, 40, 553, 49, 38, 54, 644, 2696, 141, 1697, 162, 163, 1553, 1513, 4139, 1299, 172, 32, 173, 165, 2214, 25, 51, 413, 30, 35, 1068, 4492, 429, 3507, 946, 824, 7617, 458, 55, 1873, 851, 58, 8459, 1332, 62, 1904, 881, 67, 4468, 4472, 889, 1092, 582, 1098, 1907, 75, 588, 76, 2832, 86, 5216, 614, 632, 624, 171, 1128, 190, 2250, 1231, 214, 220, 8446, 8460, 1804, 8463, 231, 920, 276, 806, 433, 808, 7467, 1461, 442]"
0.46,0.02,0.4524348060490009,"[4359, 5258, 7564, 5388, 271, 4114, 6428, 4901, 38, 40, 553, 7976, 171, 1836, 7469, 172, 173, 3760, 1332, 54, 58, 62, 4926, 833, 67, 1092, 70, 1094, 582, 1096, 1098, 75, 6988, 2250, 7502, 3400, 590, 1231, 7890, 80, 5966, 1872, 3923, 214, 856, 6876, 222, 97, 614, 494, 3185, 889, 124, 254, 52]"
0.35,0.03,0.4359664211831942,"[1026, 132, 1546, 8459, 8460, 13, 20, 527, 15, 17, 1553, 16, 144, 1804, 8463, 1299, 24, 25, 26, 162, 30, 163, 35, 920, 165, 2214, 42, 40, 553, 946, 171, 1068, 172, 173, 49, 433, 1443, 1332, 1461, 54, 58, 442, 62, 7615, 67, 1092, 1288, 86, 582, 1098, 75, 2250, 5216, 1231, 632, 214, 1128, 220, 190, 1904, 614, 851, 1907, 4472, 231, 624]"
0.09,0.02,0.386413782281123,"[6657, 7214, 4144, 1075, 4149, 3128, 4665, 3135, 2120, 5707, 594, 2660, 108, 5232, 3184, 3185, 5239, 5755, 124, 638, 5258, 4236, 7311, 5781, 1733, 8394, 2251, 2774, 8434, 1785, 5370, 3323, 6910, 1792, 8448, 4354, 1285, 4359, 5388, 271, 6428, 4901, 1836, 7469, 1841, 1842, 2359, 1847, 7482, 4411, 4926, 833, 3400, 6988, 5971, 4436, 7006, 3947, 4977, 893, 1928, 5512, 7050, 1419, 6027, 6028, 8590, 4497, 920, 8093, 7069, 7584, 8097, 1443, 6052, 2472, 4015, 2994, 7091, 951, 442, 446, 8136, 3021, 8144, 7124, 7638, 4065, 5601, 1009, 1521, 501]"
0.11,0.03,0.5010809109368197,"[1128, 1, 904, 1546, 12, 141, 14, 527, 20, 24, 1697, 163, 165, 162, 38, 54, 3760, 58, 2214, 40, 553, 62, 4538, 4926, 1599, 67, 1092, 70, 172, 1094, 833, 433, 3400, 1096, 8136, 582, 1098, 644, 75, 5966, 590, 80, 3923, 97, 7502, 614, 3185, 124, 4065, 190, 2250, 1521, 1231, 1009, 214, 222, 7976, 1332, 382, 6988, 1872, 889, 7050, 856, 7069, 1987, 1443, 428, 4015, 2994, 5065, 7091, 1461, 446, 1480, 458, 3021, 8144, 7124, 7638, 171, 8177, 1013, 6021, 3582, 2976, 442, 951, 920, 3490]"
0.61,0.02,0.37272272247594895,"[6658, 1553, 24, 25, 30, 32, 35, 3125, 73, 77, 590, 427, 8460, 1804, 8463, 54, 276, 920, 1697, 1443, 1092, 582, 2214, 806, 808, 7467, 1326, 1461, 442, 190, 2250, 1231, 214, 856, 1369, 220, 231, 4470, 4476, 8446]"
0.09,0.04,0.450285348269583,"[5649, 6674, 12, 14, 32, 527, 20, 24, 38, 40, 553, 49, 54, 644, 2696, 141, 162, 163, 1553, 1513, 4139, 1299, 172, 173, 165, 2214, 25, 51, 413, 294, 35, 1697, 1068, 4492, 429, 3507, 946, 824, 7615, 458, 55, 1873, 851, 58, 8459, 1332, 62, 1904, 881, 67, 4468, 4472, 889, 1092, 582, 1098, 1907, 75, 588, 76, 2832, 86, 5216, 614, 1128, 624, 632, 171, 190, 2250, 1231, 214, 220, 231, 8446, 8460, 1804, 8463, 920, 276, 806, 433, 808, 7467, 1461, 1443, 442, 1326, 1369, 856, 4470, 4476]"
0.69,0.01,0.3611401808518866,"[3947, 1680, 2993, 1651, 6802, 3923, 920, 413, 1872, 1443, 429, 433, 946, 3507, 1461, 442, 4540, 7615, 458, 7890, 1499, 2016, 2026, 1904, 881, 1907, 4468, 4472, 889, 3709, 4478, 4708]"
0.7,0.01,0.3787651618284271,"[1026, 35, 1092, 2214, 70, 392, 590, 1546, 906, 12, 13, 38, 2993, 6807, 14, 54, 15, 4496, 1553, 32, 1513, 4801, 3778, 5827, 202, 2762, 2257, 24, 1248, 8136, 3021]"
0.18,0.04,0.46046447331497387,"[5505, 8, 864, 14, 527, 16, 1553, 141, 15, 24, 25, 17, 30, 32, 38, 40, 553, 4139, 1068, 49, 51, 54, 889, 4436, 165, 2214, 55, 58, 62, 67, 1092, 582, 1098, 75, 588, 76, 2126, 86, 5216, 614, 806, 808, 824, 5971, 173, 167, 2250, 1128, 1231, 1907, 382, 632, 190, 214, 220, 1904, 851, 171, 1332, 231, 624, 4472, 8459, 4476, 276, 7638, 8177, 36, 6021, 2976, 3490, 428, 3374, 1873, 856, 920, 1443, 433, 1461, 951, 442, 7615, 458]"
0.21,0.03,0.4407928953291925,"[1026, 1546, 13, 15, 527, 17, 1553, 16, 20, 24, 25, 26, 30, 35, 40, 553, 42, 1068, 49, 575, 58, 62, 67, 1092, 70, 1094, 582, 1098, 75, 77, 590, 80, 97, 614, 624, 1663, 214, 220, 231, 3829, 8446, 1804, 3867, 806, 808, 7467, 1231, 7050, 2250, 428, 4015, 7091, 446, 3021, 8144, 7124, 7638, 171, 172, 173, 163, 165, 2214, 162, 132, 8459, 144, 8460, 8463, 1299, 276, 920, 1443, 2993, 946, 1332, 433, 1461, 442, 458]"
0.03,0.04,0.46417227717505494,"[6657, 3073, 527, 15, 17, 1553, 16, 24, 25, 26, 30, 32, 35, 40, 553, 42, 1068, 49, 54, 58, 62, 67, 1092, 582, 1098, 75, 2126, 86, 5216, 614, 1128, 624, 632, 144, 162, 163, 165, 2214, 171, 172, 173, 190, 2250, 1231, 214, 220, 231, 8446, 4875, 1804, 8463, 1299, 276, 806, 808, 1326, 3374, 1332, 824, 1873, 851, 856, 1904, 881, 1907, 4468, 4470, 4472, 889, 4473, 4475, 4476, 4478, 382, 4484, 4486, 906, 4492, 4493, 4495, 4496, 402, 914, 2454, 920, 413, 3490, 1443, 428, 429, 433, 946, 1461, 951, 442, 7615, 458, 5247]"
0.45,0.01,0.3213868894094244,"[362, 4523, 3810, 5865, 5363, 4346, 5882, 7502, 768, 3344, 4882, 5907, 2841, 1315, 7459, 3880, 1538, 7982, 815, 316, 5448, 2381, 5969, 8018, 1874, 6996, 6998, 7511, 7517, 4958, 4449, 356, 2917, 8567, 888, 8058, 4474, 8595, 2451, 2965, 3991, 928, 5538, 1450, 7083, 7082, 6574, 949, 452, 6598, 2506, 3030, 3544, 4571, 3062, 2039]"
0.19,0.03,0.49973421292344833,"[1, 644, 2054, 1546, 12, 141, 14, 527, 20, 24, 1697, 920, 162, 163, 1443, 165, 38, 2214, 40, 553, 7976, 171, 172, 173, 3760, 433, 1332, 1461, 54, 58, 62, 190, 833, 4926, 1248, 5860, 8434, 1785, 5370, 3323, 6910, 3400, 6988, 769, 5966, 838, 1231, 906, 7502, 1872, 7050, 214, 856, 222, 97, 614, 3185, 889, 124, 7069, 2250, 4015, 428, 2994, 442, 5992, 446, 7091, 362, 2976, 3490, 8144, 7124, 7638, 4065, 3021, 1521, 1009, 951, 4540, 7671, 3582]"
0.09,0.04,0.44397767006204525,"[1792, 6658, 4354, 260, 1285, 3078, 4359, 6281, 2571, 5388, 3725, 5774, 271, 2669, 6674, 1697, 162, 163, 1553, 32, 1513, 4139, 1443, 1299, 172, 173, 165, 2214, 25, 51, 413, 30, 35, 1068, 4492, 429, 3507, 946, 824, 7615, 458, 55, 1873, 851, 58, 8459, 1332, 62, 1904, 881, 67, 4468, 4472, 889, 1092, 582, 1098, 1907, 75, 588, 76, 2832, 86, 5216, 614, 1128, 624, 632, 171, 190, 2250, 1231, 214, 220, 231, 8446, 8460, 1804, 8463, 920, 276, 806, 433, 808, 7467, 1461, 442, 1326, 1369, 856, 4470, 4476]"
0.27,0.03,0.44784020818935,"[4359, 5258, 7564, 5388, 271, 2832, 4114, 276, 5143, 24, 6428, 4636, 30, 4901, 165, 2214, 806, 553, 808, 171, 172, 173, 1068, 1326, 3374, 49, 433, 3507, 1332, 1461, 55, 824, 58, 442, 62, 7615, 190, 67, 1092, 582, 2250, 75, 1098, 202, 458, 1231, 7501, 76, 1873, 588, 851, 977, 214, 86, 856, 1500, 220, 2654, 4192, 5729, 5216, 614, 231, 1128, 632, 1904, 881, 624, 1907, 4468, 4472, 889, 5240, 6787]"
0.87,0.01,0.26066377989043954,"[5258, 7564, 494, 766, 881, 7890, 1904, 1907, 4468, 4472, 889, 6876, 8446, 1663]"
0.4,0.02,0.47090821470338007,"[1026, 1546, 4236, 13, 15, 527, 17, 1553, 16, 1684, 24, 920, 1443, 8360, 7976, 173, 3760, 433, 5812, 1332, 1461, 1212, 190, 4926, 192, 4801, 3778, 5827, 67, 70, 1094, 1096, 582, 202, 2762, 1098, 75, 590, 2255, 80, 2250, 1231, 3923, 3400, 6988, 214, 5966, 856, 1872, 222, 97, 614, 6251, 3185, 7502, 5240, 889, 3194, 124, 382, 3799]"
0.98,0.0,0.05030693557590393,"[6658, 66, 7822]"
0.71,0.02,0.3582729914765014,"[6658, 1553, 24, 25, 30, 32, 35, 3125, 73, 77, 590, 427, 8460, 1804, 1189, 54, 276, 920, 1697, 1443, 1092, 582, 2214, 806, 808, 7467, 1326, 1461, 4476, 8446]"
0.46,0.02,0.4352377007171442,"[1792, 6657, 501, 7638, 3021, 1970, 4065, 4901, 8136, 1842, 2359, 4411, 920, 165, 2214, 42, 40, 553, 946, 171, 1068, 172, 173, 49, 433, 1443, 1903, 1461, 54, 58, 442, 62, 7615, 67, 1092, 1288, 86, 582, 1098, 75, 2250, 5216, 1231, 632, 214, 1128, 220, 190, 1904, 614, 851, 1907, 4472, 231, 624]"
0.16,0.04,0.4460294195909301,"[25, 30, 35, 1068, 51, 54, 55, 58, 62, 67, 1092, 70, 1094, 582, 1098, 75, 588, 77, 590, 76, 80, 5202, 5216, 97, 614, 1128, 624, 630, 632, 2696, 5258, 163, 165, 2214, 171, 190, 2250, 1231, 214, 220, 5858, 231, 3829, 8446, 8459, 8460, 1804, 8463, 2832, 276, 806, 808, 7467, 1332, 824, 1873, 851, 1904, 881, 1907, 4468, 4472, 889, 1918, 904, 4492, 920, 413, 3490, 419, 1443, 429, 4015, 433, 946, 3507, 1461, 951, 442, 7617, 5573, 458, 4065, 7671, 3582]"
0.61,0.02,0.3871927012528166,"[4486, 3369, 173, 806, 808, 49, 946, 433, 1332, 1461, 54, 1326, 58, 442, 62, 873, 190, 67, 1092, 582, 1098, 75, 2250, 2126, 1231, 851, 86, 214, 220, 5216, 4472, 614, 1128, 1904, 624, 1907, 632, 889, 4476, 8446]"
0.85,0.01,0.2859614813028759,"[5505, 769, 8200, 7947, 8459, 4492, 553, 1068, 15, 4015, 49, 51, 7091, 2994, 920, 8093]"
0.97,0.0,0.14516335786327506,"[1426, 5258, 4997, 7564]"
0.52,0.02,0.40275149523638876,"[4200, 4486, 392, 906, 4492, 4496, 2454, 920, 2073, 413, 1443, 1062, 553, 42, 171, 428, 172, 173, 49, 946, 433, 1461, 54, 824, 58, 442, 62, 7615, 193, 67, 1092, 70, 1094, 582, 1098, 2250, 77, 590, 1231, 1873, 851, 4666, 4069, 1904, 881, 1907, 5331, 4472, 889]"
0.1,0.03,0.41890527275905287,"[6658, 54, 62, 67, 1092, 70, 1094, 582, 1098, 75, 77, 630, 5239, 5755, 124, 638, 2696, 5258, 4236, 7311, 5781, 163, 165, 1733, 8394, 2251, 2774, 8434, 1785, 5370, 3323, 6910, 1792, 8448, 4354, 1285, 4359, 5388, 271, 6428, 4901, 1836, 7469, 1841, 1842, 1847, 2359, 7482, 4411, 4926, 833, 3400, 6988, 5971, 4436, 7006, 3947, 4977, 370, 893, 5512, 1928, 7050, 1419, 6028, 6027, 8590, 4497, 920, 7069, 8093, 7584, 8097, 1443, 6052, 2472, 2994, 7091, 951, 442, 446, 8136, 3021, 8144, 7124, 7638, 4065, 5601, 1009, 1521, 501]"
0.82,0.01,0.3158105277629889,"[1026, 4478, 132, 4486, 1555, 1546, 8459, 8460, 13, 1804, 15, 527, 17, 1553, 16, 97, 614, 80, 889]"
0.41,0.03,0.4366901051794798,"[644, 2054, 2696, 1546, 906, 12, 141, 14, 527, 4493, 1553, 8590, 1299, 20, 4497, 24, 25, 920, 32, 1697, 162, 163, 165, 2214, 40, 553, 4139, 172, 173, 3374, 1068, 171, 49, 433, 3507, 1461, 54, 1847, 2359, 824, 58, 442, 4926, 7615, 62, 67, 1092, 582, 4492, 458, 1098, 75, 2250, 1873, 220, 614, 231, 1513, 1904, 624]"
0.38,0.02,0.4085019448359345,"[2993, 260, 1285, 4359, 1291, 7564, 5388, 527, 271, 1326, 788, 2327, 24, 25, 7069, 8093, 1823, 1443, 4901, 2472, 808, 7467, 428, 1836, 172, 173, 3760, 7469, 1034, 433, 1841, 1842, 1332, 1847, 2359, 951, 1461, 1339, 4411, 442, 4926, 1728, 833, 4801, 3778, 5827, 2758, 3400, 2762, 458, 2255, 1231, 3156, 214, 856, 1372, 220, 5860, 1663, 8434, 4470, 254, 1785]"
0.76,0.01,0.2742067710253312,"[5505, 769, 8200, 7946, 8459, 14, 527, 4149, 8441, 1836, 7469, 2429, 3758, 4144, 1841, 1842, 1075, 1847, 3128, 4665, 2359, 4411, 4926, 3135, 833]"
0.94,0.0,0.2485687691964622,"[1026, 132, 1546, 8459, 6802, 3923, 8205]"
0.41,0.03,0.41274475884543305,"[1026, 4478, 132, 4486, 392, 1546, 8459, 8460, 13, 1804, 15, 527, 17, 1553, 16, 20, 144, 8463, 276, 24, 25, 26, 6429, 30, 35, 1466, 165, 806, 2214, 40, 808, 42, 7467, 1068, 171, 1326, 3374, 49, 1332, 1461, 54, 824, 58, 62, 67, 1092, 70, 1094, 582, 1098, 75, 2250, 77, 590, 458, 80, 1873, 851, 97, 614]"
0.92,0.01,0.2562723811053518,"[4486, 392, 40, 6828, 5640, 14, 527, 4149, 8441]"
0.68,0.01,0.3751460704220314,"[5126, 2434, 769, 4065, 4354, 8560, 8136, 2359, 4411, 1285, 4359, 25, 26, 30, 35, 40, 553, 42, 7727, 49, 173, 54, 58, 7069, 62, 67, 1092, 70, 8459, 2994, 4015, 7091, 920]"
0.23,0.02,0.38922295189177125,"[6658, 1553, 24, 25, 30, 32, 35, 3125, 73, 77, 590, 108, 5232, 3184, 3185, 5239, 5755, 124, 638, 5258, 4236, 7311, 5781, 1733, 8394, 2251, 2774, 8434, 1785, 5370, 3323, 6910, 8448, 4354, 1285, 4359, 8460, 1804, 5388, 271, 6428, 4901, 1836, 7469, 1841, 1842, 1847, 2359, 7482, 4411, 4926, 833, 3400, 6988, 5971, 4436, 7006, 3947, 4977, 893, 1928, 5512, 7050, 1419, 4492, 906, 7069, 3490, 427, 2994, 951, 442, 8136, 5601, 4065, 1521, 1009, 2729]"
0.64,0.01,0.34751693739027534,"[5729, 769, 5505, 8200, 7946, 202, 14, 527, 7501, 5143, 24, 4636, 2654, 4192, 6251, 5240, 3194, 4236, 7309, 1684, 1823, 8360, 5812, 1212, 192, 1970, 4801, 3778, 5827, 2762, 2255, 1248, 5860, 8434, 1785, 5370, 3323]"
0.26,0.03,0.42951031180478294,"[2696, 904, 5258, 8459, 8460, 392, 906, 8463, 2832, 4496, 4492, 1299, 276, 920, 25, 413, 7967, 3490, 419, 163, 1443, 165, 2214, 806, 808, 171, 7467, 4523, 1326, 4015, 3374, 429, 1068, 1332, 54, 951, 824, 58, 190, 67, 1092, 70, 1094, 582, 458, 1098, 75, 2250, 77, 590, 80, 1873, 5202, 851, 214, 3070, 856, 220, 4065, 5858, 97, 3582, 231, 614, 362, 624, 1904, 1907, 4468, 3829, 630, 7671, 4472, 889, 1918]"
0.88,0.01,0.29545253066492405,"[163, 35, 4486, 392, 5640, 40, 6828, 14, 527, 4149, 8441, 30, 5994]"
0.43,0.03,0.42494251141618167,"[1026, 132, 1546, 8459, 8460, 13, 20, 527, 15, 17, 1553, 16, 144, 1804, 8463, 1299, 24, 25, 26, 162, 30, 163, 35, 920, 165, 2214, 42, 40, 553, 946, 171, 1068, 172, 7467, 49, 433, 428, 1332, 1326, 54, 148, 80, 62, 442, 67, 824, 8446, 1443, 1179, 1098, 75, 1873, 2708, 6429, 806, 3280, 392, 1907]"
0.4,0.02,0.40008280170353405,"[1792, 6657, 5640, 7311, 6802, 7069, 7589, 6821, 1339, 1993, 8265, 2640, 1746, 3923, 1626, 4448, 4960, 5858, 4065, 101, 6118, 3582, 2537, 3562, 3947, 1270, 7671, 8441, 254, 214, 220, 1904, 851, 171, 165, 1332, 2214, 231, 624, 4472, 8459, 4476, 276, 7638, 8177, 36, 6021, 2976, 3490, 428, 3374, 1873, 856, 920, 1443, 433, 1461, 3072, 442, 7615, 458]"
0.25,0.02,0.4141460907129936,"[6658, 1553, 24, 25, 30, 32, 35, 3125, 54, 1092, 582, 73, 77, 590, 4236, 7311, 5781, 1697, 1189, 2214, 1733, 8394, 2251, 2774, 8434, 1785, 5370, 3323, 6910, 8448, 4354, 1285, 4359, 8460, 1804, 5388, 271, 276, 6428, 4901, 1836, 7469, 1841, 1842, 1847, 2359, 7482, 4411, 4926, 833, 3400, 6988, 5971, 4436, 7006, 3947, 4977, 893, 1928, 5512, 7050, 906, 4492, 920, 7069, 3490, 1443, 427, 2994, 951, 442, 8136, 5601, 4065, 1521, 1009]"
0.56,0.02,0.439173062761542,"[1026, 1546, 4236, 13, 15, 527, 17, 1553, 16, 1684, 24, 920, 1466, 8360, 7976, 173, 3760, 433, 5812, 1332, 1461, 1212, 190, 4926, 192, 4801, 3778, 5827, 67, 70, 1094, 1096, 582, 202, 2762, 1098, 75, 590, 2255, 80, 2250, 1231, 3923, 3400, 6988]"
0.12,0.03,0.4989390933860909,"[458, 2696, 904, 5258, 419, 163, 920, 3490, 165, 4015, 2214, 1443, 171, 951, 54, 824, 58, 62, 67, 1092, 70, 1094, 582, 4065, 5858, 630, 152, 75, 2250, 77, 590, 1918, 80, 3582, 1873, 7671, 16, 5202, 3829, 97, 614, 5573, 769, 4354, 260, 1285, 4359, 7946, 5388, 1847, 271, 2327, 6428, 1823, 4901, 1836, 7469, 1841, 1842, 2359, 4411, 7502, 4926, 833, 3400, 6988, 7501, 5971, 4436, 889, 5505, 7050, 7069, 428, 1970, 2994, 7091, 446, 1480, 8136, 3021, 8144, 7124, 7638, 3702, 8177, 1521, 1013, 282]"
0.12,0.03,0.5027835963636549,"[904, 13, 14, 527, 2054, 1546, 24, 12, 1443, 1461, 20, 165, 2214, 171, 3189, 4538, 141, 54, 1697, 163, 58, 920, 62, 4926, 67, 1092, 70, 38, 1094, 582, 1098, 75, 3760, 4065, 590, 80, 951, 162, 3582, 97, 433, 8136, 644, 614, 40, 1009, 6244, 382, 190, 1521, 553, 3400, 428, 7638, 5966, 3185, 124, 3923, 8177, 1096, 173, 833, 222, 889, 1013, 6021, 172, 2976, 7050, 7069, 1872, 5065, 3490, 214, 4015, 2994, 3021, 6988, 7124, 8144, 1231, 7091, 442, 856, 446, 1987, 1480, 7976, 1332]"
0.08,0.03,0.39122472081777726,"[8200, 14, 527, 5143, 24, 4636, 42, 2654, 4192, 5729, 6251, 132, 7311, 144, 162, 163, 165, 2214, 1733, 202, 8394, 2774, 8434, 1785, 5370, 3323, 6910, 8448, 769, 4354, 1285, 6918, 4359, 7946, 8459, 8460, 1804, 5388, 8463, 271, 1299, 6428, 4901, 1836, 7469, 1841, 1842, 1847, 2359, 7482, 4411, 4926, 833, 3400, 6988, 7501, 5971, 4436, 7006, 3947, 4977, 5505, 1928, 5512, 7050, 1419, 6027, 6028, 8590, 4497, 920, 7069, 8093, 7584, 8097, 1443, 6052, 2472, 4015, 2994, 7091, 951, 442, 446, 8136, 3021, 8144, 7124, 7638, 5601, 4065, 1009, 1521]"
0.5,0.02,0.3797621200719794,"[8448, 6657, 4354, 1285, 4359, 5640, 1928, 1804, 527, 8463, 2708, 408, 1179, 6429, 8093, 1443, 165, 2214, 806, 8360, 7467, 428, 171, 1326, 4144, 49, 433, 1075, 1332, 54, 3128, 824, 442, 58, 62, 67, 1092, 70, 1094, 2121, 1098, 75, 80, 1873, 3280, 851, 1904, 1907, 4468, 4472, 8446]"
0.9,0.0,0.262696354350488,"[3947, 1680, 2993, 92, 6802, 3923, 1907, 632, 889, 4476, 8446]"
0.31,0.02,0.4788183444441405,"[769, 4354, 5505, 260, 4359, 7050, 1419, 6028, 6027, 7946, 5388, 271, 4114, 2327, 920, 6428, 30, 31, 32, 1697, 3490, 35, 163, 1443, 38, 2214, 40, 553, 42, 4139, 428, 4901, 1836, 4015, 7469, 49, 1842, 54, 1847, 2359, 58, 4411, 62, 4926, 833, 5827, 67, 1092, 1094, 3400, 202, 2762, 2123, 7501, 6988, 2255, 7502, 1823, 4436, 2390, 889, 1248, 5729, 354, 5860, 4973, 3185, 8434, 1785, 6910]"
0.73,0.0,0.27648929825417357,"[768, 1538, 3344, 4882, 5907, 2841, 1315, 7459, 3880, 4523, 7982, 815, 316, 5448, 2381, 7502, 5969, 8018, 1874, 6996, 6998, 3810, 5865, 362, 4346, 5363, 5882, 5319]"
0.55,0.01,0.40814981882471146,"[1026, 1681, 2636, 5649, 6674, 2774, 6172, 5668, 7214, 4144, 1075, 4149, 3128, 4665, 3135, 2120, 5707, 594, 2660, 8360, 5812, 1212, 192, 4801, 3778, 5827, 202, 2762, 2255, 1248, 5860, 8434, 1785, 5370, 354, 6910, 624, 1904, 3374, 1443, 7671, 1847, 4015, 951, 920, 3582]"
0.81,0.01,0.35245444332144704,"[4492, 920, 413, 3490, 419, 1443, 429, 4015, 2993, 433, 946, 3507, 1461, 951, 442, 7617, 5573, 458, 7671, 3582]"
0.66,0.02,0.3902106824240238,"[4486, 3369, 173, 806, 808, 49, 772, 433, 1332, 1461, 54, 1326, 58, 442, 62, 873, 190, 67, 1092, 582, 1098, 75, 2250, 2126, 1231, 851, 86, 214, 220, 5216, 4472, 614, 1128, 1904, 624]"
0.38,0.02,0.40504374474261506,"[5505, 769, 8200, 7947, 8459, 4492, 1068, 553, 15, 4015, 49, 51, 7091, 8093, 920, 2994, 1094, 582, 1098, 75, 2250, 77, 1231, 590, 132, 144, 162, 163, 165, 2214, 171, 3923, 172, 8460, 8463, 1299, 1332, 276, 946, 2993, 1009, 1521, 4538, 7612, 3526, 5285, 5065, 458, 4069, 8177, 5405, 904, 7050, 1443, 428, 433, 1461, 442, 446, 3021, 8144, 7124, 7638]"
0.29,0.02,0.4254019325069769,"[1, 644, 2054, 1546, 7050, 12, 141, 14, 527, 6028, 271, 8590, 4497, 20, 2327, 920, 24, 6428, 8093, 7069, 7584, 1697, 8097, 1443, 6052, 4901, 2472, 1836, 7469, 2863, 4015, 1841, 1842, 2994, 7091, 1847, 2359, 951, 4411, 4926, 446, 833, 5827, 1480, 8136, 2762, 3400, 6988, 3021, 7502, 2255, 8144, 5971, 4436, 7124, 7638, 7006, 1248, 4065, 5860, 3582, 4977, 8434, 8177, 1521, 1009, 7671, 1785, 5370, 3323, 893, 6910]"
0.49,0.02,0.46990080285050373,"[2, 8, 13, 14, 15, 16, 17, 1553, 527, 141, 24, 25, 30, 32, 38, 806, 40, 553, 808, 4139, 1068, 173, 167, 49, 51, 54, 55, 824, 58, 62, 190, 67, 1092, 582, 1098, 75, 588, 76, 2126, 2250, 1231, 5971, 4436, 86, 5216, 614, 1128, 1907, 632, 889, 382, 6148]"
0.35,0.03,0.3978669122965136,"[2434, 4486, 3256, 1928, 5512, 7050, 1419, 6028, 6027, 7311, 8590, 4497, 6802, 1299, 920, 4493, 276, 8093, 4474, 7069, 7584, 7589, 6821, 32, 1697, 7976, 1443, 173, 1461, 165, 7615, 1092, 2214, 49, 1288, 86, 171, 582, 1332, 2250, 54, 5216, 1231, 58, 433, 632, 62, 442, 67, 214, 1128, 8459, 1098, 75, 220, 190, 1907, 1904, 614, 8460, 851, 1804, 4472, 231, 624, 8463]"
0.2,0.04,0.44436734861261173,"[2054, 1546, 12, 14, 527, 20, 24, 38, 7539, 553, 49, 54, 644, 2696, 141, 1697, 162, 163, 1553, 32, 1513, 4139, 1299, 172, 173, 165, 2214, 25, 51, 413, 30, 35, 1068, 4492, 429, 3507, 946, 824, 7615, 458, 55, 1873, 851, 58, 8459, 1332, 62, 1904, 881, 67, 4468, 4472, 889, 1092, 582, 1098, 1907, 75, 588, 76, 2832, 86, 5216, 614, 1128, 624, 632, 171, 190, 2250, 1231, 214, 220, 231, 8446, 8460, 1804, 8463, 920, 276, 806]"
0.17,0.04,0.4413800341297176,"[30, 35, 1068, 51, 54, 55, 58, 62, 67, 1092, 70, 1094, 582, 75, 588, 77, 590, 76, 80, 5202, 5216, 97, 614, 1128, 624, 630, 632, 2696, 5258, 163, 165, 2214, 171, 190, 2250, 1231, 214, 220, 5858, 231, 3829, 8446, 8459, 8460, 1804, 8463, 2832, 276, 806, 808, 7467, 1332, 824, 1873, 851, 362, 1904, 881, 1907, 4468, 4472, 889, 1918, 904, 4492, 920, 413, 3490, 419, 1443, 429, 4015, 433, 946, 3507, 1461, 951, 442, 7617, 5573, 458, 4065, 7671, 3582]"
0.11,0.03,0.4162630849843064,"[54, 62, 67, 1092, 70, 1094, 582, 1098, 75, 77, 630, 5239, 5755, 124, 638, 2696, 5258, 4236, 7311, 5781, 163, 165, 1733, 8394, 2251, 2774, 8434, 1785, 5370, 3323, 6910, 1792, 8448, 4354, 1285, 4359, 5388, 271, 6428, 4901, 1836, 7469, 1841, 1842, 1847, 2359, 7482, 4926, 833, 3400, 6988, 5971, 4436, 7006, 3947, 4977, 370, 893, 4486, 5512, 1928, 7050, 1419, 6028, 6027, 8590, 4497, 920, 7069, 8093, 7584, 8097, 1443, 6052, 2472, 2994, 7091, 951, 442, 446, 8136, 3021, 8144, 7124, 7638, 4065, 5601, 1009, 1521, 501]"
0.36,0.03,0.4141971539784721,"[1792, 6658, 4354, 260, 1285, 3078, 4359, 1288, 6281, 2571, 5388, 3725, 5774, 4493, 8459, 8460, 6802, 1299, 276, 1804, 8463, 920, 8093, 7069, 7584, 1697, 1443, 7589, 6821, 165, 7976, 2214, 171, 173, 49, 433, 1332, 1461, 54, 58, 442, 62, 7615, 190, 67, 1092, 582, 2250, 1098, 75, 1231, 851, 86, 214, 220, 5216, 4472, 614, 231, 1128, 1904, 624, 1907, 632, 4474]"
0.23,0.02,0.39241738715951613,"[5258, 7564, 494, 766, 25, 30, 32, 35, 3125, 73, 77, 590, 108, 5232, 3184, 3185, 5239, 5755, 124, 638, 4236, 7311, 5781, 1733, 8394, 2251, 2774, 8434, 1785, 5370, 3323, 6910, 8448, 4354, 1285, 4359, 8460, 1804, 5388, 271, 6428, 4901, 1836, 7469, 1841, 1842, 1847, 2359, 7482, 4411, 4926, 833, 3400, 6988, 5971, 4436, 7006, 3947, 4977, 893, 1928, 5512, 7050, 1419, 4492, 906, 7069, 3490, 427, 2994, 951, 442, 5653, 5601, 4065, 1521, 1009, 2729]"
0.99,0.0,0.16737655672535978,"[25, 5510]"
0.52,0.02,0.39715126399827483,"[4486, 3369, 173, 806, 808, 49, 772, 433, 1332, 1461, 54, 1326, 58, 442, 62, 873, 190, 67, 1092, 582, 1098, 75, 2250, 2126, 1231, 851, 86, 214, 220, 5216, 4472, 614, 1128, 1904, 624, 5538, 1450, 7083, 7082, 6574, 949, 2402, 6598, 2506, 3030, 3544, 4571, 3062, 2039]"
0.71,0.01,0.3432274730473517,"[5505, 769, 8200, 7947, 8459, 4492, 553, 1068, 15, 4015, 49, 51, 7091, 2994, 8093, 920, 5860, 8434, 1785, 5370, 354, 6910, 624, 4922, 3374, 1443, 7671, 1847, 951, 3582]"
0.6,0.01,0.2808162369840339,"[768, 1538, 3344, 4882, 5907, 8595, 2451, 2965, 3991, 2841, 928, 1315, 7459, 3880, 4523, 7982, 815, 316, 5448, 2381, 7502, 5969, 8018, 1874, 6996, 6998, 7511, 7517, 4958, 8058, 4449, 3810, 356, 2917, 5865, 362, 4474, 5363, 8567, 888, 5882]"
0.68,0.01,0.3734157870220721,"[1513, 458, 7564, 7615, 4354, 8560, 8136, 2359, 4411, 1285, 4359, 25, 26, 30, 35, 40, 553, 42, 1702, 49, 173, 54, 58, 7069, 62, 67, 1092, 70, 8459, 2994, 4015, 7091, 920]"
0.98,0.0,0.1039070891142212,"[3947, 1837, 2993]"
0.78,0.01,0.3451767130854353,"[1026, 132, 1546, 8459, 8460, 276, 13, 527, 15, 8490, 1196, 16, 20, 144, 8463, 1299, 24, 25, 26, 920, 30, 162, 35]"
0.38,0.03,0.4316124852875991,"[1546, 7691, 8459, 13, 14, 15, 8460, 1553, 8463, 2832, 1299, 276, 6807, 24, 25, 30, 7967, 32, 35, 165, 806, 40, 553, 808, 4139, 1068, 171, 172, 173, 7467, 49, 1326, 51, 3374, 1332, 54, 55, 824, 58, 62, 190, 67, 1092, 582, 1098, 75, 76, 588, 2250, 1873, 851, 86, 214, 856, 220, 5216, 614, 1128, 362, 624, 1904, 1907, 632]"
0.41,0.03,0.4193995601366364,"[1546, 7691, 13, 14, 15, 1553, 24, 25, 30, 32, 35, 40, 553, 4139, 1068, 49, 51, 54, 55, 58, 62, 67, 1092, 582, 1098, 75, 76, 588, 86, 5216, 614, 1128, 624, 632, 6807, 165, 2214, 171, 172, 173, 190, 2250, 214, 220, 8459, 8460, 8463, 2832, 1299, 276, 7967, 7638, 808, 7467, 1326, 3374, 1332, 824, 1873, 851]"
0.63,0.01,0.3378163754454119,"[5505, 769, 8200, 7946, 4236, 7309, 269, 1684, 5143, 24, 4636, 1823, 8104, 8360, 1970, 1212, 192, 4801, 5827, 202, 2762, 7501, 2255, 5340, 989, 2654, 4192, 5729, 1248, 7524, 5860, 6251, 8434, 5240, 1785, 5370, 3323, 400]"
0.02,0.03,0.4249625998996813,"[6658, 54, 62, 67, 1092, 70, 1094, 582, 1098, 75, 77, 630, 5239, 5755, 124, 638, 5247, 2696, 5258, 4236, 7311, 5781, 163, 165, 1733, 8394, 2251, 2774, 8434, 1785, 5370, 3323, 6910, 1792, 8448, 4354, 1285, 4359, 5388, 271, 6428, 4901, 1836, 7469, 1841, 1842, 1847, 2359, 7482, 4411, 4926, 833, 3400, 6988, 5971, 4436, 7006, 3947, 4977, 370, 893, 5512, 1928, 7050, 1419, 6028, 6027, 8590, 4493, 4495, 4497, 4496, 402, 914, 2454, 920, 7069, 8093, 413, 7584, 8097, 3490, 1443, 6052, 2472, 428, 429, 433, 2994, 7091, 946, 1461, 951, 442, 446, 7615, 8136, 458, 3678]"
0.54,0.02,0.42928850539689334,"[6657, 5640, 15, 24, 25, 7069, 30, 32, 2976, 3490, 35, 40, 553, 4139, 1068, 428, 4015, 49, 2994, 51, 7091, 54, 951, 442, 4540, 446, 2250, 3021, 8144, 7124, 214, 7638, 856, 222, 97, 4065, 614, 5992, 362, 3185, 1521, 1009, 7671, 889, 124, 3582, 5576]"
0.54,0.01,0.33508657740598013,"[3947, 1680, 2993, 92, 6802, 3923, 1907, 632, 889, 4476, 8446, 2359, 951, 4411, 4926, 446, 833, 5827, 1480, 8136, 2762, 3400, 6988, 3021, 7502, 2255, 8144, 5971, 4436, 7124, 7638, 2231, 1248, 4065, 5860, 3582, 4977, 8434, 8177, 1521, 1009, 7671, 1785, 5370, 3323, 893, 6910]"
0.28,0.02,0.4282913333900129,"[1026, 1546, 4236, 13, 15, 527, 17, 1553, 16, 1684, 24, 920, 6027, 6028, 271, 8590, 4497, 2327, 6428, 8093, 7069, 7584, 8097, 4926, 1443, 6052, 4901, 2472, 1836, 5827, 7469, 4015, 1841, 1842, 2994, 7091, 2762, 1847, 2359, 951, 2255, 4411, 446, 833, 1480, 5653, 3021, 6988, 3400, 7502, 8144, 5971, 4436, 7124, 7638, 7006, 1248, 4065, 5860, 3582, 4977, 8434, 3185, 1521, 1009, 8177, 7671, 1785, 5370, 3323, 893, 6910, 2863]"
0.05,0.04,0.45555714868803576,"[2054, 1546, 12, 13, 14, 527, 20, 24, 38, 40, 553, 54, 58, 62, 67, 1092, 70, 1094, 582, 1096, 1098, 75, 590, 80, 97, 6244, 614, 3185, 124, 644, 141, 1697, 162, 163, 165, 2214, 171, 172, 173, 3760, 190, 1231, 214, 222, 1332, 4926, 833, 3400, 6988, 5966, 1872, 3923, 856, 889, 382, 6021, 4486, 904, 7050, 906, 4492, 4493, 4495, 4496, 402, 914, 920, 7069, 2976, 3490, 1443, 428, 4015, 433, 2994, 7091, 1461, 951, 4538, 442, 446, 1987, 8136, 5065, 1480, 458, 3021, 8144, 7124, 7638, 4065, 1009, 1521, 8177, 1013, 3582]"
0.94,0.0,0.24004852358211926,"[1792, 132, 1546, 8459, 6802, 5833, 3923]"
0.72,0.02,0.386643501810474,"[772, 4486, 806, 808, 3369, 173, 1326, 49, 433, 1332, 1461, 54, 442, 58, 190, 62, 67, 1092, 582, 1098, 75, 2250, 2126, 1231, 851, 86, 214, 873, 3674]"
0.63,0.02,0.41538401180313533,"[30, 35, 1068, 51, 54, 55, 58, 62, 67, 1092, 70, 1094, 582, 75, 588, 77, 590, 76, 80, 5202, 5216, 97, 614, 1128, 624, 630, 632, 5729, 1248, 7524, 5860, 6251, 6572, 5240, 1785, 5370, 3323, 400]"
0.3,0.03,0.4479792985027601,"[4486, 392, 5640, 906, 4492, 5388, 15, 271, 4114, 1785, 2327, 920, 6428, 30, 31, 32, 1697, 3490, 35, 163, 1443, 38, 2214, 40, 553, 42, 4139, 1068, 428, 4901, 4015, 1836, 49, 2994, 51, 7091, 7469, 1842, 54, 1847, 2359, 58, 4411, 62, 4926, 833, 5827, 67, 1092, 1094, 3400, 202, 2762, 2123, 7501, 6988, 2255, 7502, 1823, 4436, 2390, 1248, 5729, 354, 5860, 4973, 3185, 8434, 889, 6910, 2918]"
0.75,0.01,0.27933736442593604,"[1792, 6658, 4354, 260, 1285, 3078, 4359, 6281, 4523, 429, 7890, 3070, 856, 120, 362, 1904, 1907, 4468, 4472, 889, 5370, 3323, 4476, 8160, 6910, 8446]"
0.52,0.02,0.3976210672790347,"[1026, 1546, 6027, 4236, 13, 6028, 15, 527, 17, 1553, 16, 1684, 271, 8590, 4497, 920, 24, 2327, 5653, 6428, 8093, 7069, 7584, 8097, 1443, 6052, 4901, 2472, 1836, 7469, 4015, 1841, 1842, 2994, 7091, 1847, 2359, 951, 4411, 4926, 446, 833, 5827, 1480, 3400, 2762, 6988, 2255, 5777]"
0.39,0.03,0.42912261094020965,"[6658, 1553, 24, 25, 30, 3125, 73, 77, 590, 32, 35, 427, 1804, 1189, 920, 1697, 8460, 1443, 54, 2214, 276, 1461, 4476, 8446, 171, 172, 173, 1092, 582, 49, 51, 808, 1326, 7467, 806, 3374, 1332, 55, 824, 58, 62, 190, 67, 1098, 75, 76, 588, 4930, 1873, 851, 86, 214, 856, 220, 5216, 614, 1128, 362, 624, 1904, 1907, 632]"
0.19,0.03,0.48723435246436997,"[5126, 2434, 769, 4065, 4354, 260, 8136, 2359, 4411, 1285, 4359, 25, 26, 30, 35, 42, 40, 553, 7727, 833, 4926, 173, 54, 58, 1248, 62, 5860, 8434, 1785, 5370, 7069, 3323, 6910, 2994, 2250, 3400, 1231, 6988, 5966, 838, 906, 7502, 1872, 214, 856, 222, 97, 614, 3185, 162, 163, 171, 165, 172, 1009, 1521, 2214, 889, 1332, 124, 5992, 362, 2976, 3490, 951, 4540, 7671, 3582, 7050, 920, 1443, 428, 4015, 433, 3614, 1461, 442, 446, 3021, 8144, 7124, 7638]"
0.45,0.01,0.3256532016037086,"[362, 8477, 4523, 3810, 5363, 4346, 4284, 8148, 6574, 768, 1538, 5882, 3344, 4882, 5907, 8595, 2451, 2965, 1315, 7459, 3880, 7982, 815, 316, 5448, 2381, 5969, 8018, 1874, 6996, 6998, 7511, 7517, 4958, 356, 888, 2917, 4449, 2841, 4474, 3991, 928, 8567, 5538, 1450, 7083, 5789, 949, 452, 6598, 2506, 3030, 3544, 4571, 3062, 2039]"
0.47,0.03,0.4290862067607335,"[4481, 1288, 8463, 1299, 920, 24, 25, 26, 30, 162, 163, 35, 165, 2214, 1443, 40, 553, 42, 171, 1068, 172, 173, 49, 946, 433, 1332, 1461, 54, 58, 442, 62, 7615, 190, 67, 1092, 582, 1098, 75, 2250, 1231, 851, 86, 214, 220, 5216, 4472, 614, 231, 1128, 1904, 624, 1907, 632, 201]"
0.92,0.0,0.2002467399684983,"[3947, 3021, 1680, 2993, 1651, 3923, 8144, 7124, 7638]"
0.18,0.03,0.42016974924553463,"[8200, 5143, 24, 4636, 2654, 4192, 2696, 5258, 4236, 7309, 1684, 163, 165, 2214, 8360, 171, 1212, 190, 192, 4801, 5827, 202, 2762, 2250, 2255, 1231, 214, 5340, 220, 5858, 231, 3829, 8446, 769, 7946, 8459, 8460, 269, 1804, 8463, 2832, 276, 1823, 806, 808, 7467, 1332, 824, 7501, 1873, 851, 362, 1904, 881, 1907, 4468, 4472, 889, 1918, 5505, 904, 4492, 920, 413, 3490, 419, 1443, 8104, 4015, 433, 1970, 946, 3507, 1461, 951, 442, 7617, 5573, 458, 989, 4065, 7671, 3582]"
0.53,0.02,0.4028173730185389,"[772, 906, 4492, 4496, 920, 413, 32, 5538, 1450, 7083, 7082, 1326, 6574, 433, 1332, 1461, 54, 949, 442, 190, 62, 67, 1092, 582, 6598, 1098, 75, 2250, 2506, 2126, 1231, 851, 86, 214, 3030, 3544, 4571, 220, 5216, 2402, 614, 1128, 873, 1904, 624, 3062, 2039, 4472]"
0.95,0.0,0.22081335105509725,"[2242, 35, 4486, 392, 5258, 7890]"
0.58,0.02,0.42457845910465375,"[6658, 132, 13, 397, 15, 527, 17, 1553, 16, 20, 24, 25, 26, 7069, 30, 35, 1443, 40, 553, 42, 172, 6428, 5792, 6372, 5797, 4901, 1836, 7469, 7214, 3758, 4144, 1841, 1842, 1243, 4149, 1847, 4926, 3128, 4665, 2359, 833, 4411, 3135]"
0.85,0.0,0.283714911850905,"[769, 4354, 5505, 260, 4359, 7050, 1419, 6028, 6027, 7946, 8093, 40, 553, 4015, 1328, 49]"
0.01,0.02,0.4151415600731566,"[1538, 6658, 3185, 2255, 1248, 3810, 5860, 5865, 8434, 5363, 1785, 5370, 4346, 5882, 3323, 6910, 768, 4354, 260, 1285, 4359, 5388, 271, 3344, 4882, 5907, 2327, 2841, 6428, 1315, 7459, 4901, 3880, 1836, 7469, 7982, 815, 1841, 1842, 1847, 2359, 4411, 316, 4926, 833, 5448, 3400, 6988, 2381, 7502, 5969, 8018, 1874, 6996, 5971, 6998, 7511, 4436, 7517, 4958, 7006, 4449, 362, 4977, 893, 1928, 5512, 7050, 1419, 6027, 6028, 8590, 4497, 920, 8093, 7069, 7584, 8097, 1443, 6052, 2472, 4523, 4015, 2994, 7091, 951, 446, 1480, 8136, 3021, 8144, 7124, 7638, 4065, 1521, 1009, 8177, 7671, 3582, 5378]"
0.91,0.01,0.2770946520978049,"[3947, 1837, 2993, 220, 3460, 4472, 614, 1128, 1904, 624]"
0.95,0.0,0.08849502534945086,"[5505, 5258, 7564, 494, 6876, 6834]"
0.54,0.02,0.39737769850776117,"[1026, 132, 1546, 8462, 8460, 13, 20, 527, 15, 17, 1553, 16, 144, 1804, 8463, 1299, 24, 25, 26, 162, 30, 163, 35, 920, 165, 2214, 42, 40, 553, 946, 171, 1068, 172, 7467, 49, 433, 428, 1332, 1326, 54, 148, 80, 62, 442, 67, 824, 8446]"
0.12,0.03,0.4941058024986722,"[1026, 5649, 6674, 6172, 5668, 553, 7214, 4144, 1075, 4149, 3128, 4665, 3135, 1094, 582, 2120, 1096, 1098, 5707, 2636, 75, 590, 80, 97, 2660, 614, 3185, 3189, 124, 644, 1681, 8360, 172, 173, 5812, 1212, 190, 192, 4801, 3778, 5827, 202, 1231, 2774, 214, 222, 7976, 1332, 833, 3400, 6988, 5966, 7502, 1872, 3923, 856, 889, 382, 6021, 7050, 920, 7069, 2976, 3490, 1443, 428, 4015, 433, 2994, 7091, 951, 4538, 442, 446, 1987, 8136, 5065, 1480, 458, 3021, 8144, 7124, 7638, 4065, 1009, 1521, 8177, 1013, 3582]"
0.71,0.01,0.40978202268276,"[1026, 1546, 13, 527, 15, 17, 1553, 16, 20, 24, 25, 26, 30, 35, 40, 42, 978, 7311, 144, 162, 163, 165, 2214, 1733, 8394, 2774, 8434, 1785, 5370, 3947]"
0.66,0.02,0.36979156820563475,"[4486, 3369, 173, 806, 808, 49, 772, 433, 1332, 1461, 231, 1326, 58, 442, 62, 873, 190, 67, 1092, 582, 938, 75, 2250, 2126, 1231, 851, 7674, 214, 1833, 5216, 4472, 1258, 1128, 2975, 624]"
0.38,0.02,0.4583831194961988,"[1792, 6658, 4354, 260, 1285, 3078, 4359, 6163, 2571, 5388, 3725, 5774, 271, 5649, 6674, 8211, 2327, 4249, 6172, 6812, 173, 428, 1443, 7727, 4015, 49, 2994, 433, 1332, 54, 1463, 951, 58, 442, 62, 190, 66, 67, 1092, 70, 4926, 1094, 582, 2120, 1098, 833, 75, 1096, 77, 590, 5707, 1231, 2250, 594, 3400, 80, 6988, 7502, 1872, 3923, 214, 851, 856]"
0.98,0.0,0.19127186254292194,"[1026, 4494, 7822]"
0.46,0.01,0.3611226759614815,"[1680, 6802, 1785, 4015, 2993, 2994, 7091, 1332, 951, 2359, 2231, 442, 4411, 4926, 446, 833, 5827, 1987, 1480, 8136, 2762, 3400, 6988, 3021, 7502, 2255, 8144, 6910, 458, 3923, 5971, 4436, 7124, 7638, 92, 1248, 4065, 5860, 3582, 3947, 4977, 8434, 1907, 8177, 1521, 1009, 7671, 632, 889, 5370, 3323, 4476, 893, 8446, 5917]"
0.77,0.0,0.29282043610761344,"[2696, 5258, 2505, 7502, 7890, 1746, 1235, 3923, 5460, 5971, 1626, 1248, 5729, 5858, 101, 5735, 1521, 8434, 1009, 7671, 1785, 5370, 3582, 6831]"
0.74,0.02,0.33504354236444867,"[6658, 13, 527, 15, 1553, 17, 16, 20, 24, 25, 26, 30, 32, 35, 40, 553, 856, 8160, 4468, 4472, 889, 5370, 3323, 4476, 6910, 8446, 7000]"
0.29,0.03,0.40961549202371894,"[769, 5505, 8200, 2696, 5258, 7946, 4236, 7309, 8459, 8460, 269, 1804, 8463, 2832, 1684, 276, 5143, 24, 920, 4636, 413, 1823, 3490, 163, 419, 165, 2214, 806, 8360, 808, 8104, 171, 7467, 4015, 433, 1918, 1332, 951, 824, 1212, 190, 192, 4801, 5827, 904, 4492, 202, 2250, 2762, 7501, 1231, 2255, 1873, 851, 214, 5340, 220, 2654, 1443, 4192, 5858, 231, 362, 1904, 881, 1907, 4468, 3829, 4472, 889, 8446, 597]"
0.67,0.02,0.38261695483279634,"[772, 906, 4492, 4496, 920, 413, 32, 5538, 1450, 7083, 7082, 1326, 6574, 433, 1332, 1461, 54, 949, 442, 190, 62, 67, 1092, 582, 6598, 1098, 75, 2250, 8144, 2126, 1231, 851, 86, 214]"
0.13,0.02,0.3574881515350874,"[3078, 2571, 5649, 6674, 8211, 6172, 5668, 7214, 4144, 1075, 4149, 3128, 4665, 3135, 2120, 5707, 594, 2660, 5732, 108, 8300, 5232, 3184, 5239, 638, 6281, 3725, 5774, 6812, 5277, 5792, 5797, 3758, 6833, 1213, 193, 6346, 7372, 6871, 2775, 7897, 3294, 224, 7905, 3810, 5865, 5363, 5882, 4346, 1792, 768, 3344, 4882, 5907, 2841, 1315, 7459, 3880, 2345, 7982, 815, 316, 5448, 2381, 7502, 5969, 8018, 1874, 6996, 6998, 7511, 7517, 4958, 4449, 356, 2917, 8567, 888, 8058, 4474, 8595, 2451, 2965, 3991, 928, 5538, 1450, 7083]"
0.39,0.03,0.4305364969680171,"[1026, 132, 1546, 8459, 8460, 13, 32, 427, 1189, 1697, 1553, 276, 1461, 4476, 1804, 173, 24, 25, 1092, 582, 30, 51, 35, 808, 3374, 2214, 55, 58, 920, 190, 171, 76, 172, 7467, 49, 588, 4930, 1332, 851, 54, 86, 1326, 62, 214, 67, 856, 8446, 220, 824, 5216, 2152, 75, 1873, 614, 1128, 362, 624, 1904, 1907, 632, 1443, 806]"
0.07,0.02,0.40631388527500023,"[1538, 6658, 3185, 2255, 1248, 3810, 5860, 5865, 8434, 5363, 1785, 5370, 4346, 5882, 3323, 6910, 768, 4354, 260, 1285, 4359, 5388, 271, 3344, 4882, 5907, 2327, 2841, 6428, 1315, 7459, 4901, 3880, 1836, 7469, 7982, 815, 1841, 1842, 1847, 2359, 4411, 316, 4926, 833, 5448, 3400, 6988, 2381, 7502, 5969, 8018, 1874, 6996, 5971, 6998, 7511, 4436, 7517, 4958, 7006, 362, 4977, 893, 1928, 5512, 7050, 1419, 6027, 6028, 8590, 4497, 920, 8093, 7069, 7584, 8097, 1443, 6052, 2472, 4523, 4015, 2994, 7091, 951, 446, 1480, 8136, 3021, 8144, 7124, 7638, 4065, 1521]"
0.23,0.03,0.4454477654458663,"[2054, 1546, 12, 13, 14, 527, 20, 24, 38, 40, 553, 54, 58, 62, 67, 1092, 70, 1094, 582, 1096, 1098, 75, 590, 80, 97, 6244, 614, 3185, 124, 644, 141, 1697, 162, 172, 173, 3760, 1231, 222, 4926, 833, 3400, 6988, 5966, 1872, 214, 3923, 382, 7688, 165, 2214, 171, 6021, 190, 889, 4486, 856, 7050, 4493, 4495, 402, 914, 1332, 7069, 2976, 428, 433, 904, 906, 4492, 4496, 920, 3490, 1443, 4015, 951, 458, 4065, 3582]"
0.13,0.02,0.39114618299736836,"[8200, 5143, 24, 4636, 2654, 4192, 5729, 6251, 5240, 4236, 7309, 1684, 8360, 1212, 192, 4801, 5827, 202, 2762, 2255, 5340, 1248, 5860, 8434, 1785, 5370, 3323, 769, 7946, 1804, 269, 8463, 1299, 276, 1823, 808, 1326, 1332, 3895, 3899, 7501, 4436, 856, 7006, 7524, 3947, 4977, 4470, 4476, 5505, 1928, 5512, 7050, 1419, 6028, 6027, 8590, 400, 4497, 920, 7069, 8093, 7584, 8097, 1443, 6052, 8104, 2472, 4015, 433, 1970, 946, 2994, 7091, 1461, 951, 442, 446, 8136, 3021, 8144, 7124, 7638, 989, 5601, 4065, 1009, 1521]"
0.69,0.01,0.3172610505962006,"[3725, 5773, 5649, 6674, 8211, 4249, 6812, 6428, 6172, 5792, 1443, 5797, 4901, 4523, 4149, 6372, 3557, 362, 7502, 5460, 5971, 1626, 1248, 5858, 101, 1521, 8434, 1009, 7671, 1785, 5370, 3582]"
0.99,0.0,0.06877290762567356,"[7564, 7695]"
0.51,0.02,0.44708291714287607,"[400, 30, 35, 1068, 6572, 51, 54, 55, 58, 62, 67, 1092, 70, 1094, 582, 3400, 2250, 75, 588, 76, 77, 590, 80, 1231, 5202, 594, 6988, 7502, 1872, 3923, 214, 851, 856, 5216, 97, 5729, 1248, 7524, 5860, 614, 1128, 6251, 624, 630, 632, 1785, 5370, 3323, 5240, 450]"
0.09,0.04,0.4333072307483783,"[25, 1068, 54, 58, 67, 1092, 70, 1094, 582, 1098, 75, 77, 590, 80, 5202, 3070, 97, 614, 624, 630, 2696, 5258, 163, 165, 2214, 171, 190, 2250, 214, 220, 5858, 231, 3829, 8459, 8460, 8463, 2832, 1299, 276, 7967, 806, 808, 7467, 1326, 3374, 1332, 824, 1873, 851, 856, 362, 1904, 1907, 4468, 4472, 889, 1918, 904, 392, 906, 4492, 4496, 920, 413, 3490, 419, 1443, 4523, 429, 4015, 2994, 7091, 1461, 951, 4538, 442, 446, 1987, 8136, 5065, 458, 1480, 3021, 7124, 7638, 4065, 1009, 1521, 8177, 1013, 7671, 3582]"
0.65,0.02,0.3930729843597076,"[772, 806, 808, 3369, 173, 1326, 49, 433, 1332, 1461, 54, 442, 58, 190, 62, 67, 1092, 582, 1098, 75, 2250, 2126, 1231, 851, 86, 214, 220, 5216, 614, 1128, 873, 362, 1904, 624, 4472, 4504]"
0.25,0.02,0.40524693322193495,"[1026, 132, 3125, 1092, 8460, 582, 73, 77, 590, 4236, 1553, 7311, 5781, 1697, 1804, 1189, 24, 25, 1733, 8394, 2176, 2251, 2774, 8434, 1785, 5370, 920, 3323, 6910, 35, 8448, 4354, 2214, 1285, 4359, 5388, 271, 276, 6428, 4901, 1836, 7469, 54, 1841, 442, 1842, 1847, 2359, 7482, 4411, 4926, 833, 3400, 6988, 5971, 4436, 7006, 1443, 3947, 4977, 893, 1928, 5512, 7050, 906, 4492, 7069, 3490, 427, 2994, 951, 8136, 5601, 4065, 1521, 1009]"
0.48,0.02,0.4320324576101986,"[6658, 132, 13, 397, 15, 527, 17, 1553, 16, 20, 24, 25, 26, 6428, 7069, 30, 35, 1443, 5797, 4901, 40, 553, 42, 7082, 172, 1836, 7469, 7214, 4144, 1841, 3758, 1842, 6574, 4149, 949, 1847, 3128, 4665, 2359, 4411, 4926, 3135, 833, 452, 6598, 2506, 3030, 3544, 1243, 4571, 6372, 3062, 2039]"
0.36,0.02,0.3901326842164816,"[6658, 1553, 24, 25, 30, 32, 35, 3125, 54, 1092, 582, 73, 77, 590, 4236, 7311, 5781, 1464, 1189, 2214, 1733, 8394, 2251, 2774, 8434, 1785, 5370, 3323, 6910, 8448, 4354, 1285, 4359, 8460, 1804, 5388, 271, 276, 6428, 4901, 1836, 7469, 1841, 1842, 1847, 2359, 7482, 4411, 4926, 833, 3400, 6988, 5971, 4436, 7006, 3947, 4977, 893, 1928, 5512, 7050, 906, 4492, 920, 7069]"
0.91,0.0,0.20626631240404625,"[362, 3021, 1680, 2993, 8144, 1651, 3923, 7124, 7638, 2348]"
0.14,0.02,0.3491393031744302,"[1792, 3078, 2571, 5649, 6674, 8211, 6172, 5668, 7214, 4144, 1075, 4149, 3128, 4665, 3135, 2120, 5707, 594, 2660, 5732, 108, 8300, 5232, 3184, 5239, 638, 6281, 3725, 5774, 4249, 6812, 5277, 5792, 5797, 3758, 6833, 1213, 193, 6346, 7372, 6871, 2775, 7897, 3294, 224, 7905, 3810, 5865, 5363, 4346, 5882, 7502, 768, 3344, 4882, 5907, 2841, 1315, 7459, 3880, 2345, 7982, 815, 316, 2713, 2381, 5969, 8018, 1874, 6996, 6998, 7511, 7517, 4958, 4449, 356, 2917, 8567, 888, 8058, 4474, 8595, 2451, 2965, 3991, 8136, 3021]"
0.9,0.0,0.2763272373781125,"[97, 614, 5258, 7564, 494, 16, 80, 7890, 889, 6876, 6066]"
0.49,0.02,0.45346882193898264,"[5258, 7564, 494, 766, 1327, 30, 35, 3125, 32, 73, 77, 590, 108, 5232, 3184, 3185, 5239, 5755, 124, 638, 1068, 173, 167, 49, 51, 54, 55, 824, 58, 62, 190, 67, 1092, 582, 1098, 75, 588, 76, 2126, 2250, 1231, 86, 5216, 614, 1128, 1907, 632, 889, 382, 6148, 5971, 4436]"
0.99,0.0,0.14285225024103465,"[772, 1434]"
0.81,0.01,0.39582502404140685,"[1026, 1546, 13, 7584, 15, 17, 1553, 16, 20, 24, 25, 26, 30, 35, 40, 553, 42, 7727, 49, 54]"
0.31,0.03,0.4188153616183997,"[769, 4354, 5505, 4486, 392, 1546, 8459, 8460, 13, 1804, 15, 527, 17, 1553, 16, 20, 30, 144, 8463, 276, 24, 25, 35, 26, 1443, 6429, 2214, 40, 165, 42, 1325, 808, 7467, 1068, 171, 1326, 49, 3374, 54, 1332, 1461, 58, 824, 70, 62, 582, 1098, 75, 2250, 77, 590, 458, 80, 1873, 1094, 1092, 67, 851, 97, 614, 624, 881, 889, 1904, 1907, 4468, 4472, 8446, 1663, 766]"
0.98,0.0,0.07201968928675417,"[5258, 6876, 7564]"
0.03,0.04,0.4472461070977146,"[1546, 13, 527, 15, 17, 1553, 16, 20, 24, 25, 26, 30, 35, 40, 553, 42, 1068, 49, 54, 58, 62, 67, 1092, 70, 1094, 582, 1098, 75, 77, 590, 80, 97, 614, 624, 1663, 132, 144, 162, 163, 165, 2214, 171, 172, 173, 2250, 1231, 214, 220, 231, 3829, 8446, 7423, 8459, 8460, 1804, 8463, 1299, 276, 3867, 806, 808, 7467, 1326, 3374, 1332, 824, 1873, 851, 2928, 1904, 881, 1907, 4468, 4472, 889, 4478, 4486, 392, 906, 7564, 4492, 4496, 2454, 920, 413, 1443, 429, 433, 946, 2993, 3507, 1461, 442, 7615, 458, 2016, 2026, 7114]"
0.17,0.04,0.4464335118828209,"[1026, 132, 1546, 8459, 8460, 13, 974, 15, 527, 17, 1553, 16, 144, 1804, 8463, 1299, 24, 25, 26, 162, 30, 163, 35, 42, 165, 2214, 920, 40, 553, 946, 171, 1068, 172, 173, 49, 433, 1461, 1332, 442, 54, 124, 7615, 2126, 62, 86, 67, 1092, 2250, 5216, 582, 1098, 75, 1128, 1443, 632, 1231, 220, 214, 1904, 231, 851, 614, 624, 1907, 4472, 8446, 276, 190, 889, 4476, 806, 808, 1326, 3374, 824, 1873, 881, 4468, 4470, 856, 4473, 4475, 382, 3490]"
0.51,0.02,0.4471291769194812,"[2, 8, 13, 14, 1094, 3400, 77, 590, 80, 5202, 594, 6988, 429, 7502, 1872, 3923, 214, 851, 856, 97, 1068, 5729, 1248, 7524, 51, 54, 55, 5860, 58, 62, 6251, 67, 1092, 582, 624, 75, 588, 76, 630, 1785, 1231, 5370, 3323, 2250, 5216, 614, 1128, 5240, 632, 450]"
0.93,0.01,0.3004284301230207,"[901, 35, 132, 163, 40, 1546, 8460, 13]"
0.75,0.01,0.32739417594683007,"[6658, 13, 15, 527, 1553, 17, 16, 20, 24, 26, 30, 553, 2483, 2996, 3524, 3277, 856, 7000, 8160, 4468, 4472, 889, 5370, 3323, 6910, 8446]"
0.87,0.01,0.3015281494423805,"[35, 8100, 4486, 1128, 40, 6988, 13, 8462, 80, 15, 17, 20, 22, 30]"
0.35,0.02,0.4793789065530746,"[769, 4354, 260, 1285, 4359, 2696, 904, 5258, 7946, 5388, 271, 16, 2327, 920, 152, 6428, 1823, 3490, 419, 163, 165, 2214, 1443, 4901, 171, 1836, 7469, 4015, 1841, 1842, 54, 951, 824, 1847, 58, 2359, 4411, 62, 67, 1092, 5573, 70, 1094, 582, 458, 75, 2250, 77, 590, 3021, 80, 1873, 5202, 8144, 7124, 7638, 4065, 5858, 97, 3582, 614, 3829, 630, 7671, 1918, 597]"
0.85,0.01,0.32551523714063046,"[6658, 35, 132, 8100, 40, 13, 397, 15, 527, 1553, 17, 16, 20, 8462, 30, 2951]"
0.64,0.02,0.40056881191908156,"[4486, 400, 806, 808, 3369, 173, 1326, 49, 946, 433, 1332, 1461, 54, 442, 58, 190, 62, 67, 1092, 582, 1098, 75, 2250, 2126, 1231, 851, 86, 214, 1248, 7524, 5860, 873, 6251, 8434, 5240, 1785, 5370]"
0.7,0.01,0.43033140885375065,"[7890, 5258, 6876, 7564, 494, 55, 824, 58, 62, 190, 67, 1092, 582, 2745, 75, 588, 76, 2126, 2250, 1231, 86, 5216, 614, 1128, 1907, 632, 889, 382, 6148, 5971, 4436]"
0.66,0.01,0.3472925789090834,"[5505, 7050, 1680, 282, 7069, 2348, 428, 2993, 1970, 2994, 7091, 4926, 446, 833, 3400, 1480, 8136, 6988, 7501, 3021, 7502, 8144, 3923, 7124, 5971, 7638, 4436, 362, 8177, 1521, 1651, 1013, 3702, 889, 5731]"
0.27,0.03,0.4618333997238969,"[1026, 132, 1546, 13, 15, 16, 17, 1553, 527, 20, 144, 24, 25, 26, 920, 30, 162, 35, 163, 165, 2214, 1443, 40, 553, 42, 171, 1068, 172, 173, 2863, 49, 54, 58, 62, 67, 1092, 7671, 70, 1094, 582, 1098, 75, 2250, 77, 590, 1231, 80, 6910, 214, 7638, 220, 7006, 1248, 97, 4065, 5860, 614, 231, 3582, 624, 4977, 8434, 3185, 1521, 3829, 1009, 8177, 1785, 5370, 3323, 893, 8446, 1663, 212]"
0.9,0.01,0.24569896010387327,"[4481, 614, 5258, 7564, 494, 16, 80, 7890, 889, 7797, 6066]"
0.04,0.04,0.46133966805831317,"[2206, 132, 1546, 8459, 8460, 13, 20, 527, 15, 17, 1553, 16, 144, 1804, 8463, 1299, 24, 25, 2210, 162, 5517, 163, 35, 920, 165, 2214, 42, 40, 553, 946, 171, 1068, 172, 173, 49, 433, 1443, 1332, 1461, 54, 58, 442, 62, 7615, 67, 1092, 2126, 86, 582, 1098, 75, 2250, 5216, 1128, 1231, 632, 214, 220, 190, 1904, 614, 231, 851, 624, 1907, 4472, 8446, 889, 4476, 276, 806, 808, 1326, 3374, 824, 1873, 3160, 881, 4468, 4470, 4473, 4475, 382, 4478, 4484, 4486, 4495, 4496, 402, 458, 914, 428, 4493, 3490, 951, 906, 4492]"
0.9,0.01,0.2942951460875106,"[1026, 3460, 614, 1128, 1546, 1904, 2993, 624, 4472, 220, 2748]"
0.8,0.01,0.36800090638123417,"[8200, 15, 16, 17, 1553, 20, 5143, 24, 25, 26, 4636, 30, 7584, 35, 40, 553, 42, 7727, 49, 54, 2690]"
0.73,0.01,0.3876131209800331,"[1026, 132, 1546, 13, 527, 15, 17, 1553, 1993, 8265, 2640, 1746, 3923, 254, 1626, 4448, 4960, 5858, 4065, 101, 6118, 2537, 3562, 3947, 1270, 7671, 8441, 3582]"
0.22,0.03,0.4490190298304645,"[2054, 1546, 12, 13, 14, 527, 20, 24, 38, 40, 553, 54, 58, 62, 67, 1092, 70, 1094, 582, 1096, 1098, 75, 590, 80, 97, 6244, 614, 3185, 124, 644, 141, 1697, 3760, 222, 4926, 833, 3400, 6988, 1231, 5897, 1872, 3923, 7688, 172, 173, 6021, 382, 214, 162, 4486, 7050, 4493, 4495, 402, 914, 889, 7069, 2976, 428, 856, 904, 906, 4492, 4496, 190, 4015, 951, 171, 165, 2214, 458, 4065, 3582, 4478, 920, 3490, 1332, 1443, 433]"
0.26,0.02,0.4150158889434169,"[2176, 8448, 4354, 132, 772, 1285, 4359, 1928, 5512, 7050, 906, 8460, 4236, 1804, 7311, 5388, 1553, 271, 4492, 276, 5781, 24, 25, 920, 6428, 7069, 1697, 3490, 35, 1443, 1189, 2214, 4901, 427, 1836, 7469, 1841, 1842, 2994, 3125, 54, 1847, 2359, 951, 442, 7482, 4411, 4926, 833, 1092, 582, 3400, 73, 8394, 2251, 6988, 77, 590, 8136, 5971, 4436, 2774, 7006, 5601, 4065, 3947, 4977, 8434, 1521, 1009, 1785, 5370, 3323, 893, 6910]"
0.63,0.02,0.43496366616856186,"[458, 2696, 904, 5258, 419, 163, 920, 3490, 165, 4015, 2214, 1443, 171, 951, 54, 824, 58, 62, 67, 1092, 70, 1094, 582, 4065, 5858, 630, 152, 5240, 1785, 5370, 3323, 400, 5505, 769, 7946, 7501, 420, 1823]"
0.62,0.01,0.3241474181028936,"[5505, 769, 8200, 7946, 4236, 7309, 269, 1684, 5143, 24, 4636, 1823, 8104, 8360, 1970, 1212, 192, 4801, 202, 2762, 7501, 2255, 5340, 989, 2654, 220, 4192, 5729, 5216, 614, 1128, 632, 1904, 624, 1907, 4472, 889, 4476, 8446]"
0.93,0.0,0.1676235395545237,"[5505, 769, 8200, 5833, 7946, 6802, 3923, 4616]"
0.19,0.04,0.44056413275514283,"[2054, 1546, 12, 14, 527, 1553, 20, 25, 30, 32, 35, 38, 553, 4139, 1068, 51, 54, 55, 58, 62, 67, 1092, 582, 75, 588, 76, 86, 5216, 614, 1128, 624, 632, 644, 2696, 141, 1697, 162, 163, 2214, 171, 172, 173, 3774, 190, 2250, 1231, 214, 220, 4319, 231, 8446, 6401, 8459, 8460, 1804, 8463, 2832, 1299, 276, 806, 2867, 1332, 824, 851, 1904, 881, 7539, 4468, 1907, 4472, 889, 894, 4492, 920, 413, 429, 946, 3507, 7615, 458, 1513, 2950]"
0.08,0.02,0.3802687558993948,"[7214, 4144, 1075, 4149, 3128, 4665, 3135, 2120, 5707, 594, 2660, 108, 5232, 3184, 3185, 5239, 5755, 124, 638, 5258, 4236, 7311, 5781, 1733, 8394, 2251, 2774, 8434, 1785, 5370, 3323, 6910, 1792, 8448, 4354, 1285, 4359, 5388, 271, 6428, 4901, 1836, 1837, 7469, 1841, 1842, 2359, 1847, 7482, 4411, 4926, 833, 3400, 6988, 5971, 4436, 7006, 3947, 4977, 893, 1928, 5512, 7050, 1419, 6027, 6028, 8590, 4497, 920, 8093, 7069, 7584, 8097, 1443, 6052, 2472, 4015, 2994, 7091, 951, 442, 446, 8136, 3021, 8144, 7124, 7638, 4065, 5601, 1009, 1521, 501, 7808]"
0.17,0.04,0.44239207912199263,"[1026, 1546, 13, 15, 527, 17, 1553, 16, 24, 25, 26, 30, 35, 40, 553, 42, 1068, 49, 54, 62, 67, 1092, 582, 1098, 2126, 86, 5216, 124, 132, 144, 162, 163, 165, 2214, 171, 172, 173, 190, 2250, 1231, 214, 220, 231, 8446, 8459, 8460, 1804, 8463, 1299, 276, 806, 808, 1332, 824, 1873, 851, 1904, 881, 1907, 4468, 4472, 889, 920, 3490, 1443, 8104, 4015, 433, 946, 1970, 3507, 1461, 951, 442, 7615, 7617, 5573, 458, 974, 989, 4065, 7671, 3582, 3078]"
0.79,0.01,0.3654878388156555,"[2690, 8200, 15, 16, 1553, 1296, 20, 1815, 5143, 24, 26, 4636, 30, 1311, 35, 40, 300, 7727, 49, 54, 7419, 2446]"
0.21,0.02,0.3672539569111557,"[6657, 7214, 4144, 1075, 4149, 3128, 4665, 3135, 2120, 5707, 594, 2660, 108, 5232, 3184, 3185, 5239, 5755, 124, 638, 4236, 7311, 5781, 1733, 8394, 2251, 2774, 8434, 1785, 5370, 3323, 6910, 1792, 8448, 4354, 1285, 4359, 5388, 271, 6428, 4901, 1836, 7469, 1841, 1842, 2359, 1847, 7482, 4411, 4926, 833, 3400, 6988, 5971, 4436, 7006, 3947, 4977, 893, 1928, 5512, 7050, 1419, 6027, 6028, 8590, 4497, 920, 8093, 7069, 7584, 8097, 1443, 4015, 951, 3021, 8144, 7124, 7638, 4065]"
0.88,0.01,0.33125046738437647,"[1026, 35, 132, 1128, 40, 1546, 8459, 13, 15, 80, 17, 20, 22]"
0.5,0.02,0.43867225020018763,"[2, 8, 6408, 13, 14, 588, 4372, 7339, 1068, 429, 1231, 51, 54, 55, 58, 62, 450, 67, 1094, 3400, 75, 6988, 77, 590, 7502, 80, 1872, 5202, 594, 3923, 851, 214, 4562, 856, 1248, 5729, 2274, 5216, 7524, 5860, 614, 1128, 6251, 632, 630, 5240, 1785, 5370, 3323, 76, 328]"
0.89,0.01,0.28511683320436076,"[35, 132, 901, 7564, 494, 16, 80, 7890, 6066, 7797, 889, 4651]"
0.12,0.02,0.3828636959831656,"[1538, 4636, 2654, 4192, 5729, 6251, 5240, 4236, 7309, 1684, 8360, 1212, 192, 4801, 5827, 202, 2762, 2255, 5340, 1248, 5860, 8434, 1785, 5370, 3323, 768, 769, 7946, 1804, 269, 8463, 3344, 1299, 276, 1823, 808, 1326, 1332, 3895, 3899, 7501, 4436, 856, 7006, 7524, 3947, 4977, 4470, 4476, 5505, 1928, 5512, 7050, 1419, 6028, 6027, 8590, 400, 4497, 920, 7069, 8093, 7584, 8097, 1443, 6052, 8104, 2472, 4015, 433, 1970, 946, 2994, 7091, 1461, 951, 442, 446, 8136, 3021, 8144, 7124, 7638, 989, 5601, 4065, 1009, 1521, 4119]"
0.36,0.02,0.4672621970429638,"[768, 1538, 132, 397, 3344, 4882, 5907, 8595, 2451, 2965, 3991, 2841, 7069, 30, 928, 1315, 35, 1443, 40, 553, 42, 172, 173, 428, 7727, 4015, 49, 2994, 433, 1332, 54, 1463, 951, 4665, 58, 442, 62, 190, 4926, 833, 67, 1092, 70, 1094, 582, 2120, 1098, 75, 1096, 77, 7502, 590, 5707, 1231, 2250, 3400, 594, 80, 1872, 6988, 3923, 214, 851, 856, 6423]"
0.35,0.03,0.4440708768914946,"[1, 4486, 2054, 1285, 4359, 2696, 904, 5258, 7946, 5388, 271, 16, 2327, 920, 152, 6428, 1823, 3490, 419, 163, 165, 2214, 1443, 4901, 171, 1836, 7469, 4015, 1841, 1842, 54, 951, 824, 1847, 58, 2359, 4411, 62, 67, 1092, 5573, 70, 1094, 582, 458, 75, 2250, 77, 590, 3021, 80, 1873, 5202, 8144, 7124, 7638, 4065, 5858, 97, 3582, 614, 3829, 630, 7671, 1918, 624]"
0.94,0.01,0.26250639502556605,"[4481, 163, 614, 40, 5258, 1546, 8460]"
0.63,0.01,0.332874273632751,"[1792, 132, 1546, 8459, 4236, 7309, 269, 1684, 5143, 24, 4636, 1823, 8104, 8360, 1970, 1212, 192, 1292, 5827, 202, 2762, 7501, 2255, 5340, 989, 2654, 4192, 5729, 1248, 7524, 5860, 6251, 8434, 5240, 1785, 5370, 3323, 400]"
0.01,0.02,0.4397296492751337,"[1026, 6658, 8200, 1546, 14, 527, 5143, 24, 4636, 2654, 4192, 6251, 3185, 5240, 3194, 4236, 7311, 1684, 8360, 5812, 1212, 192, 4801, 3778, 5827, 202, 2762, 2255, 1248, 5860, 8434, 1785, 5370, 3323, 6910, 4354, 260, 1285, 4359, 7946, 5388, 271, 2327, 6428, 1823, 4901, 1836, 7469, 1841, 1842, 1847, 2359, 4411, 4926, 833, 3400, 6988, 7501, 7502, 5971, 4436, 7006, 4977, 893, 5505, 1928, 5512, 7050, 1419, 6028, 6027, 8590, 4497, 920, 8093, 7069, 7584, 8097, 1443, 6052, 2472, 4015, 1970, 2994, 7091, 951, 446, 1480, 8136, 3021, 8144, 7124, 7638, 4065, 1521, 1009, 8177, 7671, 3582, 2007]"
0.97,0.0,0.18187776167727376,"[4481, 5258, 614, 1421]"
0.22,0.03,0.47790704415263885,"[5126, 25, 26, 30, 3614, 35, 40, 553, 42, 7727, 54, 58, 62, 97, 614, 3185, 124, 162, 163, 165, 2214, 171, 172, 173, 2250, 1231, 214, 222, 1248, 5860, 8434, 1785, 5370, 3323, 6910, 769, 4354, 260, 1285, 4359, 1332, 2359, 4411, 4926, 833, 838, 3400, 6988, 5966, 7502, 1872, 856, 5992, 362, 889, 2434, 906, 7050, 920, 7069, 2976, 3490, 1443, 428, 4015, 433, 2994, 1461, 951, 4540, 8136, 3021, 7124, 7638, 4065, 1009, 1521, 7671, 3582]"
0.67,0.01,0.42325130079610784,"[644, 2054, 2696, 1546, 12, 141, 14, 527, 1553, 24, 1697, 162, 163, 38, 553, 49, 54, 3021, 7502, 8144, 3923, 7124, 5971, 7638, 4436, 5731, 362, 8177, 1521, 7539, 1651, 1013, 3702, 889]"
0.73,0.02,0.3601347079772239,"[1026, 132, 1546, 8459, 8460, 13, 1804, 15, 527, 17, 1553, 16, 144, 8463, 1299, 24, 25, 26, 920, 30, 162, 163, 35, 165, 2214, 553, 42, 974]"
0.54,0.02,0.3880215369772655,"[4478, 382, 4484, 4486, 392, 5640, 906, 4875, 1804, 4492, 14, 527, 8463, 1299, 276, 920, 30, 35, 163, 1443, 806, 40, 808, 6828, 1326, 3374, 1332, 4149, 951, 824, 442, 3021, 8144, 1873, 851, 7124, 214, 7638, 856, 220, 889, 3702, 5601, 231, 4473, 1904, 4472]"
0.03,0.04,0.47398808550820004,"[16, 30, 35, 40, 553, 42, 1068, 49, 54, 58, 62, 67, 1092, 70, 1094, 582, 1098, 75, 77, 590, 2126, 80, 5202, 86, 5216, 614, 1128, 624, 630, 632, 2696, 5258, 152, 162, 163, 165, 2214, 171, 172, 173, 190, 2250, 1231, 214, 220, 5858, 231, 8446, 276, 806, 808, 1326, 3374, 1332, 824, 1873, 851, 856, 1904, 881, 1907, 4468, 4470, 4472, 889, 4473, 4475, 4476, 1918, 382, 4478, 4484, 4486, 904, 906, 4492, 4493, 4495, 4496, 402, 914, 920, 3490, 419, 1443, 428, 4015, 433, 946, 1461, 951, 442, 7615, 458, 4065, 7671, 3582, 4669]"
0.4,0.03,0.4333403257440511,"[1026, 132, 4486, 1546, 8459, 8460, 13, 1804, 527, 15, 17, 1553, 16, 20, 144, 8463, 1299, 24, 25, 26, 920, 30, 162, 163, 35, 165, 2214, 1443, 40, 553, 42, 171, 1068, 172, 173, 49, 946, 433, 1332, 1461, 54, 442, 62, 7615, 190, 67, 1092, 582, 1098, 75, 2250, 2126, 1231, 86, 214, 220, 5216, 614, 1128, 1904, 632]"
0.37,0.03,0.4145221008765513,"[392, 906, 8459, 8460, 4492, 8463, 2832, 4496, 1299, 276, 6807, 920, 413, 7967, 165, 2214, 806, 808, 4139, 1068, 171, 172, 173, 7467, 2993, 49, 51, 1326, 3374, 54, 55, 1332, 824, 58, 62, 190, 67, 1092, 582, 1098, 75, 76, 588, 2250, 1873, 851, 86, 214, 856, 220, 5216, 4472, 4523, 614, 1128, 362, 429, 624, 1904, 1907, 4468, 632, 889, 3070]"
0.34,0.02,0.40731186209887793,"[1792, 8448, 4354, 1285, 4486, 4359, 2696, 5258, 4236, 5388, 7311, 271, 5781, 920, 6428, 163, 1443, 165, 4901, 1836, 7469, 1841, 1842, 54, 1847, 2359, 951, 7482, 442, 62, 4926, 833, 67, 1092, 1733, 70, 1094, 582, 3400, 1098, 75, 8394, 77, 2251, 3323, 6910, 6988, 3021, 5971, 8144, 7124, 2774, 7638, 4065, 5601, 1009, 8434, 1521, 501, 630, 5239, 1785, 5370, 5755, 124, 638, 2485]"
0.47,0.02,0.41974390739426204,"[1, 6915, 4486, 2054, 6428, 1823, 3490, 419, 163, 165, 2214, 1443, 4901, 171, 1836, 7469, 4015, 1841, 1842, 1918, 54, 951, 824, 1847, 58, 2359, 4411, 62, 67, 1092, 5573, 70, 1094, 582, 458, 75, 2250, 77, 590, 3021, 80, 1873, 5202, 8144, 7124, 7638, 4065, 5858, 97, 614, 3829, 630, 7671, 3582]"
0.33,0.03,0.4264327263929213,"[4478, 132, 4486, 1546, 8459, 8460, 1804, 15, 8463, 1553, 1299, 20, 276, 24, 25, 26, 920, 30, 162, 35, 163, 165, 2214, 1443, 40, 553, 42, 171, 1068, 806, 808, 1326, 3374, 49, 946, 1332, 1461, 54, 824, 62, 67, 1092, 582, 1098, 75, 2250, 458, 2126, 590, 80, 1873, 851, 86, 5216, 97, 4472, 614, 1128, 624, 881, 1904, 1907, 4468, 632, 889, 8446, 766, 1663]"
0.81,0.01,0.3731101418394258,"[362, 3021, 1680, 3397, 15, 17, 1553, 16, 20, 24, 25, 26, 30, 35, 40, 553, 42, 7727, 49, 54]"
0.46,0.03,0.3997926114069331,"[1026, 132, 4486, 392, 1546, 8459, 8460, 13, 1804, 15, 527, 17, 1553, 16, 20, 144, 8463, 276, 24, 25, 26, 30, 35, 1443, 165, 806, 2214, 40, 808, 42, 7467, 1068, 171, 1326, 3374, 49, 1332, 1461, 54, 824, 58, 62, 67, 1092, 70, 1094, 582, 1098, 75, 2250, 77, 590, 458, 80, 4478]"
0.86,0.01,0.29808623359955166,"[1, 4486, 2054, 1285, 4359, 2696, 904, 5258, 7946, 5388, 4293, 16, 2327, 920, 152]"
0.17,0.03,0.4119413411706909,"[54, 62, 67, 1092, 70, 1094, 582, 1098, 75, 77, 630, 5239, 5755, 124, 638, 2696, 5258, 4236, 7311, 5781, 163, 165, 1733, 8394, 2251, 2774, 8434, 1785, 5370, 3323, 6910, 1792, 8448, 4354, 1285, 4359, 5388, 271, 6428, 4901, 1836, 7469, 1841, 1842, 1847, 2359, 7482, 4926, 833, 3400, 6988, 5971, 4436, 7006, 3947, 4977, 370, 893, 4486, 5512, 1928, 7050, 1419, 6028, 6027, 8590, 4497, 920, 8093, 7069, 1443, 2994, 951, 442, 446, 8136, 3021, 8144, 7124, 7638, 4065, 1009, 1521, 8617]"
0.7,0.01,0.30038646658386925,"[2993, 1928, 5512, 7050, 1419, 6027, 6028, 8590, 4497, 920, 8093, 7069, 7584, 8097, 1443, 6052, 2472, 4523, 18, 2994, 7091, 951, 446, 1480, 8136, 3021, 8144, 7124, 7638, 4065, 1521]"
0.23,0.04,0.43216954731961277,"[1026, 1546, 13, 15, 527, 17, 1553, 16, 24, 25, 26, 30, 35, 40, 553, 42, 1068, 49, 54, 62, 67, 1092, 582, 1098, 75, 2126, 86, 5216, 614, 1128, 624, 632, 124, 132, 144, 162, 163, 165, 2214, 171, 172, 173, 190, 2250, 1231, 214, 220, 231, 8446, 8459, 8460, 1804, 8463, 1299, 276, 806, 808, 1326, 3374, 1332, 824, 1873, 851, 881, 1907, 4468, 4470, 4472, 889, 4476, 920, 1443, 433, 946, 1461, 442, 7615, 974]"
0.18,0.04,0.4420824331251879,"[1026, 1546, 13, 527, 15, 17, 1553, 16, 24, 25, 26, 30, 35, 40, 553, 42, 1068, 49, 54, 62, 67, 1092, 582, 1098, 2126, 86, 5216, 124, 132, 144, 162, 163, 165, 2214, 171, 172, 173, 190, 2250, 1231, 214, 220, 231, 8446, 8459, 8460, 1804, 8463, 1299, 276, 806, 808, 1332, 824, 1873, 851, 1904, 881, 1907, 4468, 4472, 889, 920, 3490, 1443, 8104, 4015, 433, 946, 1970, 3507, 1461, 951, 442, 7615, 7617, 8144, 7124, 7638, 4065, 7671, 3582, 4230]"
0.59,0.02,0.35901205019543947,"[1026, 1546, 8459, 8460, 4236, 13, 15, 16, 17, 1553, 527, 1684, 5653, 271, 8463, 24, 1299, 276, 2327, 3867, 6428, 4901, 806, 808, 7467, 1836, 7469, 1326, 3374, 1841, 1842, 1332, 5827, 2762, 7502, 2255, 1804, 8567, 888, 5882, 7423, 8141]"
0.72,0.02,0.33922483156735694,"[1026, 132, 4486, 392, 1546, 8459, 8460, 13, 1804, 15, 527, 17, 1553, 16, 20, 144, 8463, 276, 24, 25, 26, 1785, 6429, 30, 1465, 35, 165, 8441, 254]"
0.23,0.02,0.3660234549209461,"[6657, 7214, 4144, 1075, 4149, 3128, 4665, 3135, 2120, 5707, 594, 2660, 108, 5232, 3184, 3185, 5239, 5755, 124, 638, 4236, 5781, 1733, 8394, 2251, 2774, 8434, 1785, 5370, 3323, 6910, 1792, 8448, 4354, 1285, 4359, 5388, 271, 6428, 4901, 1836, 7469, 1841, 1842, 2359, 1847, 7482, 4411, 4926, 833, 3400, 6988, 5971, 4436, 7006, 3947, 4977, 893, 1928, 5512, 7050, 1419, 6027, 6028, 8590, 4497, 920, 8093, 7069, 7584, 8097, 1443, 4015, 951, 3021, 8144, 7124, 4065]"
0.99,0.0,0.15914540036520153,"[4481, 5251]"
0.83,0.01,0.3091746931267535,"[4481, 4015, 2993, 433, 946, 3507, 1461, 442, 951, 7617, 5573, 458, 902, 5735, 501, 3582, 7638, 4065]"
0.98,0.0,0.20652894821318812,"[1, 4486, 1768]"
0.74,0.01,0.33063612117532526,"[6658, 13, 527, 16, 1553, 17, 15, 20, 24, 25, 26, 30, 32, 35, 3524, 3277, 856, 7000, 8160, 4468, 4472, 889, 5370, 3323, 6910, 8446, 1455]"
0.89,0.01,0.35380242717633437,"[1546, 7691, 13, 10, 15, 1553, 24, 25, 30, 32, 35, 40]"
0.99,0.0,0.029385539642397318,"[2993, 4510]"
0.35,0.02,0.45967109420729,"[644, 2054, 2696, 1546, 12, 141, 14, 527, 1553, 24, 1697, 162, 38, 163, 553, 49, 54, 3354, 3021, 7502, 8144, 5731, 7124, 7638, 362, 5971, 4436, 7539, 1651, 1285, 4359, 1013, 3702, 889, 7946, 8177, 1521, 5388, 1847, 271, 2327, 6428, 1823, 4901, 1836, 7469, 1841, 1842, 2359, 4411, 4926, 833, 3400, 6988, 7501, 5505, 7050, 7069, 428, 1970, 2994, 7091, 446, 1480, 8136, 282]"
0.52,0.02,0.38189843467545115,"[590, 1546, 13, 15, 16, 17, 1553, 527, 5653, 24, 4236, 1684, 5827, 2762, 2255, 7423, 8459, 8460, 1804, 271, 8463, 1299, 276, 2327, 3867, 6428, 4901, 806, 808, 7467, 1836, 7469, 1326, 3374, 1841, 1842, 1332, 1847, 2359, 824, 4411, 4926, 833, 3400, 6988, 7502, 1873, 5971, 895]"
0.45,0.02,0.46714357795955574,"[769, 4354, 260, 2696, 904, 5258, 16, 920, 152, 3490, 419, 163, 165, 2214, 1443, 171, 4015, 54, 951, 824, 58, 62, 67, 1092, 5573, 1094, 582, 458, 75, 2250, 77, 590, 3021, 80, 1873, 5202, 7502, 8144, 5971, 7124, 4436, 7638, 889, 4065, 5858, 97, 3582, 614, 8177, 1521, 3829, 630, 7671, 1013, 3702, 1918]"
1.0,0.0,0.14225109078470244,[4486]
0.55,0.02,0.39983567814588794,"[4486, 3369, 171, 172, 173, 7467, 2993, 49, 51, 1326, 3374, 54, 55, 1332, 824, 58, 62, 296, 67, 1092, 582, 1098, 75, 76, 588, 2250, 1873, 851, 86, 214, 856, 220, 5216, 4472, 4523, 614, 1128, 362, 429, 624, 1904, 1907, 4468, 632, 889, 3070]"
0.04,0.04,0.4679099801425586,"[644, 2054, 2696, 1546, 12, 141, 14, 527, 1553, 24, 1697, 38, 3354, 3021, 7502, 162, 49, 54, 8144, 163, 553, 5731, 7124, 7638, 362, 5971, 4436, 7539, 1651, 1285, 4359, 1013, 171, 889, 1068, 172, 173, 433, 1443, 1332, 1461, 58, 442, 62, 7615, 67, 1092, 2126, 86, 582, 1098, 75, 2250, 5216, 1128, 1231, 632, 2303, 220, 190, 1904, 614, 231, 851, 428, 624, 1907, 4472, 8446, 4476, 276, 806, 808, 1326, 3374, 824, 1873, 856, 881, 4468, 4470, 4473, 4475, 382, 4478, 4484, 4486, 4495, 4496, 402, 458, 914, 4493, 3490, 951, 906, 4492]"
0.39,0.03,0.4404953796823393,"[1792, 8448, 4354, 1285, 4486, 4359, 2696, 5258, 4236, 5388, 7311, 271, 5781, 920, 6428, 30, 162, 163, 1443, 4901, 165, 35, 2214, 40, 553, 42, 1836, 7469, 171, 1068, 172, 1841, 1842, 173, 49, 946, 54, 1847, 433, 1332, 442, 1461, 62, 7615, 190, 67, 1092, 582, 1098, 75, 2250, 2126, 1231, 86, 214, 220, 5216, 614, 1128, 1904, 632, 4098]"
0.01,0.03,0.45556180366070476,"[1026, 1546, 13, 527, 15, 17, 1553, 16, 24, 25, 26, 30, 35, 40, 553, 42, 1068, 49, 54, 62, 67, 1092, 582, 1098, 2126, 86, 5216, 124, 132, 144, 162, 163, 165, 2214, 171, 172, 173, 190, 2250, 1231, 214, 220, 231, 5205, 8459, 7905, 3810, 5865, 5363, 4346, 5882, 7502, 768, 3344, 4882, 5907, 2841, 1315, 7459, 3880, 2345, 7982, 815, 316, 5448, 2381, 5969, 8018, 1874, 6996, 6998, 7511, 7517, 4958, 4449, 356, 2917, 8567, 888, 8058, 4474, 8595, 2451, 2965, 3991, 928, 5538, 1450, 7083, 7082, 6574, 949, 452, 6598, 2506, 3030, 3544, 4571, 3062, 2039]"
0.48,0.03,0.42039581925319025,"[4486, 806, 808, 3369, 173, 1326, 49, 946, 433, 1332, 1461, 54, 442, 58, 190, 62, 67, 1092, 582, 1098, 75, 2250, 77, 2126, 1231, 590, 3021, 80, 851, 1873, 5202, 86, 214, 8144, 7124, 7638, 220, 5216, 4065, 5858, 97, 614, 1128, 873, 632, 1904, 624, 1907, 3829, 630, 4472, 889, 3582]"
0.78,0.01,0.29123522461731144,"[16, 20, 24, 26, 30, 4510, 553, 2993, 2483, 2996, 3524, 3277, 856, 7000, 8160, 4468, 4472, 889, 5370, 3323, 6910, 8446, 4746]"
0.12,0.03,0.500603474263405,"[1026, 2054, 1546, 12, 527, 20, 24, 38, 40, 553, 54, 58, 62, 67, 1092, 70, 582, 1096, 1098, 75, 590, 80, 5729, 97, 614, 3185, 3189, 124, 644, 141, 1697, 162, 163, 165, 2214, 171, 172, 173, 3760, 190, 1231, 214, 222, 7976, 1332, 4926, 833, 3400, 6988, 5966, 7502, 1872, 3923, 856, 889, 382, 6021, 7050, 920, 7069, 2976, 3490, 1443, 428, 4015, 433, 2994, 7091, 1461, 951, 442, 4538, 446, 7617, 1987, 8136, 5065, 458, 1480, 3021, 8144, 7124, 7638, 4065, 1009, 1521, 8177, 1013, 3582]"
0.52,0.02,0.41727194511060195,"[4481, 5251, 3490, 419, 163, 165, 2214, 1443, 171, 4015, 54, 951, 824, 58, 62, 67, 1092, 5573, 1094, 582, 458, 75, 2250, 77, 590, 3021, 80, 1873, 5202, 7502, 8144, 5971, 7124, 4436, 3460, 889, 4065, 5858, 97, 3582, 614, 8177, 1521, 3829, 630, 7671, 1013, 3702, 1918]"
0.22,0.02,0.3970762217075213,"[5729, 769, 5505, 8200, 7946, 202, 14, 527, 7501, 5143, 24, 4636, 2654, 4192, 6251, 5240, 3194, 7311, 1823, 4236, 1684, 8360, 5812, 1212, 192, 1970, 4801, 3778, 5827, 2762, 2255, 1248, 5860, 8434, 1785, 5370, 3323, 6910, 4354, 1285, 4359, 5388, 6027, 6028, 271, 4497, 2327, 920, 6428, 8093, 7584, 8097, 6052, 4901, 2472, 1836, 7469, 4015, 1841, 1842, 1847, 2359, 4411, 4926, 893, 6988, 5971, 4436, 4977, 7006, 1733, 2994, 833, 7091, 951, 446, 1480, 3400, 3021]"
0.35,0.02,0.4191713516535601,"[1026, 132, 1546, 8459, 8460, 13, 20, 527, 15, 17, 1553, 16, 144, 1804, 8458, 1299, 24, 25, 26, 30, 35, 920, 165, 162, 2214, 163, 42, 40, 946, 3702, 7946, 8177, 553, 1521, 5388, 49, 1847, 271, 2327, 6428, 54, 1823, 4901, 1836, 7469, 1841, 1842, 2359, 4411, 4926, 833, 3400, 6988, 7501, 5505, 7050, 7069, 1970, 2994, 7091, 446, 1480, 8136, 282, 428, 889]"
0.92,0.0,0.23713729757511393,"[2242, 35, 4486, 392, 4616, 7946, 6802, 3923, 3752]"
0.62,0.02,0.3754713080927774,"[4478, 4484, 4486, 5640, 906, 392, 1904, 4472, 220, 382, 627, 2214, 40, 808, 42, 7467, 1068, 171, 1326, 3374, 49, 1332, 1461, 54, 824, 58, 62, 67, 1092, 73, 1094, 582, 1098, 75, 2250, 77, 590, 458, 80]"
0.98,0.0,0.10518932803612424,"[2993, 3557, 7564]"
0.21,0.02,0.42300851431292996,"[1026, 6658, 1546, 13, 15, 527, 17, 1553, 16, 5653, 24, 3185, 4236, 1684, 5827, 2762, 2255, 1248, 5860, 8434, 1785, 5370, 3323, 6910, 260, 271, 2327, 6428, 4901, 1836, 7469, 2863, 1841, 1847, 2359, 4411, 4926, 833, 3400, 6988, 7502, 5971, 4436, 7006, 4977, 893, 1928, 5512, 7050, 6027, 6028, 1419, 8590, 8591, 4497, 920, 7069, 8093, 7584, 8097, 1443, 6052, 2472, 4015, 2994, 7091, 951, 446, 1480, 8136, 3021, 8144, 7124, 7638, 4065, 1521, 1009, 8177, 7671, 3582]"
0.89,0.01,0.3145416468664668,"[1128, 40, 1546, 8459, 590, 15, 16, 17, 1553, 80, 20, 22]"
0.08,0.04,0.451261876583803,"[1026, 1546, 14, 527, 1553, 20, 24, 25, 30, 32, 35, 38, 40, 553, 4139, 1068, 49, 51, 54, 55, 58, 62, 67, 1092, 582, 1098, 75, 588, 76, 86, 5216, 614, 1128, 624, 632, 132, 644, 2696, 141, 1697, 162, 163, 165, 2214, 171, 172, 173, 190, 2250, 1231, 214, 220, 231, 8446, 8459, 8460, 1804, 8463, 2832, 1299, 276, 806, 808, 7467, 1326, 1332, 824, 1873, 851, 856, 1369, 1904, 881, 1907, 4468, 4470, 4472, 889, 4476, 4492, 920, 413, 1443, 429, 433, 946, 3507, 1461, 442, 7615, 458, 1513, 6896]"
0.2,0.03,0.4436045834881316,"[1546, 527, 16, 17, 1553, 20, 24, 25, 26, 30, 35, 40, 42, 1068, 49, 54, 58, 62, 67, 1092, 70, 1094, 582, 1098, 75, 77, 590, 80, 97, 614, 624, 1663, 132, 144, 6802, 162, 163, 2214, 171, 172, 173, 5833, 2250, 247, 8446, 1792, 8459, 8463, 1299, 276, 6429, 7967, 806, 7464, 808, 7467, 1326, 3374, 1332, 824, 1873, 3923, 851, 856, 1904, 881, 1907, 4468, 392, 920, 1443, 2993, 946, 433, 1461, 442, 458, 8144, 7124, 7638, 801]"
0.57,0.01,0.38854559211657,"[638, 5755, 4523, 2485, 1847, 951, 2359, 442, 7482, 4926, 62, 833, 67, 1092, 1733, 70, 1094, 582, 3400, 75, 8394, 77, 2251, 6988, 3021, 8144, 5971, 7124, 2774, 7638, 4065, 5601, 362, 1009, 8434, 1521, 501, 630, 5239, 1785, 5370, 3323, 124, 6910]"
0.69,0.02,0.33503231981741743,"[1026, 132, 4486, 392, 1546, 8459, 8460, 13, 1804, 15, 527, 17, 1553, 16, 20, 144, 8463, 276, 24, 25, 26, 920, 1443, 2993, 3021, 8144, 7124, 7638, 4065, 1521, 4478, 5996]"
0.97,0.0,0.21619170161461232,"[2993, 4472, 220, 382]"
0.59,0.01,0.363687186876836,"[5505, 7050, 1680, 282, 7069, 1823, 4901, 2348, 428, 1836, 7469, 2993, 1970, 2994, 7091, 1841, 1842, 2359, 4411, 446, 4926, 833, 3400, 1480, 8136, 6988, 7501, 3021, 7502, 8144, 3923, 7124, 5971, 7638, 4436, 5731, 362, 8177, 1521, 1651, 1013, 889]"
0.43,0.01,0.395972614469679,"[1, 2434, 769, 4065, 4354, 260, 8136, 2359, 4411, 1285, 4359, 1842, 5640, 7950, 4901, 5388, 7311, 271, 4881, 6802, 4627, 2327, 6428, 7069, 6821, 1836, 7469, 1841, 5287, 1847, 1339, 4926, 833, 2758, 3400, 8265, 6988, 6910, 2255, 2640, 5966, 1746, 1235, 3923, 7502, 5460, 5971, 1626, 1248, 5858, 101, 1521, 8434, 1009, 7671, 1785, 5370, 3582]"
0.93,0.0,0.28513437463073577,"[769, 260, 2696, 904, 5258, 16, 920, 152]"
0.71,0.01,0.42093140092042236,"[1026, 6148, 5258, 7564, 55, 824, 2745, 58, 190, 62, 67, 1092, 582, 2250, 75, 588, 76, 2126, 5971, 4436, 86, 6876, 5216, 614, 1128, 494, 1907, 632, 889, 382]"
0.26,0.02,0.3977738255932891,"[362, 3021, 1680, 3397, 15, 17, 1553, 16, 20, 24, 25, 26, 30, 35, 40, 553, 42, 7727, 49, 54, 5370, 3323, 6910, 1792, 8448, 4354, 1285, 4359, 5388, 271, 6428, 4901, 1836, 7469, 1841, 1842, 1847, 2359, 7482, 4926, 833, 3400, 6988, 5971, 4436, 7006, 3947, 4977, 370, 893, 4486, 5512, 1928, 7050, 1419, 6028, 6027, 8590, 4497, 920, 8093, 7069, 1443, 2994, 951, 442, 446, 8136, 8144, 7124, 7638, 5656, 1009, 1521, 8617]"
0.21,0.03,0.43111211591186027,"[2993, 1928, 5512, 7050, 1419, 6027, 6028, 8590, 4497, 920, 8093, 7069, 7584, 8097, 6052, 2472, 1443, 4523, 18, 2994, 7091, 951, 446, 1480, 8136, 6429, 30, 35, 7124, 7638, 8144, 247, 806, 2214, 40, 808, 42, 7467, 1068, 171, 1326, 3374, 49, 1332, 1461, 54, 824, 58, 62, 67, 1092, 70, 1094, 582, 1098, 75, 2250, 77, 590, 458, 220, 1873, 851, 97, 614, 624, 881, 1904, 1907, 4468, 8446, 1663, 172, 173, 163, 162, 1299, 946, 433, 442]"
0.5,0.02,0.41354353428732493,"[4486, 8, 6408, 13, 14, 588, 4372, 7339, 1068, 429, 1231, 51, 54, 55, 58, 62, 450, 67, 1094, 3400, 75, 6988, 77, 590, 7502, 80, 1872, 5202, 594, 3923, 851, 214, 4562, 856, 1248, 5729, 2274, 5216, 7524, 5860, 614, 1128, 6251, 632, 630, 5240, 1785, 5370, 3330, 76, 328]"
0.48,0.01,0.400201405899846,"[768, 1538, 6658, 4354, 260, 1285, 4359, 5370, 5388, 271, 3344, 4882, 5907, 2327, 2841, 6428, 1315, 7459, 4901, 1443, 1836, 7469, 4015, 1841, 1842, 2359, 1847, 951, 4411, 3021, 2255, 8144, 7124, 7638, 1248, 97, 3810, 5858, 5860, 4065, 614, 3582, 4346, 3185, 8434, 5363, 3829, 630, 7671, 1785, 5882, 3323, 6910]"
0.05,0.04,0.4551661528522891,"[1026, 1546, 13, 527, 15, 17, 1553, 16, 24, 25, 26, 30, 35, 40, 553, 42, 1068, 49, 54, 58, 62, 67, 1092, 582, 1098, 75, 2126, 86, 5216, 614, 1128, 624, 632, 124, 132, 144, 162, 163, 165, 2214, 171, 172, 173, 190, 2250, 1231, 214, 220, 231, 8446, 2303, 8459, 8460, 1804, 8463, 1299, 276, 806, 808, 1326, 3374, 1332, 824, 1873, 851, 856, 1904, 881, 1907, 4468, 4470, 4472, 889, 4473, 4475, 4476, 382, 4478, 4484, 4486, 906, 4492, 4493, 4495, 402, 914, 920, 3490, 1443, 428, 433, 1461, 951, 442, 7615, 458]"
0.38,0.03,0.4888881027680727,"[1026, 4098, 132, 1546, 13, 15, 16, 17, 1553, 527, 20, 144, 920, 24, 25, 26, 30, 162, 35, 163, 165, 2214, 1443, 40, 553, 42, 171, 1068, 172, 173, 2863, 49, 1332, 1461, 54, 58, 442, 62, 7615, 190, 67, 1092, 70, 1094, 582, 1098, 75, 2250, 77, 590, 1231, 80, 2126, 214, 86, 220, 5216, 614, 1128, 1904, 7671, 632, 2190]"
0.74,0.02,0.34990117131493736,"[1026, 1546, 14, 527, 1553, 20, 1, 25, 30, 32, 38, 15, 17, 16, 144, 26, 4478, 35, 132, 1443, 165, 806, 8459, 1804, 8460, 8463, 276]"
0.86,0.01,0.36051379104885084,"[5573, 2054, 5735, 40, 553, 458, 12, 5262, 442, 17, 501, 1461, 951, 26, 3582]"
0.69,0.01,0.3526410512765896,"[769, 4354, 260, 2696, 904, 5258, 16, 920, 152, 3490, 419, 163, 165, 2214, 171, 20, 1443, 144, 8463, 294, 24, 25, 26, 2993, 4478, 5996, 4065, 3021, 8144, 1521, 7124, 7638]"
0.22,0.03,0.4191248001832566,"[1026, 6658, 1546, 13, 15, 527, 17, 1553, 16, 5653, 24, 3185, 124, 132, 4236, 144, 1684, 162, 163, 165, 2214, 171, 172, 173, 190, 5827, 2762, 2250, 2255, 1231, 214, 220, 1248, 5860, 231, 8434, 1785, 5370, 3323, 6910, 8446, 260, 8459, 8460, 1804, 271, 8463, 1299, 276, 2327, 6428, 4901, 806, 808, 1836, 7469, 1326, 2863, 3374, 1332, 824, 1873, 851, 881, 1907, 4468, 4470, 4472, 889, 4476, 920, 1443, 433, 946, 1461, 442, 7615, 974, 4089]"
0.85,0.01,0.37088833143866984,"[769, 4354, 260, 2696, 904, 5262, 16, 920, 152, 3490, 419, 163, 165, 2214, 1443, 171]"
0.26,0.02,0.37408178098132805,"[5729, 769, 5505, 8200, 7946, 202, 14, 527, 7501, 5143, 24, 4636, 2654, 4192, 6251, 5240, 3194, 4236, 7311, 1684, 1823, 8360, 5812, 1212, 192, 1970, 4801, 3778, 5827, 2762, 7124, 7638, 5656, 1009, 1521, 5370, 3323, 6910, 8617, 4354, 1285, 4359, 5512, 1928, 7050, 5388, 271, 6428, 4901, 1836, 7469, 1841, 1842, 1847, 2359, 1419, 4926, 6028, 833, 6988, 6027, 5971, 4436, 7006, 893, 4497, 4977, 920, 8093, 2994, 3400, 962, 446, 8136, 3021]"
0.19,0.03,0.4334599308621394,"[24, 25, 26, 30, 35, 40, 42, 1068, 49, 54, 58, 62, 67, 1092, 582, 70, 1094, 1098, 75, 77, 2126, 590, 80, 97, 614, 624, 1663, 132, 144, 6802, 162, 163, 2214, 171, 172, 173, 190, 5833, 2250, 1231, 247, 8446, 1792, 8459, 8463, 1299, 276, 6429, 7967, 801, 806, 808, 3369, 7464, 7467, 1326, 3374, 1332, 824, 1873, 851, 3923, 856, 1904, 881, 1907, 4468, 4486, 392, 920, 1443, 433, 946, 2993, 1461, 442, 458, 3021, 8144, 7124, 7638, 6873]"
0.66,0.01,0.29086813079189866,"[7214, 4144, 1075, 4149, 3128, 4665, 3135, 2120, 5707, 594, 2660, 108, 5232, 3184, 3185, 5239, 5755, 124, 638, 5258, 4236, 7311, 5781, 1733, 8394, 2251, 2774, 8434, 1785, 5370, 7906, 6910, 1792, 5971, 4436]"
0.04,0.04,0.4627947683017636,"[5729, 769, 5505, 8200, 7946, 202, 14, 527, 7501, 5143, 4636, 24, 2654, 4192, 6251, 5240, 3194, 4236, 7311, 1684, 753, 8360, 7638, 2390, 4436, 7539, 1651, 1013, 171, 1068, 172, 173, 433, 1443, 1332, 1461, 58, 442, 62, 7615, 67, 1092, 1285, 4359, 2126, 86, 582, 1098, 75, 2250, 5216, 1128, 1231, 632, 2303, 220, 190, 614, 7502, 1873, 851, 856, 231, 1904, 1907, 4468, 889, 428, 624, 8446, 4476, 276, 362, 806, 808, 1326, 3374, 824, 881, 4496, 4472, 4492, 906, 4470, 4473, 4475, 382, 4478, 4484, 4486, 4495, 402, 458, 914, 4493, 3490, 951]"
0.9,0.01,0.26209869591177093,"[768, 1538, 6658, 4354, 260, 614, 1128, 1904, 624, 4472, 6030]"
0.28,0.03,0.42242350735651124,"[4481, 5251, 3460, 8595, 2451, 2965, 2039, 3991, 928, 3490, 163, 419, 165, 2214, 1443, 1450, 171, 7083, 7082, 6574, 4015, 1918, 949, 54, 951, 824, 58, 62, 2506, 67, 1092, 5573, 1094, 582, 452, 6598, 458, 75, 2250, 77, 590, 3021, 80, 1873, 5202, 8144, 5971, 7502, 7124, 4436, 3030, 3544, 4571, 8058, 8567, 4065, 5858, 97, 356, 2917, 614, 4474, 8177, 1521, 888, 3829, 630, 7671, 1013, 889, 3702, 3062, 3582]"
0.61,0.02,0.38399850034981764,"[1026, 132, 4486, 392, 1546, 3401, 8460, 13, 1804, 15, 527, 17, 1553, 16, 20, 144, 8463, 276, 24, 25, 26, 30, 35, 1443, 165, 806, 2214, 40, 808, 42, 7467, 1068, 171, 1326, 3374, 49, 1332, 1461, 54, 4478]"
0.99,0.0,0.14304100526818575,"[4486, 2791]"
0.23,0.03,0.4052950982486512,"[4481, 5251, 3490, 419, 163, 165, 2214, 1443, 171, 4015, 54, 951, 824, 58, 62, 67, 1092, 5573, 1094, 582, 458, 75, 2250, 77, 590, 1733, 8394, 3021, 2251, 2774, 8434, 8144, 5971, 7124, 4436, 1785, 5370, 3323, 6910, 1792, 8448, 4354, 1285, 4359, 4065, 5388, 271, 6428, 4901, 1836, 7469, 1841, 1842, 2359, 1847, 7482, 25, 4926, 833, 3400, 6988, 7006, 3947, 4977, 893, 1928, 5512, 7050, 1419, 6027, 6028, 8590, 4497, 920, 8093, 7069, 7584, 8097]"
0.78,0.01,0.26373296055198336,"[2242, 35, 4486, 392, 4616, 7946, 553, 2993, 2483, 2996, 3524, 3277, 6686, 7000, 8160, 4468, 4472, 889, 5370, 3323, 6910, 8446, 4746]"
0.16,0.04,0.4472487172601204,"[1026, 58, 1546, 8459, 8460, 13, 974, 15, 527, 17, 1553, 16, 144, 26, 42, 1299, 24, 25, 8463, 162, 1804, 163, 30, 35, 165, 2214, 124, 40, 553, 946, 2126, 171, 1068, 172, 173, 49, 1461, 433, 442, 1332, 54, 7615, 3374, 4473, 86, 62, 67, 1092, 5216, 2250, 4475, 382, 1128, 582, 632, 1098, 1443, 75, 920, 1904, 3490, 220, 231, 1231, 1907, 8446, 624, 214, 614, 889, 4476, 1369, 276, 806, 4472, 808, 851, 1326, 824, 190, 1873, 4468, 4470, 881, 856]"
0.45,0.02,0.4089683957432433,"[1026, 132, 4486, 392, 1546, 8459, 8460, 13, 1804, 15, 527, 17, 1553, 359, 4015, 54, 951, 824, 58, 62, 67, 920, 1092, 5573, 1443, 1094, 8144, 7124, 7638, 3021, 582, 458, 1521, 75, 2250, 77, 4065, 590, 80, 1873, 5202, 7502, 5971, 4436, 889, 5858, 97, 3582, 614, 8177, 3829, 630, 7671, 1013, 3702, 1918]"
0.11,0.04,0.44929943688592155,"[2054, 1546, 12, 14, 527, 1553, 20, 24, 25, 30, 32, 35, 38, 40, 553, 4139, 1068, 49, 51, 54, 55, 58, 62, 67, 1092, 582, 1098, 75, 588, 76, 86, 5216, 614, 624, 632, 644, 2696, 141, 1697, 162, 163, 165, 2214, 171, 172, 173, 190, 2250, 1231, 214, 220, 231, 8446, 8459, 8460, 1804, 8463, 2832, 1299, 276, 806, 808, 7467, 1326, 1332, 824, 1873, 851, 856, 1904, 881, 1907, 4468, 4470, 4472, 889, 4476, 4492, 920, 413, 1443, 429, 433, 946, 3507, 1461, 442, 7615, 458, 1513]"
0.44,0.02,0.4235170228616285,"[1928, 5512, 7050, 1419, 6027, 6028, 8590, 4497, 18, 920, 7069, 8093, 6429, 7584, 8097, 30, 1443, 6052, 35, 806, 2214, 2472, 40, 808, 4523, 42, 7467, 171, 2993, 2994, 7091, 163, 54, 951, 824, 58, 446, 62, 67, 1092, 1094, 582, 1480, 8136, 458, 75, 2250, 77, 590, 8144, 1873, 7124, 7638, 97, 614, 247, 4069]"
0.21,0.02,0.4139748219139038,"[7214, 4144, 1075, 4149, 3128, 527, 17, 1553, 16, 5653, 24, 1684, 5827, 2762, 3185, 2255, 1248, 5860, 260, 2327, 2863, 4236, 7502, 8591, 1480, 8177, 7671, 8434, 1785, 5370, 3323, 6910, 3582, 1928, 5512, 7050, 6027, 6028, 1419, 271, 8590, 4497, 920, 6428, 7069, 8093, 4901, 1836, 7584, 7469, 1841, 8097, 2359, 1443, 1847, 4411, 4926, 833, 3400, 6988, 893, 5971, 4436, 4977, 7006, 6052, 2472, 4015, 2994, 7091, 951, 446, 8136, 6610, 8144, 7124, 7638, 4065, 1521, 1009]"
0.15,0.03,0.42092072457571683,"[1026, 6658, 1546, 13, 527, 17, 26, 40, 553, 42, 1068, 49, 58, 62, 67, 1092, 582, 1098, 75, 614, 132, 144, 6802, 162, 163, 165, 2214, 171, 172, 173, 190, 5833, 2250, 1231, 214, 220, 231, 8446, 1792, 260, 4359, 8459, 5388, 271, 2327, 6428, 4901, 1836, 7469, 1841, 1842, 1847, 2359, 4411, 4926, 833, 3400, 6988, 7502, 5971, 4436, 7006, 4977, 893, 1928, 5512, 7050, 1419, 6027, 6028, 8591, 4497, 920, 8093, 7584, 8097, 6052, 2472, 4015, 2994, 7091, 951, 446, 1480, 8136, 3021]"
0.96,0.0,0.22430039405802693,"[1792, 132, 1546, 8457, 6802]"
0.05,0.04,0.4498375493337169,"[4478, 382, 4484, 5640, 4486, 392, 13, 906, 15, 1804, 17, 4492, 527, 8463, 1299, 276, 920, 30, 35, 163, 1443, 86, 40, 808, 1553, 1326, 3374, 1332, 16, 20, 824, 442, 24, 25, 1873, 851, 26, 214, 553, 42, 220, 889, 1068, 49, 54, 231, 58, 1904, 4472, 62, 67, 1092, 70, 1094, 582, 1098, 75, 77, 590, 80, 97, 614, 624, 1663, 144, 162, 165, 2214, 171, 172, 173, 2250, 1231, 3829, 8446, 8459, 8460, 881, 1907, 4468, 1657, 4496, 2454, 413, 428, 429, 2993, 946, 3507, 433, 1461, 7615, 458, 2016, 2026, 7467]"
0.23,0.03,0.4509322913218824,"[644, 2054, 2696, 1546, 12, 141, 14, 527, 1553, 24, 1697, 38, 3354, 3021, 7502, 162, 49, 54, 8144, 5731, 7124, 163, 553, 7638, 362, 5971, 4436, 7539, 1651, 1285, 4359, 1013, 946, 889, 974, 171, 276, 1068, 172, 433, 173, 1442, 1461, 442, 62, 7615, 67, 1092, 2126, 86, 1443, 806, 582, 1098, 5216, 1128, 75, 632, 2250, 808, 1231, 1326, 220, 3374, 614, 231, 824, 624, 8446, 1907, 4476, 190, 1873, 851, 4472, 881, 4468, 4470]"
0.14,0.04,0.45468503562699125,"[2054, 1546, 12, 14, 527, 1553, 24, 38, 553, 1068, 49, 54, 58, 62, 67, 1092, 582, 1098, 75, 2126, 86, 5216, 5731, 614, 1128, 624, 1651, 632, 644, 2696, 141, 1697, 162, 163, 171, 172, 190, 2250, 1231, 220, 231, 8446, 2303, 1285, 4359, 276, 3354, 806, 808, 1326, 3374, 1332, 824, 7502, 1873, 5971, 4436, 851, 856, 362, 1904, 881, 7539, 1907, 4468, 4470, 4472, 4473, 889, 4475, 4476, 382, 4478, 4484, 4486, 1443, 428, 433, 1461, 442, 7615, 458, 3021, 8144, 7124, 7638, 1013]"
0.74,0.01,0.3209913812528348,"[4486, 2327, 3867, 6428, 4901, 806, 808, 7467, 1836, 7469, 1326, 3374, 1841, 1842, 1332, 1847, 2359, 824, 4411, 4926, 833, 3400, 4749, 7502, 1873, 5971, 895]"
0.35,0.03,0.44556794589206694,"[1792, 8448, 4354, 1285, 4486, 4359, 2696, 5258, 4236, 5388, 7311, 271, 5781, 920, 6428, 30, 162, 163, 1443, 4901, 165, 171, 2214, 40, 553, 42, 1836, 7469, 1068, 26, 172, 1841, 1842, 173, 49, 946, 54, 1847, 433, 1332, 442, 1461, 62, 7615, 190, 67, 1092, 582, 1098, 75, 833, 3400, 6988, 7501, 5505, 7050, 7069, 1970, 2994, 7091, 446, 1480, 8136, 282, 428, 889]"
0.12,0.04,0.44192183291992204,"[1026, 1546, 13, 15, 527, 17, 1553, 16, 24, 25, 26, 30, 35, 40, 42, 1068, 49, 54, 62, 67, 1092, 582, 1098, 2126, 86, 5216, 124, 132, 4230, 144, 162, 163, 165, 2214, 171, 172, 173, 190, 2250, 1231, 214, 220, 231, 8446, 8459, 8460, 1804, 8463, 1299, 276, 806, 808, 1332, 824, 1873, 851, 1904, 881, 1907, 4468, 4472, 889, 906, 4492, 4493, 402, 914, 920, 3490, 1443, 8104, 428, 4015, 433, 1970, 3507, 946, 1461, 951, 442, 7615, 7617, 458, 8144, 7124, 7638, 4065, 7671, 3582]"
0.94,0.0,0.2520291010557253,"[1546, 26, 6348, 132, 5833, 8459, 3923]"
0.78,0.01,0.3470267644690952,"[4486, 2446, 806, 808, 3369, 40, 300, 173, 1326, 7727, 49, 946, 433, 1332, 1461, 54, 58, 442, 62, 190, 67, 7419, 1955]"
0.58,0.02,0.3788943454153618,"[644, 2054, 2696, 1546, 8459, 12, 141, 14, 527, 8460, 1553, 8463, 1299, 20, 1804, 276, 24, 32, 1697, 162, 163, 165, 38, 806, 40, 553, 808, 4139, 172, 173, 7467, 1326, 49, 1332, 54, 8141, 2255, 1513, 8567, 888, 5882, 7423, 5614]"
0.47,0.02,0.38099268157794886,"[4478, 260, 1928, 5512, 7050, 6027, 4236, 6028, 1419, 527, 16, 17, 1553, 1684, 5653, 271, 2327, 24, 4497, 920, 1443, 7214, 2863, 4144, 1075, 4149, 3128, 5827, 70, 1094, 1480, 582, 2762, 1098, 75, 2250, 7502, 2255, 77, 590, 458, 8590, 80, 1248, 5860, 3582, 3185, 8177, 8434, 7671, 1785, 5370, 3323, 6910]"
0.52,0.02,0.38886268986863004,"[2993, 3021, 1928, 5512, 7050, 1419, 6027, 6028, 8590, 4497, 920, 8093, 7069, 7584, 8097, 1443, 6052, 2472, 4523, 2994, 7091, 951, 446, 1480, 8136, 6255, 8144, 7124, 7638, 1521, 54, 824, 58, 62, 67, 1092, 1094, 18, 582, 458, 75, 2250, 77, 590, 1873, 97, 614, 247, 4069]"
0.64,0.01,0.35966564441508064,"[1792, 132, 1546, 1675, 4236, 7309, 269, 1292, 400, 1684, 5143, 24, 4636, 2076, 1823, 8104, 8360, 4657, 1970, 1212, 202, 2762, 7501, 2255, 989, 2654, 4192, 5729, 1248, 7524, 5860, 8434, 6900, 5240, 1785, 5370, 123]"
0.41,0.03,0.42589177666530464,"[7564, 3759, 2832, 4496, 1299, 276, 6807, 920, 413, 7967, 165, 2214, 806, 808, 4139, 2008, 171, 172, 173, 7467, 2993, 49, 51, 1326, 3374, 54, 55, 1332, 824, 58, 62, 190, 67, 1092, 582, 1098, 75, 76, 588, 2250, 1873, 851, 86, 214, 856, 220, 5216, 4472, 4523, 614, 1128, 362, 429, 624, 1904, 1907, 4468, 632, 889, 3070]"
0.52,0.02,0.33209774906426537,"[1792, 132, 4236, 1546, 8459, 7309, 269, 1684, 5143, 4636, 1823, 8104, 24, 8360, 1970, 1212, 192, 1292, 6078, 202, 2762, 7501, 2255, 5340, 989, 2654, 4192, 5729, 1248, 7524, 5860, 6251, 8434, 5240, 1785, 5370, 3323, 400, 4495, 4496, 402, 458, 914, 428, 4493, 3490, 951, 906, 4492]"
0.26,0.03,0.4337964354578585,"[1026, 1546, 13, 15, 527, 17, 1553, 16, 24, 25, 26, 30, 35, 40, 42, 1068, 49, 54, 62, 67, 1092, 582, 1098, 2126, 86, 5216, 124, 132, 4230, 144, 2214, 171, 190, 162, 163, 165, 2250, 172, 173, 1231, 214, 220, 231, 8446, 824, 1873, 851, 1904, 881, 1907, 4468, 4472, 889, 1332, 1341, 4492, 808, 806, 8459, 8460, 1299, 276, 8463, 1804, 4493, 402, 914, 920, 3490, 1443, 8104, 428, 4015, 433, 1970]"
0.9,0.01,0.25684644840841175,"[392, 906, 8459, 4492, 8463, 2832, 4496, 1299, 276, 6807, 920]"
0.54,0.02,0.45483951931512856,"[1026, 1546, 13, 527, 15, 17, 1553, 16, 24, 25, 26, 30, 35, 40, 553, 42, 1068, 73, 54, 58, 62, 67, 1092, 582, 1098, 75, 2126, 86, 5216, 614, 1128, 624, 632, 124, 132, 144, 162, 163, 165, 2214, 171, 172, 173, 190, 2250, 1231, 214]"
0.29,0.03,0.4365267236318783,"[2054, 1546, 12, 14, 527, 1553, 35, 38, 553, 1068, 49, 54, 58, 62, 67, 1092, 582, 1098, 75, 2126, 86, 5216, 5731, 614, 1128, 624, 1651, 632, 644, 2696, 141, 1697, 162, 163, 172, 190, 1231, 2250, 231, 220, 8446, 2303, 1285, 4359, 276, 3354, 171, 806, 7502, 1873, 5971, 4436, 851, 856, 362, 881, 7539, 1907, 4468, 382, 1904, 1326, 824, 1332, 3374, 4484, 4472, 808, 4486, 1461, 458, 4478]"
0.12,0.02,0.3654684932738492,"[3078, 2571, 5649, 6674, 8211, 6172, 5668, 7214, 4144, 1075, 4149, 3128, 4665, 3135, 2120, 5707, 594, 2660, 5732, 108, 8300, 5232, 3184, 5239, 638, 6281, 3725, 5774, 4249, 6812, 5277, 5792, 5797, 3758, 6833, 1213, 193, 6346, 7372, 6871, 2775, 7897, 3294, 224, 7905, 3810, 5865, 5363, 5882, 4346, 1792, 768, 3344, 4882, 5907, 2841, 1315, 7459, 3880, 2345, 7982, 815, 316, 5448, 2381, 7502, 5969, 8018, 1874, 6996, 6998, 7511, 7517, 4958, 4449, 356, 2917, 8567, 888, 8058, 4474, 8595, 2451, 2965, 3991, 928, 1450, 7083, 7082]"
0.15,0.03,0.43215639659467087,"[1026, 1546, 13, 527, 15, 17, 1553, 16, 24, 260, 26, 4359, 5388, 40, 553, 42, 1068, 49, 271, 58, 62, 67, 1092, 582, 1098, 75, 2327, 6428, 4901, 614, 1836, 7469, 1841, 1842, 1847, 2359, 4411, 4926, 104, 3400, 6988, 7502, 5971, 4436, 7006, 2250, 1231, 214, 231, 8446, 220, 4977, 893, 1928, 5512, 190, 162, 172, 173, 171, 163, 165, 2214, 7050, 144, 1419, 6027, 132, 6028, 8591, 4497, 8093, 7584, 8097, 6052, 2472, 4015, 2994, 7091, 446, 1480, 8136, 3021, 8459, 920, 951]"
0.2,0.02,0.4195673533883637,"[527, 16, 17, 1553, 5653, 24, 4144, 1075, 4149, 3128, 3185, 4236, 1684, 5827, 2762, 2255, 1248, 5860, 8434, 1785, 5370, 3323, 6910, 260, 271, 2327, 6428, 4901, 1836, 7469, 2863, 1841, 2359, 1847, 4411, 4926, 833, 3400, 6988, 7502, 5971, 4436, 7006, 4977, 893, 1928, 5512, 7050, 6027, 6028, 1419, 8590, 8591, 4497, 920, 7069, 8093, 7584, 8097, 1443, 6052, 2472, 4015, 2993, 2994, 7091, 951, 446, 1480, 8136, 8144, 6610, 7124, 7638, 4065, 8177, 1521, 1009, 7671, 3582, 8568]"
0.98,0.0,0.1236411632648291,"[1112, 4285, 5617]"
0.65,0.02,0.4175644781139659,"[1546, 7691, 13, 14, 15, 1553, 24, 25, 30, 32, 35, 806, 40, 553, 808, 4139, 1068, 173, 1326, 49, 1332, 54, 58, 62, 190, 67, 1092, 582, 1098, 75, 2250, 86, 214, 5240, 1785, 5370]"
0.24,0.03,0.427479124314153,"[1026, 3078, 1546, 13, 15, 527, 17, 1553, 16, 20, 24, 25, 26, 30, 35, 40, 42, 1068, 49, 54, 58, 62, 67, 1092, 70, 1094, 582, 1098, 75, 77, 590, 80, 132, 144, 165, 2214, 171, 2250, 8459, 8460, 1804, 8463, 276, 806, 808, 7467, 1326, 3374, 1332, 824, 1907, 4468, 4472, 889, 4478, 4486, 392, 920, 3490, 1443, 8104, 4015, 433, 946, 1970, 3507, 1461, 442, 7615, 7617, 5573, 458, 974, 989, 4065, 7671, 3582]"
0.04,0.02,0.4009248679102462,"[1792, 132, 1546, 8459, 4236, 7309, 269, 1684, 5143, 24, 4636, 1823, 8104, 8360, 1970, 1212, 192, 1292, 5827, 202, 2762, 7501, 2255, 5340, 989, 2654, 4192, 5729, 1248, 7524, 5860, 6251, 8434, 5240, 1785, 5370, 3323, 400, 4359, 5388, 271, 2327, 6428, 4901, 1836, 7469, 1841, 1842, 1847, 2359, 4411, 4926, 260, 833, 6988, 7502, 5971, 4436, 7006, 3400, 4977, 893, 6658, 1928, 5512, 1419, 6027, 6028, 8590, 4497, 920, 8093, 7584, 8097, 6052, 2472, 4015, 1480, 2994, 7091, 951, 7050, 446, 8136, 3015, 3185, 8144, 7124, 7638, 4065, 1521, 1443, 1009, 8177, 7671, 3582, 7069]"
0.28,0.03,0.43816116961298857,"[362, 5251, 3460, 8595, 2451, 2965, 2039, 3991, 928, 3508, 163, 419, 165, 2214, 1443, 1450, 171, 7083, 7082, 6574, 4015, 1918, 949, 54, 951, 824, 58, 62, 2506, 67, 1092, 5573, 1094, 582, 452, 6598, 458, 75, 2250, 77, 590, 3021, 80, 1873, 5202, 8144, 5971, 7502, 7124, 4436, 3030, 3544, 4571, 8058, 8567, 4065, 5858, 97, 356, 2917, 614, 4474, 8177, 1521, 888, 3829, 630, 7671, 1013, 889, 3702, 3062, 3582]"
0.39,0.03,0.48143848737706507,"[5573, 2054, 5735, 40, 553, 458, 12, 5262, 442, 17, 5258, 1461, 4236, 5388, 7311, 271, 5781, 920, 6428, 30, 162, 163, 1443, 4901, 165, 35, 2214, 42, 1836, 7469, 171, 1068, 172, 1841, 1842, 173, 49, 946, 54, 1847, 433, 1332, 62, 7615, 190, 67, 1092, 582, 1098, 75, 2250, 2126, 1231, 86, 214, 220, 5216, 614, 1128, 1904, 642, 4098]"
0.9,0.01,0.2676180236821719,"[4486, 2791, 946, 433, 1461, 442, 458, 8144, 735, 7638, 801]"
0.39,0.03,0.46073934921352955,"[1026, 2054, 1546, 12, 13, 5262, 1804, 527, 17, 15, 1553, 16, 5781, 20, 144, 8463, 1299, 24, 25, 26, 920, 30, 162, 163, 35, 165, 2214, 1443, 40, 553, 42, 171, 1068, 172, 173, 49, 946, 433, 1332, 1461, 54, 442, 62, 7615, 190, 67, 1092, 582, 1098, 75, 2250, 2126, 1231, 86, 214, 220, 5216, 614, 1128, 1904, 632, 4999]"
0.35,0.03,0.4164701288844638,"[2242, 35, 4486, 5258, 7890, 392, 16, 20, 144, 8463, 276, 24, 25, 26, 1785, 6429, 30, 1443, 165, 806, 2214, 40, 808, 42, 7467, 1068, 171, 1326, 3374, 49, 1332, 1461, 54, 824, 58, 62, 67, 1092, 70, 1094, 582, 1098, 75, 2250, 458, 77, 590, 80, 3521, 6910, 851, 97, 614, 624, 881, 1904, 1907, 4468, 4977, 8434, 1521, 4472, 5370, 3323, 893, 4478]"
0.05,0.04,0.4458158002714958,"[2796, 1546, 132, 13, 527, 15, 17, 1553, 16, 20, 24, 25, 26, 30, 35, 40, 553, 42, 1068, 49, 54, 58, 62, 67, 1092, 70, 1094, 582, 1098, 75, 77, 590, 80, 97, 614, 624, 1663, 144, 162, 163, 1131, 2214, 171, 172, 173, 2250, 1231, 214, 220, 231, 3829, 8446, 8459, 8460, 1804, 8463, 1299, 3425, 806, 808, 1326, 3374, 1332, 824, 1873, 851, 2303, 881, 1907, 4468, 1657, 4472, 889, 4478, 4486, 392, 906, 4492, 4496, 2454, 920, 413, 1443, 428, 429, 2993, 946, 3507, 433, 1461, 442, 7615, 458, 2016, 2026, 7467]"
0.31,0.03,0.4362803771144219,"[1928, 5512, 7050, 1419, 6027, 6028, 8590, 4497, 18, 920, 7069, 8093, 6429, 7584, 8097, 30, 6052, 1443, 35, 806, 2214, 40, 2472, 808, 42, 4523, 7467, 171, 2993, 163, 2994, 7091, 54, 58, 951, 62, 446, 824, 67, 1499, 1094, 582, 75, 2250, 77, 590, 97, 614, 247, 1480, 458, 8136, 4069, 3021, 7124, 7638, 4065, 8144, 1873, 1009, 1521, 1013, 7671, 3582, 8104, 433, 1970, 946, 989, 5601]"
0.79,0.01,0.33577420364194,"[1955, 806, 808, 3369, 40, 300, 173, 1326, 7727, 2993, 49, 946, 433, 1332, 1461, 54, 58, 62, 190, 67, 4472, 7419]"
0.93,0.0,0.21903396437757394,"[5729, 5735, 2696, 2505, 5258, 171, 7890, 3223]"
0.5,0.02,0.3966907721318935,"[5583, 4144, 1075, 4149, 3128, 4665, 3135, 1068, 49, 54, 58, 62, 67, 1092, 582, 70, 1094, 1098, 75, 77, 2126, 590, 80, 97, 614, 624, 1663, 132, 6801, 162, 172, 144, 1792, 173, 190, 5833, 163, 2214, 171, 2250, 1231, 247, 8446, 1443, 3021, 8463, 2993, 8144, 7124, 920, 7638]"
0.35,0.03,0.41137481254892616,"[1792, 132, 1546, 8459, 6802, 5833, 16, 20, 144, 8463, 276, 24, 25, 26, 1785, 6429, 30, 1443, 165, 806, 2214, 40, 808, 42, 7467, 1068, 171, 1326, 3374, 49, 1332, 1461, 54, 824, 58, 62, 67, 1092, 6613, 1094, 582, 1098, 75, 2250, 458, 77, 590, 80, 3521, 6910, 851, 97, 614, 624, 881, 1904, 1907, 4468, 4977, 8434, 1521, 4472, 5370, 3323, 893, 4478]"
0.36,0.03,0.4363813436329068,"[644, 1285, 2054, 4359, 2696, 1546, 12, 141, 14, 527, 1553, 276, 24, 3354, 1697, 162, 163, 38, 806, 808, 553, 171, 1068, 172, 1326, 3374, 49, 1332, 54, 824, 58, 62, 190, 1092, 582, 1098, 75, 2250, 2126, 1231, 7502, 1873, 5971, 4436, 851, 86, 856, 220, 5216, 5731, 614, 231, 1128, 362, 624, 1904, 881, 1651, 7539, 1907, 4468, 4470, 632, 8446, 2303]"
0.86,0.01,0.3511232112218522,"[769, 4354, 260, 2696, 894, 5262, 16, 920, 152, 3490, 419, 163, 165, 2214, 1443]"
0.89,0.01,0.31608783004709606,"[1792, 801, 132, 458, 8144, 433, 946, 1461, 7638, 442, 735, 4314]"
0.99,0.0,0.05960245191227753,"[7564, 7525]"
0.03,0.04,0.47380463450421917,"[1026, 1546, 13, 15, 527, 17, 1553, 16, 5143, 24, 25, 4636, 1068, 58, 62, 67, 1092, 582, 1098, 75, 2126, 86, 2654, 4192, 5216, 614, 1128, 6251, 624, 1651, 632, 5240, 3194, 4236, 7311, 1684, 8360, 171, 172, 173, 190, 2250, 1231, 220, 231, 753, 8446, 2303, 1285, 4359, 276, 806, 808, 1326, 3374, 1332, 824, 7502, 1873, 851, 4436, 2390, 856, 362, 1904, 881, 7539, 1907, 4468, 4470, 4472, 889, 4473, 4475, 4476, 382, 4478, 4484, 4486, 906, 4492, 4493, 4495, 4496, 402, 914, 3490, 1443, 428, 433, 1461, 951, 442, 7615, 458, 7638, 1013, 7927]"
0.33,0.03,0.42394422801544973,"[769, 4354, 260, 1546, 8459, 8460, 13, 1804, 527, 15, 17, 1553, 1299, 20, 144, 276, 8463, 920, 24, 25, 26, 30, 162, 163, 1443, 165, 2214, 35, 40, 553, 42, 171, 1068, 806, 808, 1326, 3374, 49, 946, 1663, 1332, 1461, 54, 824, 58, 62, 67, 1092, 582, 766, 1098, 75, 2250, 458, 590, 80, 1873, 851, 97, 614, 1904, 624, 881, 1907, 4468, 4472, 4478, 8446]"
0.81,0.01,0.3187686552533401,"[3460, 1837, 2993, 951, 442, 7615, 7617, 458, 8144, 7124, 7638, 220, 4065, 614, 1128, 3947, 624, 1904, 4472, 3582]"
0.84,0.01,0.27415965428462985,"[7584, 8097, 1443, 1928, 5512, 7050, 1419, 6027, 6028, 8590, 7069, 171, 2993, 4497, 920, 8093, 6140]"
0.46,0.01,0.40079633443623375,"[260, 1928, 5512, 7050, 6027, 4236, 6028, 1419, 527, 16, 17, 1553, 8591, 1684, 5653, 8590, 2327, 24, 6428, 7069, 4901, 1836, 7469, 7214, 2863, 4144, 1841, 2994, 1075, 4149, 1847, 3128, 4411, 4926, 833, 5827, 1480, 3400, 2762, 6988, 7502, 2255, 6910, 271, 1248, 5860, 3185, 8177, 8434, 7671, 1785, 5370, 3323, 3582, 7043]"
0.4,0.01,0.35534764939927255,"[7214, 4144, 1075, 4149, 3128, 4665, 3135, 2120, 3501, 594, 2660, 108, 5232, 3184, 3185, 5239, 5755, 124, 638, 5258, 4236, 7311, 5781, 1733, 8394, 2251, 2774, 8434, 1785, 5370, 3323, 6910, 1792, 8448, 4354, 1285, 4359, 5388, 271, 6428, 4901, 1836, 1837, 7469, 1841, 1842, 2359, 1847, 7482, 4411, 4926, 833, 3400, 6988, 5971, 4436, 7006, 3947, 4977, 893, 1928]"
0.22,0.04,0.44173232727866585,"[1026, 1546, 13, 527, 15, 17, 1553, 16, 24, 25, 26, 30, 35, 40, 42, 1068, 49, 54, 62, 67, 1092, 582, 1098, 2126, 86, 5216, 124, 132, 4230, 144, 162, 163, 165, 2214, 171, 172, 173, 190, 2250, 1231, 214, 220, 231, 8446, 8459, 8460, 1804, 8463, 1299, 276, 806, 808, 1332, 824, 1873, 851, 1904, 881, 1907, 4468, 4472, 889, 906, 4492, 4493, 402, 914, 920, 3490, 1443, 8104, 428, 4015, 433, 1970, 3507, 946, 1461, 3392]"
0.78,0.01,0.38722425094491875,"[24, 25, 26, 30, 35, 40, 1068, 49, 2993, 54, 58, 62, 67, 1092, 582, 70, 1094, 1098, 75, 77, 2126, 590, 80]"
0.25,0.03,0.441028178494963,"[904, 13, 14, 527, 2054, 1546, 24, 12, 141, 20, 1443, 165, 2214, 171, 1697, 163, 1461, 54, 162, 38, 58, 3760, 62, 4926, 67, 192, 7774, 4801, 3778, 5827, 2762, 2255, 1248, 5860, 8434, 1785, 5370, 3323, 6910, 920, 4354, 1285, 4359, 5388, 271, 2327, 6428, 4901, 1836, 833, 7469, 1841, 1842, 1847, 2359, 4411, 260, 7502, 1873, 851, 362, 1904, 1907, 889, 4468, 4472, 392, 906, 4492, 4496, 413, 4523, 6988, 429, 3070, 856]"
0.7,0.01,0.3417285920873492,"[1026, 132, 4486, 2696, 904, 5258, 8463, 16, 144, 20, 152, 24, 25, 26, 920, 3490, 419, 163, 1443, 294, 165, 171, 2993, 3021, 8144, 7124, 7638, 4065, 5996, 1521, 4478]"
0.1,0.03,0.39594054306104165,"[8200, 14, 527, 5143, 24, 4636, 2654, 4192, 5729, 6251, 5240, 3194, 4236, 7311, 1684, 8360, 5812, 1212, 190, 192, 4801, 3778, 5827, 202, 2762, 2250, 2255, 1231, 214, 220, 1248, 5860, 231, 8434, 1785, 5370, 3323, 6910, 8446, 769, 4354, 1285, 4359, 7946, 5388, 8460, 1804, 271, 8463, 276, 2327, 6428, 4901, 806, 808, 7467, 1836, 7469, 1326, 1841, 1842, 1847, 2359, 4411, 4926, 6988, 7501, 5971, 4436, 856, 1369, 4977, 4470, 4476, 893, 5505, 6027, 6028, 4497, 920, 8093, 7584, 8097, 1443, 6052, 2472, 4015, 433, 1970, 1461, 442]"
0.14,0.04,0.4607753831852882,"[1026, 2054, 1546, 12, 13, 5262, 1804, 527, 17, 15, 1553, 16, 5781, 20, 144, 26, 42, 1383, 25, 1299, 8463, 30, 162, 163, 35, 165, 2214, 1443, 40, 553, 2126, 171, 1068, 172, 173, 49, 946, 433, 1332, 1461, 54, 442, 62, 7615, 190, 67, 1092, 582, 1098, 75, 2250, 920, 1231, 86, 214, 220, 5216, 614, 1128, 1904, 632, 4999, 2832, 276, 806, 808, 7467, 1326, 824, 1873, 851, 856, 1369, 881, 1907, 4468, 4470, 4472, 889, 4476, 4492, 413, 429, 3507, 458, 1513, 6896]"
0.03,0.04,0.439739441586391,"[1792, 132, 4236, 1546, 8459, 7309, 269, 1684, 5143, 4636, 1823, 26, 24, 30, 35, 40, 553, 42, 1068, 49, 54, 58, 62, 67, 1092, 1107, 1094, 582, 1098, 75, 77, 590, 80, 97, 614, 624, 1663, 144, 162, 163, 165, 2214, 171, 172, 173, 2250, 1231, 214, 220, 231, 3829, 8446, 7423, 8460, 1804, 8463, 1299, 276, 3867, 806, 808, 7467, 1326, 3374, 1332, 824, 1873, 851, 2928, 1904, 881, 1907, 4468, 4472, 889, 4478, 4486, 392, 906, 7564, 4492, 4496, 2454, 920, 413, 1443, 429, 433, 946, 2993, 3507, 1461, 442, 7615, 458, 2016, 2026, 7114]"
0.63,0.02,0.3727550253864862,"[4486, 142, 400, 5779, 7834, 808, 3369, 173, 1326, 946, 1332, 58, 442, 4666, 62, 190, 832, 67, 1092, 582, 1098, 2250, 4172, 2126, 1231, 851, 1248, 2273, 7524, 5860, 3430, 6251, 8434, 1910, 5240, 1785, 5370, 6540]"
0.98,0.0,0.24255021235576502,"[588, 1546, 5617]"
0.55,0.02,0.43359687807682423,"[1026, 132, 8456, 1546, 13, 15, 527, 17, 1553, 16, 144, 24, 25, 26, 162, 35, 163, 165, 2214, 40, 553, 42, 171, 1068, 172, 173, 54, 58, 62, 190, 67, 1092, 582, 73, 1098, 75, 2250, 2126, 1231, 86, 214, 5216, 614, 1128, 624, 632]"
0.11,0.03,0.48882070197518335,"[5729, 769, 5505, 8200, 7946, 202, 14, 527, 7501, 5143, 4636, 24, 2654, 4192, 6251, 5240, 3194, 4236, 7311, 1684, 753, 8360, 5812, 1212, 1092, 70, 40, 1094, 582, 1098, 75, 3189, 553, 590, 80, 4538, 173, 97, 172, 4065, 951, 614, 3582, 433, 3400, 1096, 8136, 644, 1009, 5966, 3923, 3185, 124, 4926, 382, 222, 190, 1521, 428, 7502, 833, 6988, 856, 1872, 7638, 8177, 214, 889, 1013, 1231, 6021, 2976, 7050, 7069, 5065, 3490, 920, 7976, 4015, 2994, 3021, 7124, 8144, 7091, 1332, 442, 446, 1215, 1480, 458]"
